0 0.39921875 0.2515625 0.0390625 0.065625
0 0.25078125 0.284375 0.11875 0.0796875
0 0.07421875 0.2171875 0.1484375 0.15
4 0.384375 0.40234375 0.06875 0.1515625
4 0.24296875 0.41796875 0.1734375 0.1234375
4 0.09453125 0.42109375 0.1890625 0.1171875
0 0.39296875 0.01015625 0.0515625 0.0203125
5 0.22734375 0.0078125 0.1046875 0.015625
5 0.06796875 0.0765625 0.1359375 0.146875
3 0.26328125 0.34375 0.0578125 0.034375
3 0.0828125 0.3390625 0.1140625 0.06875
5 0.06875 0.07109375 0.1375 0.1421875
5 0.2546875 0.3578125 0.221875 0.24375
5 0.1515625 0.3046875 0.303125 0.35
5 0.3703125 0.34453125 0.096875 0.2703125
0 0.865625 0.23984375 0.26875 0.4796875
7 0.51796875 0.23984375 0.1984375 0.4796875
5 0.709375 0.23984375 0.58125 0.4796875
5 0.296875 0.54765625 0.1 0.1359375
5 0.71875 0.634375 0.43125 0.309375
5 0.9390625 0.821875 0.121875 0.35625