2 0.05078125 0.49609375 0.1015625 0.0828125
2 0.30390625 0.38359375 0.125 0.128125
2 0.26015625 0.04765625 0.0875 0.053125
2 0.09140625 0.08125 0.06875 0.04375
3 0.0859375 0.1390625 0.0375 0.034375
3 0.2671875 0.11640625 0.053125 0.040625
3 0.3453125 0.46796875 0.06875 0.0484375
3 0.03828125 0.60390625 0.071875 0.0359375
4 0.06796875 0.65390625 0.1359375 0.1921875
4 0.36640625 0.5375 0.1671875 0.2875
4 0.28125 0.22890625 0.1765625 0.1765625
4 0.0953125 0.2484375 0.121875 0.203125
5 0.096875 0.64921875 0.19375 0.2015625
5 0.1078125 0.59140625 0.215625 0.3171875
5 0.321875 0.5328125 0.25625 0.434375
5 0.096875 0.2828125 0.1796875 0.4609375
5 0.28828125 0.25546875 0.23125 0.4859375
8 0.696875 0.375 0.49375 0.75
7 0.8609375 0.2171875 0.040625 0.04375
5 0.86171875 0.21171875 0.0703125 0.0609375
7 0.6140625 0.221875 0.05 0.053125
5 0.61640625 0.20859375 0.0515625 0.08125
8 0.2546875 0.875 0.390625 0.25
1 0.63203125 0.93984375 0.1078125 0.1203125
4 0.6 0.875 0.228125 0.25
5 0.6171875 0.875 0.334375 0.25