5 0.13515625 0.0890625 0.2515625 0.178125
8 0.71953125 0.2 0.5609375 0.4
7 0.65546875 0.35234375 0.0234375 0.05625
5 0.64609375 0.34453125 0.0484375 0.1109375
8 0.21953125 0.7 0.4390625 0.6
0 0.4953125 0.77578125 0.0765625 0.0734375
2 0.72734375 0.98828125 0.1234375 0.0234375
2 0.8265625 0.921875 0.128125 0.0828125
2 0.86953125 0.5171875 0.06875 0.04375
2 0.703125 0.58515625 0.0375 0.021875
3 0.49296875 0.83203125 0.0390625 0.0328125
3 0.7015625 0.6125 0.021875 0.0171875
3 0.86640625 0.57265625 0.0390625 0.034375
4 0.590625 0.88828125 0.146875 0.1421875
4 0.878125 0.68125 0.121875 0.2
4 0.7140625 0.65546875 0.0734375 0.0671875
5 0.7109375 0.7078125 0.10625 0.278125
5 0.5640625 0.86640625 0.2125 0.2671875
5 0.871875 0.92734375 0.25625 0.1453125
5 0.8796875 0.7140625 0.1828125 0.4515625
5 0.9734375 0.68203125 0.053125 0.4796875