0 0.40546875 0.1734375 0.13125 0.10625
3 0.4078125 0.28203125 0.0703125 0.0515625
7 0.453125 0.3625 0.253125 0.203125
5 0.44453125 0.30625 0.3171875 0.3875
8 0.81953125 0.25 0.3609375 0.5
8 0.81953125 0.1046875 0.3609375 0.209375
7 0.7 0.203125 0.0265625 0.0609375
4 0.7515625 0.2015625 0.0109375 0.0375
5 0.77265625 0.20703125 0.0671875 0.1390625
9 0.0984375 0.853125 0.196875 0.175
0 0.215625 0.609375 0.065625 0.103125
3 0.24765625 0.64296875 0.025 0.0640625
0 0.296875 0.63359375 0.0328125 0.05
7 0.303125 0.75859375 0.0671875 0.1734375
7 0.2609375 0.8265625 0.1328125 0.2984375
5 0.2625 0.75 0.184375 0.5
5 0.30625 0.77109375 0.125 0.4578125
8 0.81953125 0.8203125 0.3609375 0.359375