0 0.14609375 0.26015625 0.1375 0.1109375
0 0.31484375 0.3265625 0.1390625 0.1625
0 0.053125 0.38828125 0.10625 0.1078125
0 0.27265625 0.4171875 0.1625 0.115625
0 0.75859375 0.4375 0.1765625 0.171875
0 0.36796875 0.575 0.153125 0.1765625
0 0.04765625 0.6453125 0.0953125 0.159375
0 0.696875 0.70859375 0.1296875 0.1296875
0 0.39296875 0.7484375 0.18125 0.1859375
5 0.9125 0.1109375 0.175 0.103125
5 0.9125 0.2234375 0.175 0.103125
4 0.48046875 0.25703125 0.1203125 0.14375
4 0.478125 0.06796875 0.103125 0.1265625
5 0.478125 0.08671875 0.196875 0.1734375
5 0.47421875 0.26953125 0.203125 0.1890625
5 0.21171875 0.07421875 0.15625 0.1484375
5 0.21796875 0.22578125 0.1484375 0.19375
4 0.21171875 0.253125 0.1140625 0.1234375
2 0.18203125 0.1640625 0.075 0.0328125
4 0.21328125 0.07578125 0.140625 0.128125
0 0.14609375 0.07578125 0.140625 0.096875
3 0.17890625 0.0109375 0.0453125 0.021875
5 0.15390625 0.05859375 0.153125 0.1171875
5 0.05234375 0.07421875 0.1046875 0.1375
5 0.046875 0.25859375 0.09375 0.1578125
4 0.03984375 0.2625 0.0796875 0.115625
4 0.040625 0.05234375 0.08125 0.1046875
0 0.31875 0.03984375 0.128125 0.0796875
0 0.03984375 0.971875 0.0796875 0.05625
0 0.390625 0.921875 0.146875 0.15625
2 0.23125 0.97890625 0.1 0.0421875
2 0.23515625 0.65078125 0.1 0.1140625
3 0.2890625 0.68125 0.0265625 0.040625
4 0.2046875 0.78984375 0.153125 0.1234375
4 0.20703125 0.90546875 0.1734375 0.1140625
0 0.69765625 0.9515625 0.1359375 0.096875
0 0.7046875 0.6109375 0.140625 0.1109375
4 0.70390625 0.53359375 0.090625 0.1109375
4 0.58203125 0.60625 0.1546875 0.203125
2 0.5875 0.4671875 0.090625 0.0890625
3 0.51796875 0.52265625 0.0359375 0.040625
5 0.32421875 0.38046875 0.19375 0.275
0 0.16328125 0.32109375 0.1671875 0.2359375
0 0.08828125 0.44609375 0.1765625 0.2328125
4 0.159375 0.39375 0.115625 0.109375
4 0.07265625 0.50390625 0.1453125 0.1109375
4 0.37109375 0.39296875 0.065625 0.1421875
4 0.21171875 0.56484375 0.1640625 0.165625
4 0.61796875 0.76796875 0.1140625 0.1046875
4 0.625 0.90859375 0.1375 0.10625
5 0.6484375 0.92421875 0.271875 0.1515625
5 0.6515625 0.73203125 0.2796875 0.16875
5 0.7390625 0.50546875 0.2078125 0.2359375
5 0.565625 0.5625 0.290625 0.3125
5 0.2125 0.71875 0.1984375 0.253125
5 0.21796875 0.9203125 0.1984375 0.159375
5 0.3671875 0.5734375 0.1515625 0.1796875
5 0.2421875 0.50859375 0.221875 0.3046875