4 0.1875 0.259375 0.375 0.51875
4 0.50546875 0.26796875 0.3671875 0.5015625
5 0.2578125 0.259375 0.515625 0.51875
5 0.48203125 0.259375 0.4140625 0.51875
0 0.9765625 0.1625 0.0375 0.0421875
0 0.89140625 0.246875 0.046875 0.0671875
3 0.96484375 0.2046875 0.0234375 0.0234375
4 0.8703125 0.3375 0.0671875 0.1140625
4 0.9546875 0.2578125 0.065625 0.10625
3 0.896875 0.2796875 0.0140625 0.015625
5 0.89140625 0.36328125 0.1921875 0.3109375
5 0.94296875 0.29921875 0.1140625 0.3296875
7 0.3859375 0.5828125 0.234375 0.128125
5 0.3765625 0.759375 0.6 0.48125
8 0.84453125 0.58828125 0.3109375 0.1390625