0 0.11953125 0.109375 0.0796875 0.0546875
0 0.234375 0.08515625 0.0359375 0.021875
0 0.16953125 0.10234375 0.04375 0.0234375
0 0.378125 0.09453125 0.0375 0.0234375
0 0.428125 0.0609375 0.034375 0.021875
0 0.390625 0.0765625 0.034375 0.01875
0 0.18671875 0.084375 0.028125 0.0171875
3 0.37109375 0.1109375 0.0109375 0.009375
1 0.23984375 0.1015625 0.0171875 0.0125
3 0.175 0.12265625 0.0140625 0.0140625
3 0.10625 0.153125 0.0390625 0.025
7 0.146875 0.2453125 0.1640625 0.190625
7 0.23046875 0.128125 0.046875 0.0625
7 0.4109375 0.10234375 0.03125 0.025
7 0.43515625 0.1171875 0.0296875 0.075
4 0.39921875 0.14921875 0.0609375 0.0796875
4 0.19765625 0.1265625 0.021875 0.0359375
4 0.18203125 0.159375 0.065625 0.071875
5 0.42734375 0.14296875 0.0453125 0.1953125
5 0.40390625 0.15546875 0.0703125 0.1828125
5 0.396875 0.171875 0.075 0.1875
5 0.24296875 0.16015625 0.0921875 0.1828125
5 0.1953125 0.165625 0.065625 0.1828125
5 0.17734375 0.12890625 0.0546875 0.078125
5 0.16015625 0.30625 0.2203125 0.465625
4 0.79765625 0.01953125 0.0265625 0.0390625
5 0.790625 0.08359375 0.06875 0.1671875
1 0.3859375 0.76484375 0.128125 0.2265625
5 0.321875 0.76953125 0.25625 0.4609375
5 0.5734375 0.7921875 0.084375 0.3265625
5 0.509375 0.76328125 0.075 0.3
5 0.71484375 0.79921875 0.3921875 0.4015625
5 0.90703125 0.78828125 0.1859375 0.4234375
2 0.91796875 0.68359375 0.1640625 0.1734375
2 0.67734375 0.690625 0.153125 0.159375
2 0.5703125 0.6421875 0.015625 0.0234375
2 0.49921875 0.6265625 0.01875 0.021875
4 0.503125 0.6953125 0.04375 0.09375
4 0.57578125 0.73828125 0.0421875 0.1171875
1 0.9265625 0.91796875 0.146875 0.1640625
1 0.66796875 0.91640625 0.1296875 0.1671875