0 0.35390625 0.465625 0.0578125 0.065625
0 0.16484375 0.3984375 0.0890625 0.1125
0 0.4609375 0.69609375 0.025 0.03125
0 0.73359375 0.64375 0.0375 0.0390625
2 0.8140625 0.69296875 0.0265625 0.0328125
4 0.81640625 0.76640625 0.046875 0.0953125
7 0.74453125 0.7453125 0.040625 0.1296875
4 0.47265625 0.7578125 0.046875 0.0796875
5 0.815625 0.8078125 0.065625 0.2625
5 0.73515625 0.790625 0.0625 0.3328125
5 0.4703125 0.8078125 0.053125 0.25625
5 0.3515625 0.71484375 0.1234375 0.5625
5 0.15234375 0.67109375 0.2921875 0.6578125
4 0.18359375 0.6109375 0.178125 0.3046875
4 0.34375 0.6171875 0.084375 0.184375
4 0.453125 0.3921875 0.015625 0.0328125
0 0.4546875 0.365625 0.0125 0.0140625
5 0.45625 0.4140625 0.028125 0.115625