0 0.4 0.08203125 0.159375 0.1640625
8 0.05625 0.21328125 0.1125 0.4265625
7 0.36328125 0.36640625 0.2328125 0.2671875
3 0.40390625 0.24375 0.1078125 0.103125
5 0.253125 0.25 0.453125 0.5
2 0.859375 0.46953125 0.13125 0.0609375
2 0.759375 0.3796875 0.1359375 0.0921875
2 0.52109375 0.24609375 0.0828125 0.1390625
2 0.8984375 0.0390625 0.040625 0.025
3 0.8984375 0.06640625 0.025 0.01875
3 0.728125 0.01796875 0.040625 0.0359375
3 0.75234375 0.4828125 0.0734375 0.034375
4 0.96328125 0.35703125 0.0734375 0.1515625
4 0.71875 0.46640625 0.15 0.0671875
4 0.55078125 0.09375 0.1421875 0.1875
4 0.7140625 0.12734375 0.134375 0.2140625
4 0.884375 0.1109375 0.0796875 0.0734375
5 0.8875 0.16484375 0.1234375 0.2921875
5 0.95703125 0.346875 0.0859375 0.30625
5 0.703125 0.4015625 0.296875 0.196875
5 0.71015625 0.19921875 0.2078125 0.3984375
5 0.56484375 0.18515625 0.1703125 0.3703125
8 0.23984375 0.75 0.4796875 0.5