0 0.9171875 0.13671875 0.0875 0.0625
0 0.79296875 0.1984375 0.0890625 0.1125
3 0.79765625 0.215625 0.046875 0.0484375
3 0.93359375 0.22265625 0.05625 0.065625
4 0.95859375 0.36015625 0.0828125 0.2796875
7 0.803125 0.37578125 0.2125 0.2484375
5 0.778125 0.31484375 0.365625 0.3703125
5 0.9109375 0.25 0.178125 0.5
1 0.23671875 0.2984375 0.4484375 0.403125
2 0.23046875 0.07421875 0.4609375 0.1484375
4 0.23046875 0.42265625 0.4609375 0.1546875
5 0.23046875 0.25 0.4609375 0.5
4 0.73046875 0.89765625 0.5390625 0.2046875
1 0.79609375 0.6984375 0.4078125 0.396875
5 0.73046875 0.75 0.5390625 0.5
3 0.38046875 0.68125 0.1609375 0.3625
7 0.23046875 0.8421875 0.4609375 0.315625
5 0.23046875 0.75 0.4609375 0.5