2 0.26640625 0.14296875 0.0109375 0.0109375
2 0.31796875 0.13984375 0.0125 0.0125
2 0.3265625 0.1546875 0.0109375 0.0109375
4 0.2578125 0.17734375 0.025 0.0359375
4 0.3046875 0.171875 0.0171875 0.0328125
4 0.321875 0.18671875 0.025 0.034375
5 0.31640625 0.20859375 0.053125 0.125
5 0.30859375 0.16328125 0.0328125 0.0625
5 0.28046875 0.16953125 0.0390625 0.0734375
4 0.27890625 0.16953125 0.0265625 0.040625
4 0.25546875 0.1890625 0.04375 0.109375
7 0.1484375 0.203125 0.296875 0.371875
3 0.12421875 0.04453125 0.1078125 0.0890625
5 0.178125 0.19453125 0.35625 0.3890625
6 0.7125 0.32265625 0.0546875 0.0828125
6 0.88515625 0.3015625 0.0296875 0.053125
4 0.61171875 0.12421875 0.0109375 0.0203125
5 0.6125 0.13125 0.0234375 0.0546875
9 0.74453125 0.34453125 0.5109375 0.0890625
8 0.24765625 0.665625 0.2171875 0.1578125
4 0.1421875 0.703125 0.0375 0.053125
2 0.14609375 0.66171875 0.015625 0.0125
3 0.14375 0.6734375 0.0140625 0.0109375
5 0.13203125 0.72109375 0.0703125 0.1390625
9 0.428125 0.7375 0.121875 0.065625
6 0.85859375 0.60078125 0.0234375 0.0421875
6 0.66796875 0.54921875 0.0296875 0.0484375
9 0.74453125 0.69453125 0.5109375 0.6109375