0 0.190625 0.03203125 0.153125 0.0640625
3 0.1125 0.08515625 0.05 0.0609375
3 0.184375 0.08515625 0.0609375 0.065625
4 0.23359375 0.18203125 0.2328125 0.2953125
4 0.1140625 0.21796875 0.08125 0.2234375
4 0.025 0.19609375 0.05 0.2671875
5 0.05 0.16484375 0.1 0.3296875
5 0.09921875 0.16484375 0.1984375 0.3296875
5 0.20078125 0.16484375 0.2984375 0.3296875
1 0.06015625 0.60078125 0.1203125 0.3265625
4 0.1453125 0.846875 0.290625 0.30625
5 0.175 0.66484375 0.35 0.6703125
7 0.734375 0.50390625 0.153125 0.2125
3 0.7359375 0.41015625 0.0359375 0.05
0 0.7390625 0.35 0.05625 0.040625
5 0.7390625 0.66484375 0.203125 0.6703125