0 0.50703125 0.090625 0.1046875 0.18125
0 0.37421875 0.13828125 0.159375 0.1765625
0 0.0796875 0.165625 0.1375 0.1296875
3 0.0859375 0.2953125 0.0875 0.075
3 0.3453125 0.29765625 0.0984375 0.0875
3 0.53046875 0.37578125 0.0578125 0.1484375
4 0.096875 0.390625 0.19375 0.11875
5 0.12734375 0.2734375 0.2546875 0.353125
5 0.31875 0.246875 0.325 0.40625
5 0.48515625 0.225 0.1484375 0.45
1 0.7796875 0.2421875 0.440625 0.340625
4 0.7796875 0.40078125 0.440625 0.0984375
5 0.7796875 0.225 0.440625 0.45
4 0.1796875 0.5984375 0.278125 0.296875
0 0.3171875 0.48125 0.09375 0.0625
5 0.2296875 0.725 0.459375 0.55
8 0.91171875 0.725 0.1765625 0.55