2 0.35703125 0.46171875 0.06875 0.0875
3 0.34765625 0.5109375 0.034375 0.0390625
4 0.29296875 0.5453125 0.1359375 0.0875
5 0.30078125 0.49453125 0.1890625 0.1890625
0 0.02421875 0.80390625 0.0484375 0.0859375
4 0.12890625 0.9125 0.2578125 0.175
5 0.209375 0.875 0.41875 0.25
4 0.84765625 0.70859375 0.23125 0.1109375
4 0.74921875 0.93046875 0.2203125 0.1390625
0 0.790625 0.8421875 0.11875 0.0625
2 0.99140625 0.721875 0.0171875 0.059375
3 0.971875 0.7390625 0.0390625 0.034375
5 0.84765625 0.77109375 0.3046875 0.2484375
5 0.75859375 0.89921875 0.3359375 0.2015625