4 0.43671875 0.209375 0.0640625 0.41875
5 0.0890625 0.209375 0.178125 0.41875
5 0.34921875 0.209375 0.2390625 0.41875
8 0.734375 0.209375 0.53125 0.41875
8 0.846875 0.209375 0.30625 0.41875
0 0.91953125 0.284375 0.015625 0.0125
3 0.92109375 0.2984375 0.0109375 0.0109375
4 0.92578125 0.31328125 0.0234375 0.034375
5 0.9328125 0.31640625 0.0515625 0.084375
1 0.334375 0.85078125 0.26875 0.2640625
2 0.290625 0.609375 0.35625 0.28125
4 0.234375 0.8921875 0.46875 0.215625
5 0.234375 0.709375 0.46875 0.58125