0 0.0171875 0.07578125 0.034375 0.1140625
4 0.3421875 0.2234375 0.165625 0.2734375
4 0.02265625 0.334375 0.0453125 0.28125
3 0.3078125 0.0890625 0.05 0.040625
3 0.01015625 0.18359375 0.0203125 0.0484375
5 0.078125 0.296875 0.15625 0.565625
5 0.30703125 0.28984375 0.3421875 0.5796875
7 0.6375 0.09140625 0.096875 0.1828125
5 0.6453125 0.26875 0.1125 0.5375
8 0.29453125 0.78984375 0.5890625 0.4203125
7 0.09453125 0.7359375 0.0265625 0.03125
5 0.08671875 0.73203125 0.0453125 0.04375
0 0.7796875 0.6109375 0.1 0.0625
1 0.771875 0.70625 0.071875 0.0828125
7 0.7625 0.8703125 0.19375 0.259375
5 0.76484375 0.78984375 0.3515625 0.4203125