1 0.1515625 0.28515625 0.1109375 0.115625
2 0.2171875 0.0140625 0.078125 0.028125
3 0.2453125 0.090625 0.040625 0.040625
3 0.31640625 0.33046875 0.071875 0.071875
2 0.321875 0.1390625 0.15625 0.128125
2 0.178125 0.11171875 0.1203125 0.1265625
4 0.31015625 0.5390625 0.1796875 0.4
4 0.14296875 0.53515625 0.2390625 0.4078125
5 0.0328125 0.36953125 0.065625 0.7390625
5 0.21953125 0.06875 0.0984375 0.1375
5 0.15078125 0.3890625 0.3015625 0.7
5 0.26015625 0.3828125 0.2796875 0.7125
5 0.51796875 0.04453125 0.2359375 0.0890625
5 0.6140625 0.04765625 0.2375 0.0953125
5 0.9546875 0.0359375 0.090625 0.071875
5 0.91484375 0.3875 0.1703125 0.56875
5 0.925 0.703125 0.15 0.071875
5 0.5859375 0.34765625 0.25 0.53125
5 0.51640625 0.4046875 0.2328125 0.66875
4 0.94921875 0.37578125 0.1015625 0.4609375
4 0.9609375 0.0265625 0.078125 0.053125
7 0.5046875 0.25078125 0.209375 0.2609375
7 0.6296875 0.2453125 0.11875 0.2296875
0 0.4328125 0.04296875 0.065625 0.0671875
0 0.55859375 0.0453125 0.11875 0.0734375
0 0.55234375 0.11640625 0.121875 0.0828125
0 0.43515625 0.115625 0.0703125 0.08125
2 0.159375 0.98359375 0.2875 0.0328125
3 0.109375 0.88203125 0.1109375 0.040625
4 0.0953125 0.821875 0.190625 0.165625
5 0.190625 0.86953125 0.38125 0.2609375
5 0.7 0.934375 0.6 0.13125