6 0.4296875 0.275 0.21875 0.55
6 0.26953125 0.275 0.5390625 0.55
5 0.85625 0.4375 0.11875 0.225
5 0.9671875 0.40078125 0.065625 0.2515625
4 0.8328125 0.39765625 0.0375 0.0515625
4 0.99140625 0.35078125 0.0171875 0.0703125
3 0.8328125 0.36875 0.0078125 0.0125
3 0.99453125 0.3203125 0.0078125 0.009375
0 0.98984375 0.2953125 0.0203125 0.03125
0 0.825 0.35 0.0265625 0.0328125
1 0.76953125 0.815625 0.4609375 0.36875
2 0.76953125 0.6171875 0.4609375 0.134375
4 0.76953125 0.928125 0.4609375 0.14375
5 0.76953125 0.775 0.4609375 0.45