3 0.92734375 0.1765625 0.1453125 0.246875
1 0.7421875 0.18984375 0.4625 0.3796875
5 0.84375 0.18984375 0.3125 0.3796875
4 0.75546875 0.328125 0.4890625 0.103125
5 0.75546875 0.18984375 0.4890625 0.3796875
3 0.06796875 0.04375 0.1359375 0.0875
4 0.1921875 0.1 0.384375 0.2
5 0.25546875 0.12578125 0.5109375 0.2515625
3 0.203125 0.3421875 0.25625 0.075
2 0.1515625 0.20625 0.2484375 0.1375
5 0.25546875 0.2375 0.5109375 0.284375
8 0.25546875 0.68984375 0.5109375 0.6203125
8 0.40078125 0.68984375 0.2203125 0.6203125
5 0.14375 0.62421875 0.115625 0.1765625
4 0.12578125 0.603125 0.028125 0.065625