3 0.95078125 0.23125 0.0984375 0.246875
1 0.725 0.20234375 0.55 0.4046875
5 0.8703125 0.21953125 0.259375 0.4390625
4 0.725 0.38828125 0.55 0.1015625
5 0.725 0.21953125 0.55 0.4390625
6 0.81953125 0.8078125 0.0578125 0.0984375
6 0.96484375 0.6734375 0.0203125 0.0421875
6 0.8109375 0.68203125 0.01875 0.040625
6 0.68984375 0.68671875 0.01875 0.034375
6 0.57890625 0.6984375 0.0171875 0.034375
6 0.5046875 0.69921875 0.015625 0.0328125
6 0.47421875 0.7 0.0171875 0.034375
6 0.4921875 0.69296875 0.015625 0.034375
6 0.83671875 0.66796875 0.015625 0.034375
6 0.7234375 0.6765625 0.0171875 0.034375
6 0.63515625 0.6859375 0.015625 0.034375
9 0.725 0.89375 0.55 0.2125
8 0.225 0.7375 0.45 0.525