0 0.3796875 0.61171875 0.015625 0.015625
4 0.3875 0.64921875 0.0328125 0.05625
0 0.875 0.521875 0.034375 0.04375
0 0.90546875 0.53359375 0.0390625 0.0453125
7 0.86796875 0.596875 0.059375 0.1125
7 0.92890625 0.62265625 0.0640625 0.1296875
5 0.921875 0.68203125 0.08125 0.35
5 0.8375 0.6546875 0.1390625 0.3671875
0 0.18203125 0.63359375 0.0125 0.0109375
0 0.153125 0.62734375 0.0125 0.0109375
5 0.153125 0.6375 0.021875 0.03125
5 0.18203125 0.64140625 0.0203125 0.0203125
4 0.375 0.65625 0.065625 0.1078125