2 0.18828125 0.29296875 0.0125 0.025
2 0.2 0.33359375 0.01875 0.021875
3 0.196875 0.3015625 0.0125 0.021875
3 0.1953125 0.34453125 0.0078125 0.009375
4 0.20390625 0.36796875 0.0265625 0.0421875
4 0.22421875 0.303125 0.046875 0.0640625
5 0.22109375 0.36015625 0.08125 0.1859375
5 0.203125 0.38671875 0.0421875 0.1328125
6 0.5453125 0.11171875 0.0640625 0.0875
9 0.71953125 0.309375 0.5609375 0.61875
4 0.35 0.69296875 0.178125 0.1484375
5 0.3296875 0.809375 0.21875 0.38125
8 0.6578125 0.87578125 0.40625 0.2484375