8 0.784375 0.26484375 0.43125 0.5296875
5 0.321875 0.65625 0.0375 0.0921875
8 0.53828125 0.73828125 0.0609375 0.1078125
8 0.328125 0.70078125 0.40625 0.3421875
8 0.784375 0.74921875 0.43125 0.4390625
7 0.88125 0.71953125 0.2375 0.3421875
7 0.8625 0.75703125 0.275 0.2359375
3 0.9609375 0.5390625 0.078125 0.01875
7 0.8234375 0.61171875 0.11875 0.115625
2 0.83828125 0.5375 0.0515625 0.015625
5 0.8078125 0.60234375 0.14375 0.1453125
5 0.7328125 0.7875 0.1109375 0.2578125
5 0.87265625 0.76484375 0.2546875 0.4703125