3 0.39609375 0.5671875 0.01875 0.0171875
2 0.4046875 0.5328125 0.025 0.021875
4 0.38203125 0.590625 0.0734375 0.0375
5 0.37421875 0.56171875 0.1296875 0.0953125
8 0.76953125 0.36171875 0.4609375 0.4953125
5 0.6921875 0.46875 0.08125 0.1046875
5 0.0734375 0.8203125 0.0203125 0.04375
8 0.471875 0.77421875 0.134375 0.3296875
8 0.36796875 0.81640625 0.0625 0.0390625
8 0.209375 0.87265625 0.41875 0.2546875
4 0.02890625 0.77265625 0.0046875 0.0109375
5 0.02890625 0.775 0.009375 0.021875
5 0.97265625 0.8109375 0.0546875 0.353125