2 0.43359375 0.15859375 0.0515625 0.1296875
6 0.6578125 0.2546875 0.046875 0.0921875
6 0.503125 0.1359375 0.015625 0.0390625
6 0.653125 0.1328125 0.0140625 0.0375
6 0.77109375 0.12734375 0.0140625 0.0328125
6 0.8796875 0.12890625 0.0140625 0.0328125
6 0.95078125 0.125 0.0125 0.03125
6 0.98046875 0.12265625 0.0140625 0.0328125
6 0.9625 0.11640625 0.0125 0.0328125
6 0.6265625 0.11953125 0.0125 0.0328125
6 0.7375 0.11875 0.0125 0.0328125
6 0.82421875 0.12109375 0.0125 0.0328125
9 0.7296875 0.43359375 0.540625 0.3109375
6 0.02890625 0.99375 0.0109375 0.0125
6 0.1125 0.98671875 0.015625 0.0265625
6 0.24453125 0.9609375 0.015625 0.0390625
6 0.378125 0.9609375 0.0203125 0.0484375
6 0.09375 0.96484375 0.0078125 0.021875
6 0.1453125 0.93828125 0.009375 0.01875
6 0.17734375 0.91953125 0.0078125 0.0171875
9 0.15234375 0.89296875 0.028125 0.0390625
8 0.7296875 0.79453125 0.540625 0.4109375