2 0.41796875 0.1703125 0.0828125 0.0875
3 0.38984375 0.3171875 0.1390625 0.14375
4 0.2875 0.4515625 0.34375 0.315625
5 0.23984375 0.33671875 0.4390625 0.5453125
7 0.7734375 0.33125 0.025 0.04375
5 0.7765625 0.371875 0.078125 0.1921875
8 0.7296875 0.3046875 0.540625 0.609375
1 0.2390625 0.83359375 0.440625 0.2734375
2 0.271875 0.66484375 0.375 0.1109375
4 0.2296875 0.91953125 0.459375 0.1609375
5 0.2296875 0.8046875 0.459375 0.390625
8 0.8734375 0.71953125 0.2203125 0.1875
9 0.690625 0.74375 0.065625 0.0375
6 0.609375 0.7453125 0.009375 0.015625
6 0.59609375 0.74453125 0.0125 0.015625
6 0.58046875 0.7421875 0.0109375 0.015625
6 0.56484375 0.740625 0.0109375 0.01875
6 0.55390625 0.7390625 0.0109375 0.0203125
6 0.54453125 0.7375 0.0125 0.01875
9 0.5203125 0.728125 0.0390625 0.03125
8 0.5046875 0.80234375 0.090625 0.1234375