4 0.33046875 0.21640625 0.215625 0.28125
2 0.5125 0.18828125 0.1125 0.3015625
3 0.4421875 0.27421875 0.0640625 0.1140625
5 0.284375 0.21953125 0.56875 0.4390625
5 0.284375 0.71953125 0.56875 0.5609375
0 0.17890625 0.578125 0.1859375 0.278125
4 0.40859375 0.82734375 0.3203125 0.3453125
1 0.3390625 0.6765625 0.24375 0.3328125
8 0.953125 0.78203125 0.09375 0.3515625
8 0.83359375 0.71953125 0.3328125 0.5609375
9 0.82734375 0.5953125 0.025 0.065625
9 0.859375 0.5953125 0.0609375 0.08125
8 0.66015625 0.53671875 0.0375 0.0546875
9 0.71328125 0.48828125 0.0109375 0.0140625
9 0.7046875 0.51484375 0.0171875 0.021875
9 0.7203125 0.51875 0.01875 0.0234375