4 0.3578125 0.34609375 0.14375 0.1265625
4 0.18203125 0.365625 0.1328125 0.0875
4 0.0515625 0.36953125 0.103125 0.0796875
2 0.146875 0.225 0.0859375 0.0859375
3 0.16171875 0.315625 0.0578125 0.0546875
5 0.22265625 0.278125 0.3859375 0.2625
5 0.57109375 0.1609375 0.2828125 0.321875
0 0.340625 0.42421875 0.10625 0.0296875
0 0.22734375 0.4421875 0.0984375 0.065625
0 0.290625 0.5046875 0.0328125 0.034375
0 0.19609375 0.50625 0.0390625 0.040625
0 0.14375 0.5234375 0.040625 0.04375
0 0.01484375 0.55078125 0.0296875 0.0421875
3 0.02265625 0.5765625 0.0109375 0.0171875
3 0.153125 0.55234375 0.01875 0.0203125
3 0.35625 0.46484375 0.053125 0.0515625
3 0.240625 0.51015625 0.046875 0.05
5 0.021875 0.675 0.04375 0.23125
5 0.04375 0.69140625 0.0875 0.3234375
5 0.01796875 0.690625 0.0359375 0.28125
5 0.1609375 0.665625 0.1203125 0.334375
5 0.20390625 0.66015625 0.146875 0.35
5 0.2921875 0.5078125 0.0375 0.0484375
5 0.346875 0.7046875 0.165625 0.590625
5 0.27265625 0.7046875 0.3140625 0.590625
7 0.02890625 0.6359375 0.0578125 0.13125
7 0.15234375 0.6140625 0.06875 0.1265625
7 0.2625 0.68203125 0.2421875 0.3796875
7 0.19140625 0.575 0.0734375 0.090625
7 0.3609375 0.5984375 0.1375 0.359375
7 0.8109375 0.7046875 0.378125 0.590625
5 0.78125 0.7046875 0.4375 0.590625