9 0.13984375 0.159375 0.2796875 0.31875
8 0.57578125 0.18671875 0.040625 0.06875
6 0.3046875 0.31328125 0.00625 0.0109375
6 0.31875 0.3125 0.00625 0.0125
6 0.51953125 0.25390625 0.00625 0.015625
6 0.49609375 0.278125 0.00625 0.0171875
6 0.30078125 0.2953125 0.0109375 0.025
5 0.5625 0.28203125 0.0109375 0.028125
0 0.62734375 0.23671875 0.0046875 0.003125
5 0.62734375 0.24453125 0.009375 0.0203125
6 0.52890625 0.26484375 0.0078125 0.0140625
6 0.48125 0.26328125 0.0046875 0.0171875
7 0.52734375 0.2265625 0.00625 0.009375
5 0.5265625 0.23046875 0.009375 0.021875
7 0.91171875 0.26328125 0.009375 0.0125
5 0.91171875 0.271875 0.0140625 0.040625
7 0.846875 0.28984375 0.0078125 0.0125
5 0.84609375 0.2953125 0.0109375 0.0296875
8 0.503125 0.21171875 0.0234375 0.040625
9 0.52578125 0.184375 0.0265625 0.0234375
9 0.55 0.2015625 0.0296875 0.0265625
7 0.76875 0.296875 0.0046875 0.009375
5 0.76796875 0.2984375 0.0078125 0.0203125
1 0.13671875 0.70703125 0.2734375 0.3078125
2 0.1265625 0.4140625 0.253125 0.190625
4 0.13984375 0.88359375 0.2796875 0.2328125
5 0.13984375 0.659375 0.2796875 0.68125
6 0.81015625 0.80625 0.2828125 0.3875
6 0.60078125 0.66015625 0.3515625 0.6796875