4 0.66640625 0.10234375 0.1421875 0.2046875
5 0.646875 0.23203125 0.265625 0.4640625
5 0.52578125 0.38203125 0.4890625 0.2953125
3 0.41328125 0.3859375 0.0375 0.1046875
2 0.33984375 0.35703125 0.1171875 0.2453125
4 0.01953125 0.271875 0.0390625 0.16875
4 0.10390625 0.31484375 0.11875 0.2015625
4 0.26484375 0.31171875 0.0328125 0.3265625
0 0.20703125 0.515625 0.0484375 0.028125
5 0.1 0.2859375 0.1328125 0.2890625
5 0.24140625 0.2390625 0.0796875 0.478125
1 0.01328125 0.17890625 0.0265625 0.0359375
1 0.11484375 0.2078125 0.040625 0.040625
2 0.1328125 0.15234375 0.04375 0.025
2 0.0171875 0.11953125 0.034375 0.0265625
9 0.67578125 0.66328125 0.1015625 0.0859375
9 0.521875 0.67109375 0.221875 0.140625
7 0.38671875 0.60625 0.0734375 0.153125
7 0.571875 0.66171875 0.115625 0.2640625
5 0.5609375 0.76484375 0.159375 0.4703125
5 0.3734375 0.759375 0.1125 0.459375
8 0.140625 0.76484375 0.28125 0.4703125