4 0.65 0.3421875 0.2125 0.278125
2 0.88984375 0.321875 0.2203125 0.3
3 0.76171875 0.40390625 0.0609375 0.1140625
5 0.70546875 0.30859375 0.5890625 0.3609375
8 0.609375 0.740625 0.396875 0.503125
8 0.8828125 0.66796875 0.234375 0.3578125
0 0.078125 0.86875 0.15625 0.103125
0 0.04453125 0.67421875 0.0890625 0.1109375
3 0.0296875 0.703125 0.05 0.0375
3 0.10546875 0.92734375 0.034375 0.0375
4 0.0359375 0.80625 0.071875 0.228125
4 0.08984375 0.9625 0.1796875 0.075
5 0.06484375 0.8078125 0.1296875 0.384375
5 0.1546875 0.90546875 0.309375 0.1890625