6 0.72265625 0.24453125 0.4015625 0.4890625
3 0.53515625 0.4234375 0.1078125 0.13125
2 0.546875 0.1125 0.13125 0.19375
5 0.6921875 0.25625 0.421875 0.465625
3 0.18828125 0.01015625 0.0703125 0.0203125
4 0.190625 0.1390625 0.159375 0.2328125
5 0.23671875 0.24453125 0.2984375 0.4890625
8 0.740625 0.76484375 0.51875 0.4703125
8 0.80546875 0.78671875 0.0875 0.1109375
8 0.78046875 0.8296875 0.115625 0.2
8 0.72890625 0.81328125 0.11875 0.225
8 0.6859375 0.81953125 0.109375 0.2078125
8 0.54921875 0.821875 0.1359375 0.165625
8 0.5140625 0.81796875 0.065625 0.1515625
8 0.49296875 0.8109375 0.0234375 0.15625
0 0.03671875 0.62890625 0.059375 0.0953125
3 0.03671875 0.67890625 0.0171875 0.053125
7 0.1125 0.6921875 0.0921875 0.1359375
5 0.0828125 0.671875 0.1515625 0.1828125