4 0.1703125 0.14765625 0.234375 0.1640625
3 0.1796875 0.01640625 0.06875 0.0328125
5 0.259375 0.11484375 0.51875 0.2296875
8 0.8390625 0.16171875 0.184375 0.1359375
3 0.16875 0.88046875 0.00625 0.0171875
2 0.3703125 0.8515625 0.0109375 0.0140625
2 0.39765625 0.8515625 0.0109375 0.0125
2 0.15390625 0.85546875 0.0140625 0.01875
2 0.1671875 0.86875 0.0109375 0.0171875
3 0.3703125 0.8640625 0.0078125 0.0109375
3 0.39765625 0.86875 0.00625 0.0078125
4 0.16015625 0.93203125 0.021875 0.0796875
4 0.15 0.92421875 0.0125 0.0734375
4 0.14453125 0.9109375 0.015625 0.08125
2 0.1578125 0.87109375 0.0078125 0.015625
5 0.14375 0.921875 0.04375 0.15625
5 0.15078125 0.93125 0.0515625 0.1375
5 0.16953125 0.93046875 0.0515625 0.1390625
5 0.396875 0.9203125 0.034375 0.159375
5 0.37421875 0.92109375 0.0390625 0.1578125
7 0.7375 0.5375 0.4375 0.615625
5 0.73046875 0.61484375 0.4234375 0.7703125