4 0.8296875 0.14765625 0.234375 0.1640625
3 0.8203125 0.01640625 0.06875 0.0328125
5 0.740625 0.11484375 0.51875 0.2296875
8 0.1609375 0.16171875 0.184375 0.1359375
3 0.83125 0.88046875 0.00625 0.0171875
2 0.6296875 0.8515625 0.0109375 0.0140625
2 0.60234375 0.8515625 0.0109375 0.0125
2 0.84609375 0.85546875 0.0140625 0.01875
2 0.8328125 0.86875 0.0109375 0.0171875
3 0.6296875 0.8640625 0.0078125 0.0109375
3 0.60234375 0.86875 0.00625 0.0078125
4 0.83984375 0.93203125 0.021875 0.0796875
4 0.85 0.92421875 0.0125 0.0734375
4 0.85546875 0.9109375 0.015625 0.08125
2 0.8421875 0.87109375 0.0078125 0.015625
5 0.85625 0.921875 0.04375 0.15625
5 0.84921875 0.93125 0.0515625 0.1375
5 0.83046875 0.93046875 0.0515625 0.1390625
5 0.603125 0.9203125 0.034375 0.159375
5 0.62578125 0.92109375 0.0390625 0.1578125
7 0.2625 0.5375 0.4375 0.615625
5 0.26953125 0.61484375 0.4234375 0.7703125