3 0.46484375 0.32265625 0.0703125 0.0828125
2 0.43828125 0.16875 0.1015625 0.090625
4 0.45078125 0.43828125 0.0984375 0.1421875
5 0.41328125 0.29375 0.1734375 0.43125
5 0.7484375 0.17890625 0.040625 0.0859375
8 0.8609375 0.2546875 0.278125 0.509375
8 0.7859375 0.18984375 0.3125 0.3796875
3 0.45625 0.51484375 0.025 0.0109375
4 0.3328125 0.6328125 0.30625 0.246875
5 0.33671875 0.7546875 0.3265625 0.490625
8 0.74375 0.7546875 0.4875 0.490625
0 0.58828125 0.83984375 0.0328125 0.0328125
0 0.86640625 0.7921875 0.046875 0.0453125
0 0.9046875 0.778125 0.034375 0.0375
0 0.9359375 0.74375 0.046875 0.0484375
3 0.9546875 0.7765625 0.0140625 0.015625
3 0.9046875 0.81015625 0.0203125 0.0203125
3 0.88046875 0.8328125 0.021875 0.021875
1 0.5953125 0.8703125 0.0234375 0.0203125
7 0.60078125 0.93671875 0.065625 0.1140625
7 0.85546875 0.896875 0.0859375 0.153125
7 0.91015625 0.86640625 0.0609375 0.11875
7 0.9546875 0.8484375 0.08125 0.1328125
5 0.95078125 0.85703125 0.0984375 0.2859375
5 0.9203125 0.87734375 0.103125 0.2453125
5 0.8734375 0.88359375 0.14375 0.2328125
5 0.61875 0.90703125 0.13125 0.1859375