6 0.746875 0.1265625 0.2078125 0.2296875
6 0.91484375 0.3625 0.1703125 0.375
6 0.56328125 0.0125 0.1109375 0.025
6 0.61640625 0.05234375 0.1671875 0.1046875
6 0.19921875 0.26171875 0.3984375 0.5234375
0 0.7359375 0.61875 0.15625 0.1375
7 0.53359375 0.775 0.2453125 0.45
7 0.6859375 0.91484375 0.3 0.1703125
7 0.925 0.759375 0.15 0.41875
3 0.71953125 0.790625 0.0828125 0.0875
5 0.47578125 0.775 0.1296875 0.45
5 0.571875 0.775 0.321875 0.45
5 0.73984375 0.775 0.3703125 0.45
5 0.9015625 0.775 0.196875 0.45
8 0.28828125 0.69765625 0.2453125 0.2953125
8 0.18671875 0.775 0.3734375 0.45