6 0.57109375 0.14453125 0.3609375 0.2890625
0 0.0609375 0.2296875 0.121875 0.184375
7 0.28046875 0.29453125 0.2203125 0.4296875
3 0.30234375 0.04375 0.0828125 0.078125
3 0.03984375 0.4234375 0.078125 0.0828125
5 0.11640625 0.32265625 0.2328125 0.3734375
5 0.26015625 0.2546875 0.2609375 0.509375
5 0.8 0.85546875 0.209375 0.2890625
5 0.62421875 0.8484375 0.2359375 0.303125
5 0.46328125 0.81640625 0.1453125 0.3671875
3 0.49140625 0.7875 0.0328125 0.0625
3 0.6375 0.834375 0.0515625 0.0484375
3 0.80390625 0.82734375 0.0515625 0.0484375
3 0.96953125 0.8078125 0.04375 0.0453125
2 0.98046875 0.71484375 0.0390625 0.0796875
2 0.80859375 0.74140625 0.0609375 0.0484375
2 0.64296875 0.73671875 0.0765625 0.0640625
2 0.46171875 0.6796875 0.0859375 0.0828125
4 0.4453125 0.90234375 0.109375 0.1953125
4 0.63203125 0.92578125 0.1671875 0.1484375
4 0.80234375 0.925 0.1328125 0.15
4 0.96640625 0.9140625 0.0671875 0.171875