8 0.48828125 0.25546875 0.2765625 0.3859375
6 0.88203125 0.4109375 0.04375 0.103125
6 0.86875 0.34921875 0.0234375 0.0609375
6 0.76171875 0.34921875 0.028125 0.0640625
6 0.678125 0.35390625 0.028125 0.059375
4 0.83671875 0.36640625 0.0359375 0.053125
2 0.82890625 0.3203125 0.0171875 0.021875
5 0.83125 0.36640625 0.06875 0.1234375
6 0.41640625 0.5546875 0.0859375 0.16875
6 0.37421875 0.55078125 0.0484375 0.1765625
9 0.39453125 0.3234375 0.05 0.0546875
9 0.41328125 0.32109375 0.0703125 0.06875
9 0.675 0.81953125 0.65 0.3609375
3 0.91328125 0.68671875 0.0859375 0.0953125
5 0.8578125 0.81953125 0.284375 0.3609375
7 0.8921875 0.81953125 0.215625 0.3609375