7 0.18515625 0.18984375 0.3703125 0.3796875
5 0.228125 0.18984375 0.45625 0.3796875
0 0.4328125 0.51328125 0.196875 0.1984375
2 0.27890625 0.78671875 0.0109375 0.0109375
2 0.2234375 0.778125 0.0140625 0.0140625
2 0.21171875 0.79296875 0.0109375 0.0109375
4 0.28359375 0.82734375 0.0234375 0.0390625
4 0.2328125 0.8140625 0.015625 0.0359375
4 0.2125 0.828125 0.0234375 0.0375
5 0.215625 0.853125 0.04375 0.1375
5 0.2296875 0.8046875 0.028125 0.06875
5 0.259375 0.815625 0.034375 0.0796875
4 0.2609375 0.81484375 0.025 0.04375
4 0.28515625 0.83984375 0.0359375 0.1203125
7 0.434375 0.8390625 0.3625 0.321875
3 0.4484375 0.6890625 0.109375 0.103125
5 0.42109375 0.69140625 0.3984375 0.6171875