9 0.72265625 0.2046875 0.4078125 0.409375
0 0.13515625 0.7328125 0.20625 0.2046875
0 0.48515625 0.9046875 0.0671875 0.190625
0 0.1765625 0.9765625 0.153125 0.046875
5 0.0421875 0.4859375 0.084375 0.125
4 0.4484375 0.559375 0.140625 0.165625
5 0.43515625 0.44453125 0.1671875 0.0703125
5 0.428125 0.575 0.18125 0.225
0 0.178125 0.92421875 0.1609375 0.1328125
4 0.1859375 0.84140625 0.1078125 0.128125
4 0.309375 0.9046875 0.1875 0.190625
2 0.31640625 0.77890625 0.10625 0.1046875
3 0.38671875 0.84453125 0.0421875 0.046875
5 0.22265625 0.97578125 0.3203125 0.0484375
5 0.15 0.8078125 0.2484375 0.2765625
5 0.33125 0.84921875 0.34375 0.3015625
5 0.48671875 0.90234375 0.0640625 0.1953125
5 0.98046875 0.81875 0.0390625 0.096875
4 0.99375 0.778125 0.0125 0.0125
3 0.99375 0.7890625 0.00625 0.0109375
4 0.99375 0.80546875 0.0125 0.0265625
9 0.97265625 0.66796875 0.0203125 0.0203125
8 0.68828125 0.725 0.15625 0.1328125
8 0.56875 0.690625 0.1 0.328125
8 0.6578125 0.9375 0.278125 0.125
8 0.778125 0.74765625 0.44375 0.5046875
9 0.8265625 0.6609375 0.0328125 0.028125
9 0.8359375 0.678125 0.0265625 0.0203125
9 0.846875 0.68125 0.0296875 0.015625
9 0.8625 0.67890625 0.0265625 0.0171875
9 0.871875 0.6859375 0.0234375 0.0109375