6 0.153125 0.18828125 0.0625 0.134375
6 0.0078125 0.02734375 0.015625 0.0515625
6 0.3203125 0.01796875 0.025 0.0359375
6 0.15 0.02578125 0.025 0.0515625
6 0.053125 0.090625 0.0359375 0.08125
6 0.378125 0.05 0.021875 0.084375
4 0.95859375 0.2484375 0.0828125 0.18125
4 0.87734375 0.3125 0.1546875 0.21875
4 0.65390625 0.34921875 0.2203125 0.3390625
4 0.45703125 0.3734375 0.1359375 0.290625
5 0.875 0.28359375 0.184375 0.309375
5 0.48671875 0.303125 0.1953125 0.43125
5 0.640625 0.26796875 0.340625 0.5015625
1 0.5453125 0.2359375 0.0828125 0.090625
1 0.9890625 0.15234375 0.021875 0.0453125
1 0.94921875 0.16015625 0.046875 0.0421875
1 0.84609375 0.209375 0.046875 0.0484375
2 0.81953125 0.1578125 0.0484375 0.0328125
2 0.93515625 0.10234375 0.0546875 0.034375
2 0.98203125 0.0921875 0.0359375 0.034375
8 0.10859375 0.759375 0.2171875 0.48125
2 0.11953125 0.6 0.0515625 0.0703125
4 0.0578125 0.54765625 0.071875 0.0578125
4 0.1515625 0.67109375 0.1078125 0.1796875
5 0.1828125 0.7609375 0.259375 0.434375
5 0.06953125 0.6296875 0.1390625 0.221875
8 0.69453125 0.7640625 0.6109375 0.471875
8 0.87734375 0.86484375 0.2453125 0.2703125
0 0.5765625 0.86484375 0.0203125 0.0203125
3 0.58359375 0.8875 0.0140625 0.0171875
7 0.59453125 0.92109375 0.0421875 0.065625
5 0.59375 0.91953125 0.06875 0.1375