6 0.38984375 0.0125 0.00625 0.0234375
6 0.31171875 0.0140625 0.0078125 0.0234375
6 0.2359375 0.01796875 0.0078125 0.025
6 0.18203125 0.025 0.0078125 0.025
6 0.16953125 0.07734375 0.015625 0.0484375
6 0.13203125 0.034375 0.009375 0.0296875
6 0.10625 0.06171875 0.0125 0.0390625
6 0.1015625 0.04609375 0.009375 0.0359375
6 0.30234375 0.0875 0.0171875 0.05625
6 0.24140625 0.13828125 0.0296875 0.08125
6 0.0203125 0.1078125 0.021875 0.065625
6 0.0484375 0.034375 0.009375 0.03125
6 0.125 0.021875 0.0078125 0.0234375
6 0.1984375 0.01328125 0.00625 0.021875
6 0.2953125 0.00859375 0.00625 0.0171875
6 0.39765625 0.0078125 0.0078125 0.015625
8 0.21953125 0.74453125 0.4390625 0.5109375
2 0.1046875 0.73125 0.0390625 0.0265625
2 0.153125 0.9890625 0.05625 0.021875
3 0.0984375 0.75703125 0.0203125 0.015625
4 0.10546875 0.821875 0.0484375 0.0984375
5 0.0859375 0.8546875 0.15625 0.290625
1 0.8640625 0.521875 0.103125 0.065625
0 0.64375 0.61875 0.175 0.259375
7 0.6484375 0.69921875 0.41875 0.2890625
7 0.91015625 0.71171875 0.1796875 0.4453125
5 0.85234375 0.7109375 0.2953125 0.44375
5 0.65390625 0.6953125 0.4296875 0.4125
1 0.62578125 0.75390625 0.0671875 0.0515625