6 0.41328125 0.13828125 0.04375 0.10625
6 0.55859375 0.078125 0.0203125 0.078125
6 0.24921875 0.01484375 0.0171875 0.0296875
6 0.13125 0.015625 0.015625 0.03125
6 0.39921875 0.00625 0.0140625 0.0125
6 0.1875 0.00546875 0.0125 0.0109375
6 0.096875 0.2921875 0.075 0.1765625
6 0.08984375 0.00859375 0.0140625 0.0171875
6 0.0390625 0.015625 0.015625 0.03125
6 0.034375 0.0078125 0.009375 0.015625
6 0.03046875 0.0046875 0.0078125 0.009375
6 0.096875 0.003125 0.009375 0.00625
6 0.1046875 0.00234375 0.009375 0.0046875
4 0.63125 0.10859375 0.125 0.2046875
4 0.834375 0.115625 0.19375 0.23125
7 0.6875 0.4078125 0.225 0.321875
1 0.7546875 0.35234375 0.021875 0.0453125
0 0.7609375 0.3 0.053125 0.0703125
0 0.9046875 0.26015625 0.0859375 0.1
7 0.8921875 0.4609375 0.215625 0.215625
5 0.7828125 0.4140625 0.10625 0.309375
5 0.87734375 0.38828125 0.2453125 0.3609375
5 0.6859375 0.40703125 0.234375 0.3234375
5 0.63359375 0.1125 0.1296875 0.225
5 0.8203125 0.1203125 0.3 0.240625
1 0.61796875 0.0140625 0.0453125 0.028125