6 0.15546875 0.484375 0.0546875 0.13125
6 0.18671875 0.17421875 0.00625 0.028125
7 0.01875 0.12890625 0.0046875 0.0078125
7 0.06953125 0.13203125 0.0046875 0.0078125
7 0.07734375 0.12734375 0.00625 0.01875
2 0.1671875 0.1140625 0.0046875 0.009375
2 0.12109375 0.1171875 0.0046875 0.0078125
2 0.07734375 0.1140625 0.003125 0.0078125
5 0.16796875 0.12734375 0.0109375 0.040625
5 0.121875 0.12578125 0.009375 0.0296875
5 0.07734375 0.12265625 0.009375 0.025
5 0.06953125 0.1296875 0.00625 0.0125
5 0.025 0.12734375 0.0078125 0.0171875
5 0.01796875 0.12578125 0.0046875 0.009375
4 0.16875 0.134375 0.0078125 0.021875
4 0.12265625 0.13046875 0.0078125 0.01875
1 0.89296875 0.425 0.2140625 0.25
2 0.88359375 0.13359375 0.2328125 0.2640625
5 0.73984375 0.2765625 0.5203125 0.546875
9 0.23125 0.8671875 0.4625 0.265625
8 0.88359375 0.775 0.2328125 0.45
5 0.946875 0.5640625 0.025 0.028125