6 0.1703125 0.19921875 0.04375 0.0890625
6 0.00703125 0.209375 0.0140625 0.075
6 0.08984375 0.11328125 0.0203125 0.04375
6 0.215625 0.0921875 0.01875 0.040625
6 0.071875 0.10390625 0.015625 0.0359375
9 0.11484375 0.325 0.2296875 0.309375
9 0.61484375 0.23984375 0.7703125 0.4796875
3 0.76015625 0.22421875 0.096875 0.2046875
0 0.7390625 0.053125 0.21875 0.10625
5 0.77265625 0.23984375 0.4546875 0.4796875
7 0.8109375 0.32109375 0.378125 0.3171875
8 0.11484375 0.91484375 0.2296875 0.1703125
2 0.5265625 0.640625 0.0109375 0.009375
2 0.471875 0.63125 0.0125 0.0125
2 0.4609375 0.646875 0.0109375 0.0109375
4 0.53203125 0.68046875 0.0234375 0.0375
4 0.48203125 0.6671875 0.0171875 0.034375
4 0.46171875 0.68125 0.0234375 0.0359375
5 0.465625 0.70625 0.04375 0.134375
5 0.478125 0.6578125 0.028125 0.0671875
5 0.50859375 0.66796875 0.034375 0.078125
4 0.51015625 0.6671875 0.025 0.0421875
4 0.5328125 0.6921875 0.0375 0.11875
7 0.684375 0.765625 0.36875 0.46875
3 0.6890625 0.5453125 0.1078125 0.103125
5 0.7328125 0.73984375 0.534375 0.5203125