6 0.1515625 0.20546875 0.0171875 0.0421875
6 0.08359375 0.31484375 0.034375 0.08125
6 0.3609375 0.2 0.015625 0.040625
6 0.16015625 0.1734375 0.0125 0.025
6 0.3140625 0.17109375 0.0125 0.03125
6 0.30234375 0.15 0.00625 0.021875
6 0.3203125 0.14140625 0.00625 0.021875
6 0.2875 0.1546875 0.0078125 0.025
6 0.23046875 0.13515625 0.0046875 0.01875
6 0.22421875 0.140625 0.00625 0.01875
6 0.1875 0.14765625 0.00625 0.01875
6 0.03828125 0.13671875 0.00625 0.01875
6 0.034375 0.1421875 0.00625 0.015625
6 0.0671875 0.14765625 0.00625 0.0203125
6 0.12265625 0.14296875 0.00625 0.015625
0 0.7203125 0.196875 0.0640625 0.071875
0 0.51015625 0.11953125 0.0984375 0.1265625
0 0.8375 0.45546875 0.028125 0.034375
4 0.8484375 0.5046875 0.053125 0.05
5 0.84609375 0.4828125 0.0609375 0.09375
5 0.71328125 0.34375 0.1390625 0.371875
5 0.5125 0.2921875 0.2875 0.475
4 0.5296875 0.35703125 0.1984375 0.3421875
4 0.70703125 0.36640625 0.0953125 0.2078125
4 0.8296875 0.11640625 0.015625 0.0375
0 0.83203125 0.08671875 0.0125 0.015625
5 0.83359375 0.140625 0.03125 0.128125
8 0.184375 0.66953125 0.36875 0.2796875
6 0.52578125 0.58671875 0.015625 0.0453125
6 0.74375 0.57578125 0.021875 0.05
6 0.99375 0.61796875 0.0125 0.0703125
9 0.684375 0.76484375 0.63125 0.4703125