6 0.034375 0.1640625 0.0640625 0.1421875
9 0.31796875 0.24453125 0.5421875 0.4890625
8 0.32421875 0.73828125 0.5296875 0.4984375
5 0.06875 0.74921875 0.0734375 0.1328125
6 0.20703125 0.9453125 0.0890625 0.109375
7 0.0578125 0.7484375 0.034375 0.0734375
5 0.84375 0.6296875 0.0453125 0.0921875
4 0.846875 0.58984375 0.0109375 0.0125
3 0.84765625 0.6 0.0046875 0.009375
4 0.85234375 0.615625 0.0140625 0.025
9 0.80234375 0.49453125 0.0203125 0.0109375
9 0.8765625 0.49296875 0.028125 0.0078125
8 0.971875 0.55078125 0.05625 0.1234375
8 0.6078125 0.6015625 0.0375 0.134375
8 0.65546875 0.875 0.1328125 0.25
8 0.79453125 0.68203125 0.4109375 0.3859375
9 0.88203125 0.4953125 0.0171875 0.0125
9 0.6640625 0.51484375 0.03125 0.028125
9 0.6765625 0.528125 0.0265625 0.0203125
9 0.68828125 0.52890625 0.028125 0.015625
9 0.70234375 0.52265625 0.0265625 0.01875
9 0.7125 0.528125 0.0234375 0.0109375