6 0.20078125 0.36640625 0.0890625 0.18125
6 0.07890625 0.22109375 0.0421875 0.0953125
6 0.00703125 0.15234375 0.0140625 0.0671875
9 0.184375 0.4109375 0.36875 0.4375
6 0.825 0.29921875 0.246875 0.4984375
2 0.71328125 0.38203125 0.0859375 0.0859375
3 0.73125 0.56171875 0.075 0.1078125
5 0.70859375 0.48203125 0.3484375 0.2953125
3 0.03671875 0.95078125 0.0390625 0.034375
3 0.21875 0.96640625 0.04375 0.0359375
0 0.228125 0.91015625 0.0703125 0.05625
0 0.0421875 0.9 0.0546875 0.0484375
5 0.20234375 0.9375 0.2046875 0.125
4 0.684375 0.81484375 0.63125 0.3703125
5 0.684375 0.81484375 0.63125 0.3703125