9 0.21484375 0.284375 0.4296875 0.56875
0 0.540625 0.315625 0.09375 0.0578125
0 0.7359375 0.290625 0.071875 0.059375
0 0.6140625 0.3640625 0.040625 0.0421875
0 0.88203125 0.0953125 0.0984375 0.0890625
3 0.90546875 0.14140625 0.05625 0.040625
3 0.75390625 0.32578125 0.0296875 0.0234375
3 0.603125 0.396875 0.025 0.025
3 0.54140625 0.34453125 0.0515625 0.03125
7 0.50390625 0.4546875 0.1484375 0.140625
4 0.590625 0.4390625 0.06875 0.0640625
4 0.76875 0.39375 0.109375 0.13125
4 0.96640625 0.18125 0.0671875 0.2625
5 0.9015625 0.278125 0.196875 0.534375
5 0.5609375 0.41796875 0.2625 0.3015625
5 0.58671875 0.4109375 0.1046875 0.1421875
5 0.74375 0.4109375 0.221875 0.315625
5 0.21484375 0.7890625 0.4296875 0.421875
1 0.3265625 0.93203125 0.20625 0.1359375
2 0.275 0.69296875 0.309375 0.2015625
8 0.64375 0.809375 0.428125 0.38125
5 0.5296875 0.884375 0.0265625 0.046875