6 0.503125 0.21875 0.0625 0.1125
6 0.63046875 0.165625 0.0421875 0.0875
6 0.75390625 0.12109375 0.0296875 0.0640625
6 0.84375 0.07734375 0.01875 0.04375
6 0.86015625 0.05546875 0.0171875 0.0375
6 0.88359375 0.0390625 0.0140625 0.0328125
6 0.90390625 0.028125 0.0125 0.025
6 0.88984375 0.02265625 0.0109375 0.0234375
6 0.42265625 0.11796875 0.0203125 0.0375
6 0.30625 0.14765625 0.028125 0.053125
6 0.46953125 0.10390625 0.0171875 0.034375
6 0.46328125 0.08984375 0.015625 0.0328125
6 0.42109375 0.08828125 0.0140625 0.03125
6 0.38125 0.08671875 0.0078125 0.021875
6 0.2515625 0.1203125 0.0203125 0.0359375
6 0.34921875 0.08125 0.0109375 0.01875
6 0.3265625 0.08125 0.0109375 0.01875
6 0.31640625 0.08046875 0.0109375 0.01875
6 0.55859375 0.0484375 0.0078125 0.0171875
6 0.51484375 0.05078125 0.0078125 0.015625
6 0.6328125 0.0421875 0.009375 0.01875
6 0.71640625 0.03515625 0.0125 0.021875
6 0.7828125 0.0296875 0.0078125 0.0171875
6 0.80859375 0.09375 0.0203125 0.0515625
6 0.83203125 0.02578125 0.009375 0.021875
6 0.96796875 0.00703125 0.0109375 0.0140625
6 0.90078125 0.00859375 0.0109375 0.0171875
6 0.8453125 0.015625 0.009375 0.0203125
6 0.75 0.025 0.009375 0.0203125
6 0.67421875 0.03203125 0.009375 0.01875
6 0.61640625 0.0390625 0.009375 0.0171875
6 0.55234375 0.04296875 0.009375 0.015625
6 0.503125 0.04921875 0.0078125 0.01875
6 0.796875 0.08203125 0.0296875 0.0828125
6 0.81171875 0.08046875 0.0265625 0.0796875
9 0.6203125 0.2640625 0.759375 0.271875
9 0.08046875 0.078125 0.1609375 0.1375
8 0.2015625 0.2 0.078125 0.4
0 0.03671875 0.165625 0.0078125 0.009375
0 0.0625 0.1328125 0.009375 0.009375
4 0.0890625 0.1703125 0.0171875 0.0375
2 0.0859375 0.13828125 0.009375 0.009375
5 0.0859375 0.16875 0.028125 0.0734375
7 0.06171875 0.15703125 0.0203125 0.034375
7 0.046875 0.1765625 0.0140625 0.0203125
5 0.0453125 0.175 0.0234375 0.0296875
5 0.0609375 0.15859375 0.0265625 0.0671875
7 0.08125 0.18984375 0.009375 0.015625
5 0.08046875 0.1828125 0.0140625 0.0328125
1 0.496875 0.78125 0.209375 0.28125
2 0.421875 0.55546875 0.178125 0.1609375
5 0.58203125 0.71640625 0.6484375 0.5671875
4 0.59296875 0.9359375 0.3984375 0.128125