6 0.1296875 0.25078125 0.021875 0.0375
6 0.26875 0.271875 0.01875 0.0375
6 0.34609375 0.28828125 0.0140625 0.0328125
6 0.35078125 0.27578125 0.0109375 0.0328125
6 0.278125 0.2421875 0.009375 0.028125
6 0.22265625 0.2171875 0.0109375 0.025
6 0.40078125 0.45390625 0.0390625 0.09375
6 0.434375 0.38671875 0.009375 0.0578125
6 0.4359375 0.28515625 0.00625 0.0296875
6 0.4296875 0.28125 0.00625 0.0296875
6 0.421875 0.29296875 0.0078125 0.025
6 0.18671875 0.19765625 0.0109375 0.021875
6 0.203125 0.19140625 0.00625 0.0171875
9 0.1171875 0.45859375 0.234375 0.2828125
9 0.20703125 0.165625 0.0328125 0.0390625
3 0.925 0.46328125 0.15 0.2296875
1 0.696875 0.3625 0.515625 0.44375
2 0.68984375 0.0640625 0.5015625 0.128125
2 0.965625 0.11875 0.06875 0.2375
5 0.859375 0.3 0.28125 0.6
5 0.709375 0.3 0.540625 0.6
4 0.89453125 0.7265625 0.1953125 0.2390625
3 0.83984375 0.6078125 0.0890625 0.015625
5 0.8265625 0.8 0.346875 0.4