6 0.021875 0.28203125 0.0265625 0.0578125
6 0.3015625 0.30234375 0.0296875 0.05
6 0.26484375 0.2578125 0.0140625 0.053125
6 0.1546875 0.21484375 0.0109375 0.0265625
6 0.35234375 0.2359375 0.0078125 0.025
6 0.3609375 0.23671875 0.0109375 0.0125
6 0.29609375 0.2125 0.0078125 0.0140625
6 0.24609375 0.20078125 0.00625 0.015625
6 0.23046875 0.21328125 0.00625 0.0203125
6 0.22265625 0.21484375 0.0125 0.0140625
6 0.215625 0.22890625 0.0109375 0.021875
6 0.19453125 0.2 0.00625 0.0140625
6 0.18984375 0.1953125 0.003125 0.0109375
6 0.13359375 0.1921875 0.003125 0.0109375
6 0.12265625 0.19609375 0.0046875 0.0125
6 0.084375 0.19453125 0.0046875 0.015625
6 0.07109375 0.209375 0.00625 0.021875
6 0.03515625 0.24453125 0.0109375 0.0296875
8 0.97421875 0.303125 0.0515625 0.1875
8 0.5703125 0.26484375 0.203125 0.3296875
8 0.82265625 0.33671875 0.2984375 0.1859375
8 0.75 0.128125 0.090625 0.25
7 0.7734375 0.28828125 0.0140625 0.0234375
5 0.775 0.2875 0.0171875 0.0296875
0 0.7796875 0.27890625 0.00625 0.009375
8 0.690625 0.4 0.265625 0.059375
0 0.88359375 0.2546875 0.00625 0.0078125
0 0.87421875 0.253125 0.00625 0.00625
0 0.89140625 0.253125 0.0078125 0.00625
0 0.90546875 0.2703125 0.00625 0.0078125
7 0.9046875 0.28046875 0.0125 0.0125
7 0.890625 0.26875 0.0125 0.0203125
7 0.88359375 0.2640625 0.0046875 0.009375
7 0.8734375 0.26171875 0.009375 0.009375
5 0.87421875 0.25859375 0.0109375 0.01875
5 0.8828125 0.259375 0.0078125 0.01875
5 0.8921875 0.26484375 0.0140625 0.03125
5 0.90546875 0.27734375 0.0140625 0.025
6 0.053125 0.571875 0.034375 0.065625
6 0.309375 0.55234375 0.0203125 0.053125
6 0.4375 0.55234375 0.01875 0.04375
9 0.234375 0.7984375 0.46875 0.403125
5 0.14765625 0.4390625 0.0171875 0.01875
3 0.4921875 0.79609375 0.046875 0.2203125
0 0.55625 0.546875 0.175 0.234375
7 0.603125 0.89921875 0.26875 0.2015625
5 0.6203125 0.71484375 0.303125 0.5703125