6 0.24921875 0.275 0.0109375 0.009375
6 0.28828125 0.27109375 0.0109375 0.0171875
6 0.32578125 0.26640625 0.009375 0.0203125
6 0.38125 0.2640625 0.0078125 0.01875
6 0.415625 0.27265625 0.00625 0.0140625
6 0.3484375 0.275 0.0125 0.009375
8 0.634375 0.14453125 0.43125 0.2703125
8 0.2453125 0.53359375 0.346875 0.5078125
8 0.209375 0.7546875 0.41875 0.490625
7 0.065625 0.7953125 0.028125 0.0328125
2 0.06796875 0.7640625 0.015625 0.015625
5 0.06796875 0.78515625 0.0375 0.0578125
8 0.709375 0.65234375 0.58125 0.6953125