9 0.2296875 0.1546875 0.459375 0.309375
8 0.66796875 0.13671875 0.4171875 0.2734375
6 0.44921875 0.91484375 0.0203125 0.1703125
6 0.36484375 0.77421875 0.04375 0.096875
6 0.2859375 0.70390625 0.0328125 0.06875
6 0.21875 0.67109375 0.025 0.0546875
6 0.17421875 0.65234375 0.0203125 0.0484375
6 0.11171875 0.63515625 0.021875 0.046875
6 0.02578125 0.625 0.0171875 0.0375
9 0.01640625 0.55234375 0.0328125 0.1171875
9 0.2296875 0.8640625 0.459375 0.271875
6 0.53671875 0.684375 0.0625 0.14375
6 0.740625 0.46484375 0.03125 0.05
6 0.7859375 0.4265625 0.0171875 0.0546875
9 0.75703125 0.7953125 0.4859375 0.409375
6 0.90078125 0.40078125 0.0109375 0.0265625
6 0.70234375 0.3921875 0.0078125 0.025
6 0.69375 0.39140625 0.0109375 0.0140625
6 0.76171875 0.3765625 0.0078125 0.0140625
6 0.81328125 0.3734375 0.00625 0.015625
6 0.8265625 0.3890625 0.00625 0.0203125
6 0.83359375 0.390625 0.0125 0.0140625
6 0.83828125 0.40625 0.0109375 0.021875
6 0.86484375 0.38203125 0.00625 0.0140625
6 0.86953125 0.37734375 0.003125 0.0109375
6 0.925 0.3828125 0.0046875 0.0109375
6 0.93671875 0.38828125 0.0046875 0.0125
6 0.9734375 0.39296875 0.0046875 0.015625
6 0.984375 0.41015625 0.0078125 0.021875