6 0.9953125 0.40625 0.009375 0.05
6 0.996875 0.37578125 0.00625 0.0359375
6 0.5359375 0.41875 0.0453125 0.0953125
6 0.6265625 0.36640625 0.0328125 0.0671875
6 0.6984375 0.34765625 0.0234375 0.053125
6 0.74609375 0.3390625 0.0203125 0.046875
6 0.81015625 0.334375 0.021875 0.0453125
6 0.89609375 0.340625 0.0171875 0.0359375
6 0.9765625 0.35078125 0.0140625 0.034375
9 0.95078125 0.28515625 0.0984375 0.1140625
9 0.73515625 0.4828125 0.5296875 0.134375
2 0.096875 0.66328125 0.14375 0.1359375
4 0.071875 0.87265625 0.14375 0.2546875
5 0.08984375 0.784375 0.1796875 0.43125