6 0.28046875 0.2421875 0.0390625 0.090625
6 0.1421875 0.2140625 0.0265625 0.06875
6 0.03984375 0.18046875 0.0171875 0.0453125
6 0.01953125 0.1609375 0.015625 0.040625
6 0.34140625 0.1046875 0.00625 0.01875
6 0.26171875 0.11015625 0.0078125 0.021875
6 0.17109375 0.11640625 0.0109375 0.0234375
6 0.09921875 0.1203125 0.0078125 0.01875
6 0.0796875 0.19453125 0.0171875 0.05625
6 0.0453125 0.1234375 0.009375 0.0234375
6 0.0296875 0.11484375 0.009375 0.021875
6 0.1328125 0.109375 0.0078125 0.021875
6 0.21640625 0.10703125 0.0078125 0.0203125
6 0.278125 0.1046875 0.0078125 0.01875
6 0.3484375 0.09921875 0.0078125 0.0171875
6 0.09140625 0.17890625 0.0234375 0.0875
6 0.07421875 0.18046875 0.0203125 0.0859375
9 0.18984375 0.37109375 0.3796875 0.2359375
1 0.77265625 0.42421875 0.4546875 0.1296875
2 0.76640625 0.2171875 0.4671875 0.175
5 0.68984375 0.30390625 0.6203125 0.3703125
5 0.11875 0.9359375 0.021875 0.046875
8 0.1359375 0.93125 0.271875 0.1375
9 0.9640625 0.57265625 0.0484375 0.03125
5 0.5859375 0.54765625 0.05625 0.1171875