4 0.1578125 0.17578125 0.121875 0.16875
2 0.1046875 0.0515625 0.046875 0.0546875
5 0.196875 0.190625 0.278125 0.3375
8 0.75 0.1796875 0.5 0.359375
8 0.575 0.1796875 0.15 0.359375
5 0.8375 0.2546875 0.096875 0.1703125
4 0.8515625 0.23125 0.0203125 0.065625
6 0.43203125 0.53828125 0.0484375 0.0890625
6 0.22890625 0.515625 0.0390625 0.0828125
6 0.0625 0.50078125 0.0359375 0.0671875
6 0.0390625 0.43984375 0.015625 0.046875
6 0.16484375 0.425 0.0171875 0.040625
6 0.284375 0.421875 0.015625 0.0375
6 0.42890625 0.42109375 0.015625 0.0359375
6 0.0171875 0.41796875 0.015625 0.0328125
6 0.14921875 0.4125 0.0140625 0.0328125
6 0.40390625 0.409375 0.0125 0.03125
9 0.25 0.775 0.5 0.45