5 0.146875 0.0609375 0.29375 0.121875
1 0.621875 0.140625 0.40625 0.21875
5 0.709375 0.125 0.58125 0.25
8 0.203125 0.625 0.40625 0.75
9 0.98984375 0.41875 0.0203125 0.046875
9 0.9765625 0.40859375 0.046875 0.0640625
9 0.8203125 0.475 0.04375 0.0390625
9 0.6921875 0.50234375 0.0640625 0.046875
9 0.6984375 0.47578125 0.040625 0.034375
9 0.7171875 0.49765625 0.0484375 0.0453125
9 0.60234375 0.509375 0.05625 0.05
9 0.45546875 0.51953125 0.0578125 0.053125
8 0.9328125 0.64296875 0.109375 0.140625
8 0.54765625 0.78828125 0.2578125 0.2546875
8 0.9265625 0.359375 0.0265625 0.034375
9 0.871875 0.37890625 0.0265625 0.0234375
9 0.853125 0.3765625 0.0234375 0.025
9 0.81484375 0.365625 0.0109375 0.021875
9 0.82890625 0.37109375 0.0296875 0.025