5 0.871875 0.0515625 0.25625 0.103125
8 0.0609375 0.125 0.121875 0.25
9 0.17578125 0.21796875 0.1 0.046875
2 0.24140625 0.203125 0.009375 0.009375
5 0.240625 0.21953125 0.01875 0.04375
6 0.2625 0.22421875 0.0125 0.034375
6 0.1875 0.22265625 0.0125 0.034375
6 0.33203125 0.28671875 0.015625 0.04375
8 0.30234375 0.2046875 0.1171875 0.16875
8 0.5671875 0.58203125 0.115625 0.0640625
8 0.7734375 0.61640625 0.0875 0.09375
8 0.890625 0.5859375 0.04375 0.071875
9 0.9796875 0.56015625 0.03125 0.0203125
0 0.16015625 0.9765625 0.1703125 0.046875