0 0.46171875 0.2421875 0.0734375 0.059375
2 0.3859375 0.12421875 0.065625 0.0359375
4 0.44921875 0.18125 0.0953125 0.109375
4 0.08203125 0.04921875 0.1640625 0.0984375
3 0.04921875 0.00390625 0.0734375 0.0078125
3 0.38671875 0.14609375 0.034375 0.0203125
5 0.43125 0.21875 0.196875 0.28125
5 0.1265625 0.14375 0.253125 0.2875
8 0.76484375 0.2296875 0.4703125 0.459375
8 0.26484375 0.7296875 0.5296875 0.540625
3 0.85390625 0.47265625 0.1203125 0.0265625
4 0.8109375 0.6390625 0.378125 0.359375
5 0.79296875 0.7296875 0.4140625 0.540625