4 0.53359375 0.046875 0.1515625 0.09375
5 0.4765625 0.14609375 0.265625 0.2921875
8 0.8046875 0.3 0.390625 0.6
5 0.96875 0.134375 0.0625 0.26875
7 0.9796875 0.07109375 0.040625 0.1421875
7 0.671875 0.3859375 0.125 0.3625
0 0.675 0.159375 0.0765625 0.0890625
5 0.75390625 0.353125 0.2890625 0.49375
0 0.1046875 0.740625 0.0796875 0.05
0 0.365625 0.75703125 0.09375 0.0546875
0 0.05234375 0.7359375 0.04375 0.0203125
0 0.034375 0.71796875 0.028125 0.015625
3 0.04921875 0.7578125 0.0125 0.0125
3 0.12109375 0.784375 0.0390625 0.0234375
3 0.36484375 0.79921875 0.0390625 0.021875
7 0.37578125 0.88671875 0.1328125 0.1703125
7 0.084375 0.88046875 0.1578125 0.1875
7 0.0078125 0.765625 0.015625 0.0625
4 0.0265625 0.76171875 0.021875 0.034375
4 0.04296875 0.7953125 0.0625 0.0703125
5 0.0109375 0.7984375 0.021875 0.184375
5 0.03046875 0.80234375 0.0578125 0.1859375
5 0.046875 0.7640625 0.053125 0.0765625
5 0.08671875 0.8546875 0.1734375 0.290625
5 0.3875 0.86484375 0.18125 0.2703125