3 0.14765625 0.01953125 0.059375 0.03125
4 0.0921875 0.03671875 0.184375 0.0734375
5 0.12421875 0.14140625 0.2484375 0.2828125
8 0.83671875 0.32265625 0.175 0.2578125
8 0.82265625 0.58515625 0.1359375 0.2890625
6 0.07109375 0.98046875 0.0390625 0.0390625
6 0.28515625 0.92890625 0.0171875 0.0375
6 0.4109375 0.9453125 0.025 0.053125
6 0.234375 0.91953125 0.0140625 0.0359375
6 0.23984375 0.90390625 0.0125 0.034375
6 0.28359375 0.89765625 0.0125 0.03125
6 0.32578125 0.8890625 0.00625 0.021875
6 0.46484375 0.90859375 0.01875 0.0359375
6 0.4875 0.91875 0.003125 0.0375
6 0.359375 0.88046875 0.009375 0.01875
6 0.3828125 0.878125 0.009375 0.01875
6 0.39375 0.875 0.009375 0.01875
6 0.13515625 0.87265625 0.00625 0.01875
6 0.18203125 0.86953125 0.00625 0.015625
6 0.05703125 0.875 0.0078125 0.0203125
6 0.0125 0.87109375 0.00625 0.01875
6 0.0734375 0.8703125 0.0078125 0.01875
6 0.14140625 0.86640625 0.00625 0.0171875
6 0.19453125 0.865625 0.00625 0.01875
8 0.8515625 0.840625 0.296875 0.221875
8 0.63984375 0.86484375 0.3015625 0.2703125
2 0.93515625 0.77890625 0.0125 0.015625
7 0.9125 0.7953125 0.028125 0.0375
5 0.91953125 0.8 0.04375 0.059375