8 0.15 0.26484375 0.3 0.5296875
0 0.96171875 0.06484375 0.021875 0.0203125
0 0.89765625 0.059375 0.0109375 0.015625
0 0.91484375 0.04453125 0.025 0.0296875
0 0.91015625 0.0734375 0.04375 0.0375
0 0.8203125 0.06171875 0.0234375 0.025
0 0.76796875 0.06953125 0.0453125 0.0421875
0 0.721875 0.078125 0.015625 0.01875
0 0.70859375 0.0796875 0.0171875 0.01875
0 0.67578125 0.071875 0.03125 0.0296875
0 0.6328125 0.0453125 0.0234375 0.0234375
0 0.590625 0.01953125 0.0375 0.0390625
0 0.603125 0.07578125 0.0671875 0.071875
0 0.540625 0.10078125 0.0203125 0.0234375
0 0.51796875 0.090625 0.0125 0.009375
7 0.52109375 0.1140625 0.0140625 0.028125
0 0.5015625 0.0890625 0.025 0.025
0 0.45859375 0.06953125 0.0296875 0.028125
0 0.39765625 0.08515625 0.0234375 0.025
0 0.353125 0.09453125 0.0203125 0.0234375
0 0.30859375 0.08828125 0.0171875 0.0296875
7 0.3171875 0.17421875 0.034375 0.1140625
7 0.35546875 0.17578125 0.0609375 0.09375
7 0.39921875 0.171875 0.034375 0.10625
7 0.45703125 0.16328125 0.059375 0.1125
7 0.49921875 0.1625 0.0484375 0.096875
7 0.53515625 0.16484375 0.0359375 0.0828125
7 0.640625 0.12109375 0.0359375 0.08125
7 0.709375 0.14375 0.0390625 0.0734375
7 0.72421875 0.13671875 0.009375 0.05625
7 0.79609375 0.140625 0.0171875 0.0234375
7 0.8234375 0.1390625 0.0625 0.09375
7 0.88515625 0.1328125 0.021875 0.090625
7 0.9171875 0.125 0.0578125 0.06875
7 0.959375 0.13046875 0.040625 0.0828125
7 0.91953125 0.18203125 0.078125 0.1484375
7 0.76875 0.19140625 0.0859375 0.1625
7 0.67265625 0.15703125 0.0703125 0.10625
7 0.57265625 0.13359375 0.05 0.134375
7 0.61640625 0.27265625 0.096875 0.25
3 0.96171875 0.090625 0.0125 0.0125
3 0.90546875 0.11015625 0.0203125 0.01875
3 0.82109375 0.08984375 0.0140625 0.0140625
3 0.78046875 0.11328125 0.0078125 0.0203125
3 0.721875 0.0984375 0.0078125 0.0109375
3 0.70859375 0.1 0.0109375 0.009375
3 0.678125 0.10234375 0.0171875 0.015625
0 0.68828125 0.0953125 0.00625 0.0171875
3 0.634375 0.07109375 0.0140625 0.0125
3 0.62890625 0.128125 0.00625 0.028125
3 0.5421875 0.12265625 0.009375 0.0109375
3 0.50234375 0.11640625 0.0140625 0.0125
3 0.4609375 0.1 0.01875 0.0140625
1 0.3953125 0.109375 0.0078125 0.0203125
3 0.35390625 0.1203125 0.015625 0.0140625
3 0.30625 0.1203125 0.0125 0.01875
5 0.3125 0.23515625 0.025 0.3171875
5 0.31796875 0.225 0.0359375 0.30625
5 0.35859375 0.2140625 0.0671875 0.265625
5 0.38828125 0.21328125 0.0765625 0.2828125
5 0.4625 0.2078125 0.0703125 0.309375
5 0.51796875 0.10625 0.0171875 0.0421875
5 0.50390625 0.2015625 0.0578125 0.2515625
5 0.53828125 0.19453125 0.0421875 0.2140625
5 0.58046875 0.228125 0.0796875 0.45625
5 0.640625 0.109375 0.040625 0.1546875
5 0.67578125 0.21875 0.0859375 0.3296875
5 0.7109375 0.1703125 0.0453125 0.2015625
5 0.71953125 0.159375 0.0296875 0.1828125
5 0.77109375 0.26171875 0.0984375 0.43125
5 0.82890625 0.18125 0.0703125 0.26875
5 0.88671875 0.14453125 0.0421875 0.1875
5 0.91015625 0.1015625 0.075 0.1515625
5 0.9625 0.14609375 0.0515625 0.1890625
5 0.9296875 0.25 0.140625 0.4
5 0.61640625 0.28203125 0.1078125 0.4953125
4 0.12734375 0.5734375 0.2546875 0.0875
5 0.1328125 0.709375 0.265625 0.359375