8 0.7453125 0.28984375 0.509375 0.5796875
8 0.2453125 0.28671875 0.490625 0.5734375
0 0.88203125 0.678125 0.0875 0.078125
7 0.6703125 0.89375 0.0703125 0.1453125
1 0.64296875 0.81640625 0.021875 0.0375
1 0.90234375 0.76171875 0.03125 0.0484375
1 0.525 0.715625 0.0359375 0.03125
2 0.52578125 0.65625 0.0703125 0.05625
4 0.54140625 0.784375 0.0796875 0.1328125
4 0.5 0.59140625 0.01875 0.0234375
5 0.50390625 0.6109375 0.0265625 0.0625
5 0.55390625 0.76640625 0.1265625 0.2828125
5 0.68046875 0.87265625 0.1015625 0.2546875
5 0.8765625 0.8125 0.196875 0.375
0 0.65078125 0.7671875 0.0421875 0.053125
7 0.8765625 0.8875 0.1375 0.225