8 0.7203125 0.19453125 0.559375 0.3890625
2 0.9515625 0.046875 0.0125 0.0171875
3 0.946875 0.0578125 0.009375 0.009375
4 0.94609375 0.08671875 0.021875 0.0453125
5 0.94296875 0.078125 0.03125 0.08125
1 0.30859375 0.265625 0.2640625 0.246875
2 0.3171875 0.04609375 0.246875 0.0921875
5 0.2203125 0.19453125 0.440625 0.3890625
8 0.58203125 0.8625 0.2828125 0.275
7 0.7890625 0.79765625 0.015625 0.021875
5 0.78984375 0.78984375 0.01875 0.046875
8 0.784375 0.7171875 0.43125 0.565625
8 0.84453125 0.72109375 0.3109375 0.5578125
0 0.15859375 0.50625 0.3171875 0.234375
0 0.375 0.609375 0.13125 0.190625
3 0.396875 0.78515625 0.0875 0.0921875
3 0.12578125 0.84453125 0.1953125 0.1734375
4 0.34765625 0.9328125 0.1859375 0.134375
5 0.34453125 0.75703125 0.1921875 0.4859375
5 0.15625 0.69453125 0.3125 0.6109375