7 0.63515625 0.10234375 0.1546875 0.2046875
5 0.61875 0.209375 0.175 0.41875
1 0.16484375 0.70859375 0.3296875 0.3359375
2 0.159375 0.51796875 0.31875 0.0765625
5 0.16484375 0.7296875 0.3296875 0.540625
8 0.41171875 0.49140625 0.1640625 0.1453125
8 0.7359375 0.709375 0.528125 0.58125
7 0.7796875 0.89296875 0.021875 0.0359375
7 0.99453125 0.85625 0.0109375 0.04375
7 0.91484375 0.4828125 0.0203125 0.040625
4 0.9078125 0.69296875 0.021875 0.0375
0 0.909375 0.6609375 0.015625 0.025
5 0.91484375 0.503125 0.0390625 0.134375
5 0.90703125 0.70546875 0.04375 0.1203125
5 0.9890625 0.88671875 0.021875 0.1640625
5 0.78359375 0.88515625 0.0328125 0.059375