8 0.03671875 0.2953125 0.0734375 0.14375
8 0.2046875 0.2953125 0.240625 0.228125
8 0.3296875 0.2046875 0.659375 0.409375
2 0.2015625 0.2625 0.0140625 0.0171875
3 0.20625 0.28125 0.0125 0.0140625
5 0.21875 0.303125 0.0515625 0.1109375
4 0.21328125 0.31171875 0.0203125 0.0453125
6 0.8328125 0.03359375 0.1875 0.0671875
9 0.0578125 0.85859375 0.115625 0.2546875
8 0.16015625 0.93828125 0.3015625 0.1234375
0 0.6203125 0.559375 0.021875 0.0328125
5 0.62109375 0.56953125 0.05 0.078125
4 0.625 0.5515625 0.025 0.040625
0 0.1734375 0.66796875 0.0109375 0.015625
7 0.18203125 0.69375 0.0234375 0.040625
5 0.184375 0.7109375 0.0453125 0.109375
3 0.17734375 0.67890625 0.00625 0.00625
5 0.009375 0.70546875 0.01875 0.0515625
4 0.00703125 0.7 0.0140625 0.028125
7 0.91875 0.57265625 0.1515625 0.290625
0 0.92109375 0.47109375 0.0921875 0.1234375
5 0.91484375 0.7046875 0.1703125 0.590625