8 0.6859375 0.2296875 0.53125 0.459375
9 0.9484375 0.36875 0.103125 0.18125
6 0.33203125 0.2296875 0.1765625 0.459375
5 0.21015625 0.2296875 0.4203125 0.459375
4 0.18671875 0.39140625 0.2953125 0.1359375
3 0.19375 0.27578125 0.14375 0.1375
2 0.1671875 0.02578125 0.18125 0.0515625
2 0.7828125 0.490625 0.1 0.05625
4 0.81875 0.565625 0.1625 0.1375
3 0.79921875 0.5375 0.06875 0.0234375
5 0.8359375 0.63671875 0.2625 0.3546875
1 0.2984375 0.896875 0.24375 0.20625
2 0.29375 0.684375 0.253125 0.19375
5 0.21015625 0.78203125 0.4203125 0.4359375