8 0.625 0.1796875 0.75 0.359375
8 0.4078125 0.1796875 0.315625 0.359375
5 0.68046875 0.275 0.078125 0.103125
8 0.125 0.1796875 0.25 0.359375
8 0.125 0.20078125 0.25 0.3171875
8 0.43359375 0.490625 0.3671875 0.2625
8 0.784375 0.65234375 0.43125 0.5859375
5 0.3921875 0.4515625 0.0125 0.0328125
5 0.86015625 0.69140625 0.0859375 0.134375
5 0.86484375 0.45078125 0.03125 0.059375
7 0.86875 0.44375 0.0109375 0.0203125
7 0.84296875 0.6796875 0.0328125 0.0578125
3 0.8453125 0.64296875 0.0109375 0.0109375
2 0.846875 0.62890625 0.0125 0.009375
0 0.875 0.4296875 0.009375 0.0109375
8 0.07734375 0.5984375 0.1546875 0.478125