8 0.29296875 0.225 0.4328125 0.45
8 0.10078125 0.225 0.2015625 0.45
2 0.596875 0.35 0.175 0.165625
5 0.7546875 0.33125 0.490625 0.2375
3 0.2546875 0.8625 0.509375 0.275
2 0.23515625 0.56796875 0.4703125 0.2359375
4 0.2546875 0.85078125 0.509375 0.2984375
5 0.2546875 0.725 0.509375 0.55
4 0.91875 0.7828125 0.0140625 0.021875
4 0.8640625 0.78515625 0.015625 0.021875
2 0.9171875 0.76796875 0.0046875 0.0078125
2 0.8625 0.77109375 0.0078125 0.009375
5 0.86328125 0.790625 0.021875 0.05
5 0.91796875 0.7828125 0.0171875 0.0421875