7 0.36484375 0.10234375 0.1546875 0.2046875
5 0.38125 0.209375 0.175 0.41875
1 0.83515625 0.70859375 0.3296875 0.3359375
2 0.840625 0.51796875 0.31875 0.0765625
5 0.83515625 0.7296875 0.3296875 0.540625
8 0.58828125 0.49140625 0.1640625 0.1453125
8 0.2640625 0.709375 0.528125 0.58125
7 0.2203125 0.89296875 0.021875 0.0359375
7 0.00546875 0.85625 0.0109375 0.04375
7 0.08515625 0.4828125 0.0203125 0.040625
4 0.0921875 0.69296875 0.021875 0.0375
0 0.090625 0.6609375 0.015625 0.025
5 0.08515625 0.503125 0.0390625 0.134375
5 0.09296875 0.70546875 0.04375 0.1203125
5 0.0109375 0.88671875 0.021875 0.1640625
5 0.21640625 0.88515625 0.0328125 0.059375