8 0.26953125 0.2 0.5390625 0.4
4 0.18125 0.00625 0.0625 0.0125
5 0.81796875 0.33203125 0.04375 0.0984375
4 0.825 0.2890625 0.0125 0.0125
3 0.82421875 0.3 0.00625 0.0109375
4 0.82890625 0.3171875 0.0125 0.0265625
9 0.85234375 0.11015625 0.0390625 0.021875
9 0.896875 0.10234375 0.0453125 0.0234375
9 0.97578125 0.08359375 0.0109375 0.028125
9 0.78203125 0.18046875 0.0203125 0.021875
9 0.85078125 0.1734375 0.0265625 0.0171875
9 0.8625 0.17890625 0.0296875 0.021875
8 0.96875 0.22109375 0.0625 0.1984375
8 0.5609375 0.28359375 0.04375 0.1359375
8 0.76953125 0.20859375 0.4609375 0.3828125
9 0.86796875 0.18828125 0.01875 0.0140625
9 0.63125 0.19765625 0.0328125 0.0296875
9 0.64296875 0.2125 0.0265625 0.0203125
9 0.65546875 0.2140625 0.0296875 0.015625
9 0.6703125 0.2078125 0.028125 0.01875
9 0.68203125 0.2140625 0.0234375 0.0109375
3 0.06015625 0.56953125 0.1203125 0.2359375
7 0.13046875 0.88203125 0.2609375 0.2359375
5 0.2328125 0.7 0.465625 0.6
8 0.76953125 0.7390625 0.4609375 0.521875