8 0.2875 0.39296875 0.559375 0.3328125
8 0.23125 0.2796875 0.4625 0.559375
1 0.8296875 0.221875 0.340625 0.3125
4 0.8296875 0.4296875 0.340625 0.259375
5 0.8296875 0.2796875 0.340625 0.559375
8 0.3296875 0.7796875 0.659375 0.440625
8 0.1671875 0.7796875 0.334375 0.440625
4 0.44140625 0.74609375 0.08125 0.1
2 0.4296875 0.65078125 0.0265625 0.0171875
3 0.434375 0.69375 0.021875 0.021875
5 0.4375 0.77265625 0.1234375 0.2703125
8 0.80078125 0.7796875 0.2828125 0.440625
4 0.6828125 0.665625 0.046875 0.0625
2 0.66875 0.6109375 0.01875 0.01875
3 0.66875 0.63046875 0.01875 0.0171875
5 0.68828125 0.7 0.0578125 0.20625