8 0.30546875 0.275 0.5890625 0.55
0 0.56640625 0.7546875 0.0265625 0.03125
0 0.4859375 0.76171875 0.021875 0.021875
0 0.42109375 0.759375 0.0109375 0.015625
0 0.4375 0.74453125 0.0265625 0.03125
0 0.434375 0.77265625 0.0453125 0.0390625
0 0.3421875 0.765625 0.025 0.025
0 0.28984375 0.77421875 0.046875 0.04375
0 0.24296875 0.78515625 0.015625 0.01875
0 0.2296875 0.78671875 0.0171875 0.01875
0 0.196875 0.78046875 0.0328125 0.03125
0 0.1515625 0.7546875 0.025 0.025
0 0.109375 0.7296875 0.0390625 0.0421875
0 0.12265625 0.78671875 0.06875 0.075
0 0.05859375 0.815625 0.0203125 0.0234375
0 0.0359375 0.8046875 0.0125 0.009375
7 0.0390625 0.82890625 0.0140625 0.0296875
0 0.01953125 0.80390625 0.0265625 0.0265625
7 0.02109375 0.87734375 0.0421875 0.1015625
7 0.0546875 0.88046875 0.0375 0.084375
7 0.1609375 0.83203125 0.0359375 0.084375
7 0.23046875 0.85234375 0.040625 0.075
7 0.24609375 0.84453125 0.009375 0.0578125
7 0.31953125 0.84609375 0.01875 0.0234375
7 0.346875 0.84296875 0.0625 0.096875
7 0.40859375 0.83515625 0.021875 0.0921875
7 0.44140625 0.82578125 0.059375 0.0703125
7 0.484375 0.8296875 0.0421875 0.084375
7 0.44453125 0.88359375 0.08125 0.15
7 0.29140625 0.8984375 0.090625 0.165625
7 0.19453125 0.8671875 0.0703125 0.10625
7 0.0921875 0.84609375 0.053125 0.1359375
7 0.1375 0.92890625 0.1 0.1421875
3 0.56796875 0.7765625 0.0078125 0.0171875
7 0.5765625 0.8234375 0.046875 0.1
3 0.48671875 0.7890625 0.0140625 0.0140625
3 0.4296875 0.81171875 0.0203125 0.01875
3 0.34375 0.79453125 0.0140625 0.0140625
3 0.303125 0.81875 0.0078125 0.0203125
3 0.24375 0.80546875 0.0078125 0.0109375
3 0.23046875 0.80703125 0.0109375 0.009375
3 0.19921875 0.8109375 0.01875 0.015625
0 0.21015625 0.80390625 0.00625 0.0171875
3 0.1546875 0.78125 0.0140625 0.0125
3 0.1484375 0.8390625 0.0078125 0.028125
3 0.06015625 0.83671875 0.009375 0.0109375
3 0.0203125 0.83203125 0.0140625 0.0125
5 0.0359375 0.82109375 0.01875 0.0421875
5 0.0265625 0.89453125 0.053125 0.2109375
5 0.05703125 0.9 0.0453125 0.2
5 0.1015625 0.85390625 0.0875 0.2921875
5 0.16015625 0.8203125 0.04375 0.1578125
5 0.19609375 0.88046875 0.0921875 0.2390625
5 0.23203125 0.87890625 0.046875 0.20625
5 0.2421875 0.86796875 0.0328125 0.1859375
5 0.29296875 0.875 0.1046875 0.25
5 0.35234375 0.87421875 0.0765625 0.2515625
5 0.4109375 0.84609375 0.0453125 0.1921875
5 0.43515625 0.8015625 0.078125 0.1546875
5 0.48828125 0.84453125 0.0546875 0.1921875
5 0.56796875 0.84921875 0.0640625 0.2265625
5 0.47421875 0.8734375 0.1796875 0.253125
5 0.1390625 0.87109375 0.11875 0.2578125