8 0.97890625 0.09921875 0.0421875 0.1421875
8 0.83125 0.103125 0.2375 0.20625
8 0.8 0.2546875 0.4 0.509375
2 0.8359375 0.0609375 0.0140625 0.0171875
3 0.83125 0.07890625 0.0125 0.0140625
5 0.81953125 0.1 0.053125 0.1078125
4 0.82421875 0.10859375 0.0203125 0.04375
5 0.62578125 0.60078125 0.03125 0.08125
7 0.63125 0.58671875 0.0171875 0.034375
0 0.62734375 0.56640625 0.009375 0.0125
8 0.740625 0.74296875 0.21875 0.315625
8 0.8 0.7546875 0.4 0.490625
1 0.35703125 0.74765625 0.4859375 0.3703125
2 0.353125 0.5609375 0.49375 0.103125
4 0.3 0.8859375 0.6 0.228125
5 0.3 0.7546875 0.6 0.490625