8 0.2515625 0.146875 0.359375 0.084375
8 0.3453125 0.125 0.6875 0.128125
3 0.5859375 0.178125 0.009375 0.0125
2 0.59140625 0.1625 0.0125 0.0140625
5 0.58046875 0.1703125 0.0390625 0.0375
8 0.84453125 0.09453125 0.3109375 0.1890625
5 0.915625 0.15078125 0.078125 0.0765625
0 0.2984375 0.55859375 0.01875 0.0328125
5 0.29921875 0.56875 0.0421875 0.075
4 0.29375 0.5515625 0.021875 0.0390625
6 0.84609375 0.6453125 0.2671875 0.603125
2 0.7125 0.4625 0.046875 0.1375
4 0.73515625 0.87421875 0.0921875 0.2515625
5 0.83359375 0.6625 0.2890625 0.675