8 0.18984375 0.25859375 0.3796875 0.3828125
8 0.584375 0.3515625 0.034375 0.0625
6 0.53046875 0.4125 0.00625 0.015625
6 0.50859375 0.43359375 0.0046875 0.015625
0 0.99140625 0.43046875 0.0046875 0.003125
7 0.99296875 0.43828125 0.0046875 0.009375
5 0.990625 0.43828125 0.00625 0.0234375
5 0.56875 0.43828125 0.009375 0.0234375
0 0.63046875 0.40078125 0.003125 0.003125
5 0.63125 0.4078125 0.0078125 0.01875
6 0.5390625 0.421875 0.00625 0.0125
6 0.4953125 0.41875 0.003125 0.015625
7 0.5390625 0.38671875 0.00625 0.0078125
5 0.53828125 0.38984375 0.0078125 0.0203125
7 0.89140625 0.43828125 0.0078125 0.0109375
5 0.8890625 0.43828125 0.0125 0.0234375
8 0.5171875 0.37265625 0.0203125 0.0359375
9 0.5390625 0.34765625 0.0234375 0.0203125
9 0.56015625 0.365625 0.0265625 0.0234375
1 0.25390625 0.55859375 0.2515625 0.2171875
4 0.18984375 0.82421875 0.3796875 0.3515625
5 0.18984375 0.725 0.3796875 0.55
1 0.4734375 0.66875 0.1875 0.359375
4 0.68984375 0.8578125 0.6203125 0.284375
5 0.68984375 0.725 0.6203125 0.55