8 0.690625 0.08984375 0.61875 0.1796875
6 0.3671875 0.16484375 0.009375 0.01875
7 0.40703125 0.6078125 0.03125 0.05625
5 0.98515625 0.425 0.0296875 0.078125
7 0.98046875 0.4125 0.0171875 0.034375
0 0.98359375 0.3921875 0.009375 0.0109375
5 0.40703125 0.61953125 0.0515625 0.1203125
6 0.4265625 0.659375 0.0125 0.0359375
9 0.49375 0.29609375 0.0125 0.0125
8 0.50625 0.31171875 0.0265625 0.034375
9 0.5515625 0.28203125 0.00625 0.0078125
9 0.5578125 0.28359375 0.009375 0.009375
9 0.55703125 0.29609375 0.0125 0.01875
9 0.5640625 0.30234375 0.0140625 0.01875
9 0.5765625 0.28203125 0.009375 0.0125
9 0.58046875 0.28828125 0.0125 0.015625
9 0.57890625 0.31171875 0.015625 0.0203125
0 0.39921875 0.57109375 0.0140625 0.0171875
8 0.875 0.56171875 0.2109375 0.3078125
8 0.7515625 0.58203125 0.496875 0.8046875
7 0.0296875 0.6015625 0.059375 0.21875
5 0.05859375 0.690625 0.1171875 0.4125