8 0.725 0.209375 0.55 0.41875
2 0.3796875 0.15625 0.140625 0.240625
5 0.225 0.2125 0.45 0.4125
4 0.7375 0.4875 0.0078125 0.01875
4 0.7359375 0.49296875 0.01875 0.0453125
0 0.25859375 0.72109375 0.159375 0.090625
0 0.25703125 0.53984375 0.125 0.096875
0 0.0484375 0.5390625 0.065625 0.0359375
3 0.2609375 0.5671875 0.0453125 0.0328125
3 0.278125 0.78203125 0.03125 0.034375
4 0.03125 0.60234375 0.0625 0.0734375
4 0.16875 0.63984375 0.2140625 0.203125
4 0.196875 0.8765625 0.2375 0.221875
5 0.04296875 0.5875 0.0859375 0.134375
5 0.1921875 0.6578125 0.2625 0.36875
5 0.23984375 0.83671875 0.3765625 0.3265625