8 0.29453125 0.29296875 0.5890625 0.5859375
8 0.49609375 0.35 0.2453125 0.309375
0 0.64375 0.0375 0.05 0.075
5 0.66015625 0.31953125 0.0828125 0.6390625
5 0.309375 0.81953125 0.61875 0.3609375
0 0.7015625 0.86015625 0.05625 0.06875
0 0.78828125 0.86875 0.05 0.0546875
0 0.878125 0.875 0.0484375 0.053125
0 0.9375 0.85 0.0671875 0.078125
3 0.70390625 0.90625 0.0296875 0.028125
3 0.790625 0.9171875 0.0296875 0.0265625
3 0.8921875 0.90390625 0.0203125 0.025
3 0.921875 0.8890625 0.03125 0.0359375
4 0.87265625 0.9609375 0.0515625 0.078125
4 0.9421875 0.9609375 0.115625 0.078125
4 0.7984375 0.96796875 0.096875 0.0640625
4 0.7078125 0.96953125 0.10625 0.0609375
5 0.7109375 0.9109375 0.15625 0.178125
5 0.81015625 0.91875 0.1390625 0.1625
5 0.8953125 0.92109375 0.13125 0.1578125
5 0.92734375 0.9015625 0.1453125 0.196875