8 0.2296875 0.35859375 0.459375 0.2015625
8 0.80390625 0.2296875 0.3921875 0.459375
7 0.85625 0.31328125 0.025 0.0515625
5 0.8421875 0.3296875 0.0515625 0.125
4 0.1140625 0.553125 0.228125 0.1875
5 0.15625 0.68671875 0.3125 0.4546875
0 0.71796875 0.63984375 0.0734375 0.0953125
0 0.5765625 0.6671875 0.0796875 0.0875
2 0.84140625 0.66015625 0.078125 0.059375
2 0.47578125 0.65859375 0.0328125 0.0765625
3 0.84921875 0.75546875 0.0359375 0.0625
3 0.7125 0.725 0.040625 0.0375
3 0.56796875 0.75546875 0.040625 0.04375
4 0.5515625 0.8828125 0.109375 0.234375
4 0.71640625 0.8671875 0.11875 0.246875
4 0.89375 0.88515625 0.1125 0.2296875
5 0.853125 0.8125 0.2 0.375
5 0.71484375 0.79375 0.1796875 0.4125
5 0.54140625 0.80859375 0.1609375 0.3828125