8 0.7203125 0.234375 0.559375 0.46875
8 0.84609375 0.234375 0.3078125 0.46875
5 0.50078125 0.32265625 0.103125 0.178125
4 0.48359375 0.29921875 0.0234375 0.06875
0 0.92109375 0.725 0.08125 0.0796875
0 0.78671875 0.73359375 0.0328125 0.0390625
0 0.72734375 0.83359375 0.0390625 0.0625
3 0.7859375 0.77578125 0.0203125 0.021875
3 0.915625 0.796875 0.021875 0.03125
4 0.72734375 0.925 0.0546875 0.1078125
4 0.7890625 0.82890625 0.053125 0.1
4 0.9609375 0.9015625 0.078125 0.196875
3 0.73984375 0.8625 0.0125 0.0140625
5 0.76171875 0.8984375 0.1546875 0.203125
5 0.80078125 0.8546875 0.1046875 0.290625
5 0.92890625 0.84296875 0.1421875 0.3140625
2 0.06953125 0.4875 0.1046875 0.0375
4 0.3625 0.60625 0.15625 0.275
4 0.2234375 0.67265625 0.340625 0.3328125
4 0.06484375 0.60546875 0.1296875 0.1671875
5 0.10234375 0.734375 0.2046875 0.53125
5 0.22265625 0.734375 0.4359375 0.53125
5 0.33828125 0.734375 0.2046875 0.53125