8 0.309375 0.16484375 0.61875 0.3296875
8 0.8828125 0.16640625 0.234375 0.3265625
8 0.9203125 0.16484375 0.159375 0.3296875
0 0.9265625 0.22265625 0.0046875 0.00625
7 0.921875 0.2421875 0.009375 0.0234375
5 0.9203125 0.24921875 0.0203125 0.0625
9 0.915625 0.240625 0.046875 0.0578125
8 0.871875 0.20703125 0.046875 0.0484375
8 0.8109375 0.22421875 0.0578125 0.0609375
8 0.753125 0.20546875 0.0390625 0.065625
8 0.73203125 0.20625 0.0484375 0.0671875
8 0.7015625 0.19765625 0.053125 0.078125
8 0.6671875 0.19609375 0.0640625 0.0796875
8 0.62890625 0.17578125 0.0203125 0.1046875
9 0.3328125 0.6390625 0.109375 0.16875
9 0.24609375 0.61640625 0.115625 0.1015625
7 0.40625 0.62734375 0.1515625 0.3109375
7 0.55078125 0.6140625 0.0890625 0.1953125
0 0.4515625 0.3984375 0.06875 0.090625
0 0.55859375 0.46015625 0.0296875 0.0484375
5 0.53671875 0.70859375 0.1640625 0.5828125
5 0.43359375 0.66484375 0.3703125 0.6703125
7 0.8046875 0.84140625 0.365625 0.3171875
0 0.7546875 0.53828125 0.21875 0.2359375
3 0.71640625 0.721875 0.09375 0.0953125
5 0.809375 0.696875 0.38125 0.60625
9 0.89765625 0.83359375 0.2046875 0.3328125