8 0.2796875 0.234375 0.559375 0.46875
8 0.15390625 0.234375 0.3078125 0.46875
5 0.49921875 0.32265625 0.103125 0.178125
4 0.51640625 0.29921875 0.0234375 0.06875
0 0.07890625 0.725 0.08125 0.0796875
0 0.21328125 0.73359375 0.0328125 0.0390625
0 0.27265625 0.83359375 0.0390625 0.0625
3 0.2140625 0.77578125 0.0203125 0.021875
3 0.084375 0.796875 0.021875 0.03125
4 0.27265625 0.925 0.0546875 0.1078125
4 0.2109375 0.82890625 0.053125 0.1
4 0.0390625 0.9015625 0.078125 0.196875
3 0.26015625 0.8625 0.0125 0.0140625
5 0.23828125 0.8984375 0.1546875 0.203125
5 0.19921875 0.8546875 0.1046875 0.290625
5 0.07109375 0.84296875 0.1421875 0.3140625
2 0.93046875 0.4875 0.1046875 0.0375
4 0.6375 0.60625 0.15625 0.275
4 0.7765625 0.67265625 0.340625 0.3328125
4 0.93515625 0.60546875 0.1296875 0.1671875
5 0.89765625 0.734375 0.2046875 0.53125
5 0.77734375 0.734375 0.4359375 0.53125
5 0.66171875 0.734375 0.2046875 0.53125