8 0.83046875 0.309375 0.3390625 0.61875
8 0.33046875 0.309375 0.6609375 0.61875
8 0.053125 0.5453125 0.10625 0.146875
8 0.83046875 0.809375 0.3390625 0.38125
0 0.159375 0.646875 0.0125 0.015625
3 0.159375 0.65859375 0.0078125 0.009375
7 0.15703125 0.66796875 0.0234375 0.028125
5 0.15546875 0.66015625 0.028125 0.040625
9 0.05078125 0.75390625 0.1015625 0.1953125
9 0.1078125 0.73515625 0.1046875 0.14375
9 0.18203125 0.7578125 0.1984375 0.19375
9 0.23984375 0.66796875 0.0953125 0.05625
9 0.30703125 0.72734375 0.171875 0.1875
9 0.4203125 0.71484375 0.1515625 0.15
9 0.4828125 0.684375 0.19375 0.13125
9 0.6 0.7 0.121875 0.15625
8 0.5859375 0.6765625 0.15 0.115625
8 0.1859375 0.6578125 0.284375 0.078125