8 0.21640625 0.2 0.4328125 0.4
0 0.81875 0.2 0.3625 0.4
5 0.71171875 0.2 0.4453125 0.4
8 0.27734375 0.7 0.4234375 0.6
7 0.1984375 0.67890625 0.04375 0.046875
5 0.196875 0.67265625 0.075 0.0703125
7 0.4375 0.65 0.0546875 0.0578125
5 0.434375 0.6375 0.0578125 0.084375
0 0.928125 0.4921875 0.0421875 0.065625
3 0.98671875 0.43046875 0.021875 0.0234375
4 0.9328125 0.5859375 0.059375 0.1125
4 0.98046875 0.48359375 0.0390625 0.1046875
3 0.9421875 0.52265625 0.0125 0.015625
5 0.93984375 0.62734375 0.1203125 0.3546875
5 0.97109375 0.54296875 0.0578125 0.2859375