8 0.30390625 0.0984375 0.1921875 0.196875
8 0.321875 0.3125 0.1625 0.275
8 0.725 0.25234375 0.55 0.3953125
8 0.23828125 0.63515625 0.03125 0.0328125
9 0.26875 0.64375 0.0328125 0.03125
3 0.2125 0.703125 0.009375 0.0109375
0 0.209375 0.68359375 0.0203125 0.034375
5 0.2265625 0.77890625 0.05625 0.2265625
4 0.35078125 0.6578125 0.028125 0.0578125
0 0.34921875 0.61484375 0.0171875 0.021875
5 0.35625 0.7 0.0546875 0.196875
4 0.725 0.590625 0.55 0.28125
1 0.86328125 0.54140625 0.2734375 0.1828125
5 0.725 0.725 0.55 0.55