8 0.58359375 0.13984375 0.3859375 0.2796875
0 0.4015625 0.559375 0.021875 0.0625
0 0.5671875 0.5265625 0.0765625 0.0625
0 0.44140625 0.60859375 0.0421875 0.0453125
0 0.715625 0.32109375 0.103125 0.0828125
3 0.740625 0.36328125 0.059375 0.04375
3 0.5875 0.56328125 0.03125 0.0265625
3 0.43203125 0.64296875 0.0265625 0.0265625
4 0.4234375 0.6875 0.065625 0.065625
4 0.6046875 0.6328125 0.115625 0.1375
4 0.8859375 0.40859375 0.228125 0.2578125
5 0.8203125 0.53203125 0.359375 0.5046875
5 0.4578125 0.67890625 0.134375 0.3390625
5 0.43046875 0.65703125 0.0796875 0.1484375
5 0.58046875 0.68515625 0.2359375 0.396875
8 0.12734375 0.63203125 0.2546875 0.5265625