8 0.36953125 0.2015625 0.1609375 0.403125
8 0.25625 0.34453125 0.3875 0.4296875
8 0.7375 0.0703125 0.184375 0.140625
8 0.725 0.2796875 0.55 0.559375
3 0.678125 0.02734375 0.0078125 0.0109375
2 0.6796875 0.01171875 0.0125 0.0171875
4 0.6828125 0.04765625 0.0171875 0.0359375
5 0.67734375 0.04375 0.0359375 0.08125
6 0.43828125 0.884375 0.0140625 0.0234375
6 0.41875 0.86953125 0.009375 0.015625
6 0.40546875 0.86015625 0.0078125 0.0125
6 0.4 0.85546875 0.00625 0.0109375
6 0.39453125 0.85234375 0.00625 0.009375
6 0.38828125 0.84765625 0.00625 0.0140625
6 0.2421875 0.92109375 0.0203125 0.034375
6 0.2859375 0.890625 0.0125 0.021875
6 0.30234375 0.87890625 0.009375 0.01875
6 0.32421875 0.86328125 0.00625 0.0125
6 0.3296875 0.85859375 0.00625 0.0109375
6 0.33359375 0.85625 0.0046875 0.009375
6 0.3359375 0.85078125 0.0046875 0.0140625
6 0.02421875 0.875 0.0046875 0.0078125
6 0.3859375 0.8484375 0.003125 0.009375
6 0.3828125 0.846875 0.003125 0.00625
6 0.37421875 0.84609375 0.0046875 0.00625
6 0.35859375 0.84609375 0.003125 0.00625
6 0.34296875 0.846875 0.003125 0.00625
6 0.33125 0.85078125 0.0015625 0.0078125
6 0.32890625 0.85 0.003125 0.0078125
6 0.3203125 0.84921875 0.003125 0.00625
6 0.30859375 0.84921875 0.003125 0.00625
6 0.28671875 0.85 0.003125 0.00625
6 0.25390625 0.853125 0.003125 0.0078125
6 0.22578125 0.85546875 0.003125 0.0078125
6 0.19765625 0.8578125 0.003125 0.0078125
6 0.15078125 0.8609375 0.003125 0.00625
6 0.16875 0.86015625 0.0046875 0.00625
6 0.1421875 0.8625 0.003125 0.0078125
6 0.115625 0.8640625 0.003125 0.00625
6 0.09921875 0.8671875 0.0046875 0.0078125
6 0.071875 0.86796875 0.003125 0.0078125
6 0.059375 0.87109375 0.0046875 0.0078125
6 0.03203125 0.871875 0.003125 0.0078125
5 0.8328125 0.7796875 0.334375 0.440625
4 0.90546875 0.815625 0.1890625 0.36875