8 0.75390625 0.12578125 0.2265625 0.2515625
8 0.3203125 0.2453125 0.640625 0.490625
2 0.4875 0.1296875 0.034375 0.01875
5 0.4484375 0.178125 0.125 0.1421875
8 0.90234375 0.86953125 0.1953125 0.2609375
8 0.8203125 0.75 0.359375 0.5
9 0.7890625 0.67421875 0.025 0.0640625
9 0.81875 0.68671875 0.0578125 0.0796875
8 0.6546875 0.56640625 0.028125 0.0546875
9 0.7140625 0.5390625 0.0109375 0.0140625
9 0.69921875 0.56015625 0.0171875 0.021875
9 0.71171875 0.5703125 0.0171875 0.0234375
8 0.3203125 0.75 0.640625 0.5