8 0.209375 0.18984375 0.41875 0.3796875
5 0.371875 0.0109375 0.015625 0.021875
9 0.578125 0.3484375 0.103125 0.0625
9 0.44453125 0.3375 0.0515625 0.084375
7 0.50546875 0.2875 0.1359375 0.184375
7 0.715625 0.31796875 0.0875 0.1234375
3 0.52890625 0.184375 0.034375 0.0453125
3 0.74296875 0.2375 0.0109375 0.025
0 0.734375 0.2015625 0.053125 0.0703125
0 0.5453125 0.12109375 0.0484375 0.059375
5 0.5296875 0.18984375 0.221875 0.3796875
5 0.6953125 0.2390625 0.178125 0.28125
0 0.35390625 0.4921875 0.1296875 0.171875
2 0.1171875 0.45625 0.11875 0.153125
3 0.328125 0.61015625 0.0796875 0.071875
3 0.1078125 0.58203125 0.0703125 0.059375
4 0.09609375 0.77109375 0.1921875 0.4578125
4 0.30546875 0.8140625 0.2265625 0.371875
5 0.278125 0.6984375 0.28125 0.603125
5 0.1296875 0.68984375 0.259375 0.6203125
8 0.67578125 0.5921875 0.5140625 0.425
3 0.98828125 0.50078125 0.0234375 0.0484375
0 0.98359375 0.4234375 0.0328125 0.0875
7 0.95390625 0.65078125 0.0921875 0.2890625
5 0.91640625 0.646875 0.1671875 0.534375