8 0.275 0.275 0.55 0.55
4 0.24140625 0.509375 0.059375 0.0671875
2 0.265625 0.459375 0.028125 0.0203125
3 0.2609375 0.478125 0.0234375 0.01875
5 0.23359375 0.49453125 0.0953125 0.1109375
1 0.81875 0.278125 0.3625 0.35625
2 0.8359375 0.0640625 0.328125 0.128125
4 0.775 0.4328125 0.45 0.234375
5 0.775 0.275 0.45 0.55
2 0.43984375 0.7875 0.13125 0.1453125
1 0.40546875 0.85859375 0.0515625 0.0625
4 0.453125 0.621875 0.1375 0.14375
4 0.37890625 0.94453125 0.2421875 0.1109375
5 0.39453125 0.69609375 0.3109375 0.2921875
5 0.3703125 0.85 0.35 0.3
8 0.871875 0.71328125 0.25625 0.3234375
8 0.79375 0.86328125 0.4125 0.2734375
4 0.90625 0.6609375 0.0171875 0.025
5 0.90859375 0.65546875 0.0234375 0.034375