8 0.20546875 0.284375 0.4109375 0.56875
0 0.69375 0.45234375 0.06875 0.075
5 0.728125 0.4890625 0.215625 0.159375
4 0.70625 0.5375 0.115625 0.0625
4 0.7828125 0.36328125 0.0203125 0.0359375
0 0.77890625 0.33515625 0.0140625 0.015625
5 0.7890625 0.38359375 0.046875 0.1203125
8 0.18984375 0.78828125 0.3796875 0.3109375
3 0.91875 0.6265625 0.009375 0.009375
0 0.915625 0.60703125 0.01875 0.021875
4 0.93125 0.63828125 0.034375 0.0421875
4 0.8640625 0.68125 0.0296875 0.0625
5 0.85859375 0.68125 0.0625 0.125
5 0.928125 0.6609375 0.075 0.1390625