8 0.1234375 0.309375 0.246875 0.140625
8 0.28203125 0.10078125 0.165625 0.178125
1 0.8765625 0.121875 0.246875 0.24375
4 0.81484375 0.221875 0.3703125 0.315625
5 0.81484375 0.18984375 0.3703125 0.3796875
8 0.51953125 0.559375 0.2203125 0.359375
8 0.3515625 0.64453125 0.3890625 0.4609375
8 0.0859375 0.4625 0.171875 0.165625
9 0.66640625 0.7984375 0.0734375 0.403125
6 0.89453125 0.93125 0.03125 0.04375
9 0.91484375 0.78984375 0.1703125 0.4203125
3 0.8359375 0.67890625 0.053125 0.10625
0 0.82890625 0.56015625 0.1390625 0.1375
7 0.76328125 0.83203125 0.2484375 0.3359375
5 0.7828125 0.740625 0.30625 0.51875