6 0.1625 0.37578125 0.23125 0.1484375
2 0.02421875 0.403125 0.0484375 0.09375
5 0.13828125 0.371875 0.2765625 0.15625
8 0.68984375 0.225 0.6203125 0.45
2 0.52890625 0.27109375 0.021875 0.025
3 0.53046875 0.2953125 0.015625 0.0171875
4 0.5296875 0.3328125 0.0265625 0.0546875
5 0.540625 0.34609375 0.059375 0.175
8 0.75703125 0.725 0.4859375 0.55
8 0.496875 0.87890625 0.234375 0.2421875
8 0.41015625 0.5078125 0.0609375 0.046875
8 0.7765625 0.48828125 0.0390625 0.021875
9 0.7296875 0.50078125 0.0390625 0.0234375