0 0.98515625 0.38125 0.0296875 0.046875
2 0.95625 0.2515625 0.0625 0.025
2 0.64765625 0.0140625 0.1015625 0.028125
4 0.98359375 0.31875 0.0328125 0.096875
4 0.6765625 0.08359375 0.1578125 0.1328125
3 0.6609375 0.0515625 0.0703125 0.0203125
3 0.953125 0.27265625 0.03125 0.015625
5 0.9515625 0.35234375 0.096875 0.2328125
5 0.6984375 0.1671875 0.21875 0.334375
8 0.55546875 0.55859375 0.0671875 0.1796875
8 0.175 0.67734375 0.35 0.3765625
8 0.32109375 0.734375 0.5359375 0.53125
3 0.5546875 0.5265625 0.0078125 0.0109375
2 0.559375 0.5109375 0.0125 0.0171875
4 0.55859375 0.54921875 0.015625 0.0375
5 0.55234375 0.54375 0.03125 0.0859375
1 0.7203125 0.59140625 0.2625 0.2453125
4 0.79453125 0.83046875 0.4109375 0.3390625
5 0.79453125 0.734375 0.4109375 0.53125