8 0.37890625 0.13046875 0.1421875 0.2171875
5 0.43046875 0.08203125 0.0390625 0.0546875
8 0.2421875 0.71640625 0.415625 0.4953125
0 0.0578125 0.91015625 0.009375 0.0140625
7 0.05859375 0.934375 0.0125 0.0328125
5 0.0609375 0.94453125 0.01875 0.0828125
0 0.92109375 0.4875 0.0703125 0.0375
3 0.8921875 0.49765625 0.025 0.0578125
0 0.83671875 0.49296875 0.0328125 0.0484375
7 0.84921875 0.6265625 0.06875 0.1890625
7 0.90546875 0.69375 0.1359375 0.325
5 0.9078125 0.734375 0.171875 0.53125
5 0.85546875 0.734375 0.1203125 0.53125