8 0.21484375 0.175 0.4296875 0.35
8 0.353125 0.275 0.153125 0.55
7 0.18671875 0.1078125 0.0328125 0.0359375
2 0.1796875 0.07578125 0.0171875 0.01875
5 0.1984375 0.11640625 0.06875 0.10625
6 0.525 0.17421875 0.053125 0.10625
9 0.7484375 0.29375 0.503125 0.5125
6 0.47421875 0.00546875 0.0171875 0.0109375
3 0.28046875 0.58046875 0.0109375 0.0109375
0 0.275 0.5609375 0.021875 0.021875
4 0.271875 0.5984375 0.0390625 0.046875
4 0.3578125 0.61796875 0.0359375 0.06875
5 0.3625 0.61640625 0.071875 0.1328125
5 0.28359375 0.6234375 0.0859375 0.146875
0 0.96484375 0.59921875 0.0703125 0.0984375
4 0.93828125 0.79296875 0.1234375 0.2921875
5 0.90703125 0.775 0.1859375 0.45
5 0.50859375 0.775 0.1578125 0.45