9 0.76484375 0.30078125 0.4703125 0.4765625
7 0.9390625 0.4125 0.121875 0.253125
5 0.84921875 0.3046875 0.3015625 0.46875
4 0.16171875 0.77421875 0.3234375 0.4515625
5 0.24765625 0.76953125 0.4953125 0.4609375
5 0.38828125 0.76953125 0.2828125 0.4609375
3 0.56328125 0.64140625 0.0265625 0.0265625
3 0.5921875 0.5984375 0.021875 0.0234375
3 0.6234375 0.628125 0.025 0.0234375
3 0.68828125 0.584375 0.0296875 0.025
3 0.66875 0.65234375 0.0265625 0.025
3 0.76015625 0.60859375 0.025 0.0234375
3 0.734375 0.6734375 0.028125 0.0265625
3 0.78671875 0.65234375 0.0265625 0.0265625
3 0.871875 0.62890625 0.028125 0.028125
3 0.97734375 0.72265625 0.03125 0.0296875
3 0.909375 0.68359375 0.0328125 0.0265625
3 0.8171875 0.68671875 0.0296875 0.0296875
0 0.98203125 0.67421875 0.0359375 0.0546875
0 0.91953125 0.640625 0.0484375 0.0484375
0 0.8796875 0.5875 0.040625 0.0421875
0 0.82734375 0.63515625 0.0484375 0.0484375
0 0.7953125 0.61171875 0.040625 0.0453125
0 0.76875 0.5734375 0.0375 0.0390625
0 0.74453125 0.628125 0.0453125 0.046875
0 0.6953125 0.5515625 0.040625 0.025
0 0.675 0.6109375 0.0453125 0.0484375
0 0.63359375 0.58984375 0.04375 0.0453125
0 0.5953125 0.55859375 0.040625 0.0390625
0 0.56875 0.59453125 0.046875 0.05
0 0.5359375 0.5578125 0.0125 0.0375
7 0.98984375 0.765625 0.0203125 0.090625
7 0.9421875 0.81953125 0.115625 0.2109375
7 0.89140625 0.76796875 0.1328125 0.178125
7 0.86796875 0.6734375 0.071875 0.075
7 0.8015625 0.77265625 0.134375 0.19375
7 0.71328125 0.76015625 0.10625 0.165625
7 0.77734375 0.68203125 0.05625 0.071875
7 0.73984375 0.6484375 0.075 0.0671875
7 0.67890625 0.6375 0.09375 0.1015625
7 0.64140625 0.74921875 0.103125 0.178125
7 0.5921875 0.72265625 0.078125 0.159375
7 0.5890625 0.63671875 0.034375 0.0421875
7 0.56640625 0.72578125 0.0734375 0.1765625
5 0.965625 0.815625 0.06875 0.36875
5 0.915625 0.81796875 0.16875 0.3640625
5 0.87734375 0.80234375 0.1921875 0.3953125
5 0.84375 0.78203125 0.14375 0.4359375
5 0.78671875 0.8 0.1953125 0.4
5 0.7546875 0.79140625 0.14375 0.4171875
5 0.73359375 0.7625 0.1203125 0.4171875
5 0.70234375 0.8 0.1796875 0.4
5 0.6578125 0.74609375 0.165625 0.4140625
5 0.63203125 0.790625 0.1609375 0.41875
5 0.596875 0.78203125 0.134375 0.4359375
5 0.5796875 0.75078125 0.1 0.4234375
5 0.578125 0.78203125 0.096875 0.4359375
5 0.54609375 0.740625 0.0328125 0.403125