8 0.28125 0.21953125 0.5625 0.4390625
8 0.1953125 0.2484375 0.390625 0.38125
8 0.475 0.16484375 0.153125 0.1078125
0 0.18828125 0.33515625 0.0140625 0.0109375
3 0.18828125 0.34921875 0.009375 0.009375
4 0.19140625 0.36328125 0.0203125 0.03125
5 0.19765625 0.3671875 0.04375 0.0796875
5 0.8296875 0.1171875 0.340625 0.234375
6 0.50625 0.82734375 0.30625 0.3453125
4 0.15 0.68203125 0.053125 0.04375
4 0.20546875 0.66953125 0.046875 0.053125
2 0.19609375 0.6328125 0.021875 0.015625
2 0.1375 0.6453125 0.0265625 0.01875
5 0.14765625 0.696875 0.078125 0.13125
5 0.20234375 0.67890625 0.065625 0.1078125
8 0.78359375 0.521875 0.2484375 0.165625
8 0.8109375 0.50078125 0.178125 0.1234375