8 0.459375 0.1640625 0.21875 0.328125
8 0.08125 0.3140625 0.1625 0.390625
9 0.128125 0.15859375 0.0453125 0.0515625
9 0.265625 0.065625 0.0421875 0.0546875
9 0.153125 0.128125 0.11875 0.0796875
9 0.1421875 0.234375 0.078125 0.075
0 0.10625 0.21796875 0.009375 0.009375
7 0.11015625 0.23203125 0.0109375 0.0171875
5 0.10859375 0.228125 0.0140625 0.03125
0 0.47734375 0.26015625 0.0109375 0.009375
7 0.48828125 0.28671875 0.0203125 0.0375
5 0.4859375 0.30625 0.04375 0.1046875
0 0.26171875 0.24453125 0.009375 0.0078125
4 0.2703125 0.26328125 0.0140625 0.028125
5 0.27265625 0.27890625 0.028125 0.0828125
5 0.259375 0.2796875 0.0296875 0.084375
5 0.34375 0.3671875 0.04375 0.1078125
5 0.315625 0.37734375 0.046875 0.109375
5 0.296875 0.38046875 0.0390625 0.1125
5 0.27890625 0.3796875 0.04375 0.1109375
5 0.28046875 0.31796875 0.0140625 0.0171875
5 0.25703125 0.3109375 0.0203125 0.034375
0 0.25546875 0.3015625 0.0140625 0.015625
7 0.26015625 0.31796875 0.0125 0.015625
0 0.240625 0.30234375 0.0109375 0.0109375
7 0.2453125 0.32890625 0.021875 0.04375
5 0.24375 0.32421875 0.0265625 0.0625
0 0.25546875 0.32734375 0.0140625 0.015625
7 0.25546875 0.3546875 0.021875 0.0375
5 0.25859375 0.3796875 0.040625 0.1203125
7 0.2765625 0.3578125 0.03125 0.04375
7 0.29375 0.35625 0.0265625 0.0453125
7 0.3125 0.359375 0.0359375 0.0453125
7 0.340625 0.35078125 0.0328125 0.0421875
0 0.33203125 0.32265625 0.0125 0.0140625
0 0.3109375 0.33125 0.0125 0.0140625
0 0.284375 0.32578125 0.0109375 0.0109375
0 0.26875 0.33125 0.0125 0.0140625
0 0.2515625 0.24375 0.0109375 0.009375
0 0.2234375 0.25546875 0.0125 0.0109375
0 0.21484375 0.24921875 0.0109375 0.0109375
0 0.19296875 0.30234375 0.0109375 0.0125
0 0.22265625 0.30234375 0.0125 0.0140625
0 0.2140625 0.3359375 0.0125 0.015625
0 0.2046875 0.34453125 0.0125 0.0140625
0 0.15703125 0.33046875 0.0140625 0.0140625
0 0.12890625 0.378125 0.0109375 0.0171875
6 0.16875 0.31171875 0.0140625 0.0296875
5 0.05859375 0.47578125 0.0265625 0.0328125
7 0.1390625 0.40546875 0.025 0.0421875
5 0.1515625 0.41640625 0.059375 0.109375
5 0.16640625 0.37578125 0.0421875 0.1109375
5 0.190625 0.33046875 0.0375 0.071875
5 0.23203125 0.38359375 0.046875 0.1171875
5 0.2140625 0.3890625 0.046875 0.121875
5 0.225 0.3265625 0.028125 0.0625
5 0.228125 0.27265625 0.021875 0.0515625
5 0.21640625 0.26953125 0.021875 0.05625
7 0.16015625 0.3609375 0.025 0.0453125
7 0.19375 0.325 0.01875 0.028125
7 0.21171875 0.36875 0.028125 0.0421875
7 0.228125 0.36640625 0.028125 0.046875
7 0.225 0.328125 0.0234375 0.040625
7 0.22890625 0.27734375 0.0171875 0.0328125
7 0.21796875 0.27421875 0.0171875 0.0296875
7 0.25703125 0.26640625 0.021875 0.0328125
6 0.2375 0.128125 0.009375 0.025
6 0.2453125 0.12109375 0.0078125 0.01875
6 0.2390625 0.1140625 0.009375 0.028125
6 0.97421875 0.02890625 0.0484375 0.0578125
5 0.8828125 0.40546875 0.234375 0.2078125
9 0.784375 0.2546875 0.43125 0.509375
9 0.45234375 0.8671875 0.0296875 0.034375
9 0.3296875 0.9015625 0.0265625 0.03125
9 0.07109375 0.92890625 0.015625 0.0375
9 0.103125 0.93984375 0.0796875 0.084375
9 0.14296875 0.946875 0.015625 0.0375
9 0.1671875 0.93828125 0.046875 0.053125
3 0.90234375 0.54609375 0.1015625 0.0734375
3 0.715625 0.5484375 0.125 0.078125
4 0.7609375 0.7234375 0.35 0.3859375
4 0.92421875 0.6859375 0.1515625 0.3
5 0.9 0.7546875 0.2 0.490625
5 0.784375 0.7546875 0.43125 0.490625