8 0.9078125 0.12421875 0.184375 0.2484375
1 0.1359375 0.22734375 0.271875 0.1828125
2 0.221875 0.07265625 0.44375 0.1453125
5 0.2953125 0.159375 0.590625 0.31875
8 0.7953125 0.659375 0.409375 0.68125
2 0.71875 0.55078125 0.0390625 0.0265625
2 0.8078125 0.80859375 0.0578125 0.0375
3 0.71640625 0.578125 0.021875 0.015625
3 0.80703125 0.85859375 0.015625 0.01875
4 0.8515625 0.896875 0.071875 0.1078125
4 0.73359375 0.64140625 0.0484375 0.1
5 0.72265625 0.696875 0.15625 0.33125
5 0.8140625 0.8921875 0.1875 0.215625
0 0.365625 0.62734375 0.2 0.203125
3 0.36953125 0.80859375 0.1109375 0.09375
4 0.3421875 0.9390625 0.24375 0.121875
5 0.321875 0.759375 0.3625 0.48125