8 0.3171875 0.121875 0.2 0.240625
8 0.1671875 0.26953125 0.334375 0.3640625
6 0.4796875 0.1515625 0.015625 0.08125
8 0.534375 0.0484375 0.178125 0.096875
5 0.9609375 0.3 0.078125 0.6
6 0.01015625 0.909375 0.0203125 0.134375
6 0.175 0.8375 0.040625 0.0828125
6 0.22109375 0.78671875 0.021875 0.05
6 0.17421875 0.74921875 0.015625 0.0421875
6 0.22421875 0.75546875 0.0171875 0.0375
6 0.67421875 0.8734375 0.0109375 0.096875
6 0.60703125 0.80625 0.0296875 0.06875
6 0.53671875 0.77578125 0.021875 0.0546875
6 0.490625 0.75859375 0.0171875 0.0484375
6 0.4265625 0.74453125 0.0203125 0.0453125
6 0.33828125 0.73671875 0.015625 0.0375
6 0.2546875 0.73359375 0.0125 0.034375
6 0.1765625 0.734375 0.0140625 0.0390625
6 0.0640625 0.75078125 0.0171875 0.0515625
9 0.13515625 0.659375 0.0984375 0.09375
9 0.26640625 0.6671875 0.15 0.1109375
9 0.33984375 0.93515625 0.6796875 0.1296875
2 0.12421875 0.6203125 0.009375 0.009375
3 0.12578125 0.63203125 0.0046875 0.009375
4 0.12578125 0.6515625 0.015625 0.0328125
5 0.1234375 0.67421875 0.0265625 0.11875