8 0.178125 0.0703125 0.35625 0.140625
8 0.7046875 0.2296875 0.590625 0.459375
8 0.80625 0.3453125 0.3875 0.228125
7 0.53125 0.3640625 0.03125 0.034375
2 0.52578125 0.3328125 0.015625 0.0171875
5 0.54296875 0.3703125 0.0640625 0.1
2 0.2203125 0.625 0.0109375 0.0109375
2 0.26796875 0.60234375 0.0140625 0.0140625
2 0.2828125 0.6125 0.009375 0.009375
4 0.22578125 0.6625 0.025 0.0375
4 0.26796875 0.6375 0.01875 0.034375
4 0.290625 0.64453125 0.025 0.0359375
5 0.29375 0.66875 0.053125 0.1296875
5 0.26953125 0.628125 0.0328125 0.065625
5 0.24375 0.6453125 0.040625 0.0765625
4 0.2421875 0.64609375 0.0265625 0.0421875
4 0.228125 0.67421875 0.04375 0.1140625
7 0.16640625 0.7734375 0.3328125 0.453125
3 0.04921875 0.58125 0.0984375 0.10625
5 0.17109375 0.7296875 0.3421875 0.540625
3 0.8265625 0.628125 0.0234375 0.0171875
2 0.81953125 0.61328125 0.0328125 0.021875
4 0.83203125 0.66171875 0.0625 0.05625
5 0.85078125 0.70859375 0.1546875 0.2375