8 0.21015625 0.2140625 0.4046875 0.428125
8 0.72578125 0.28671875 0.0671875 0.4171875
9 0.67265625 0.140625 0.04375 0.0515625
9 0.50625 0.0828125 0.040625 0.05625
9 0.63828125 0.11640625 0.1203125 0.0734375
9 0.67890625 0.221875 0.078125 0.075
0 0.71015625 0.19609375 0.0078125 0.0078125
7 0.71171875 0.21171875 0.009375 0.0171875
5 0.7109375 0.20703125 0.0125 0.03125
0 0.34609375 0.340625 0.0109375 0.009375
7 0.34140625 0.37109375 0.01875 0.0375
5 0.3484375 0.390625 0.0359375 0.109375
0 0.559375 0.265625 0.0078125 0.0078125
4 0.55625 0.2859375 0.0140625 0.0296875
5 0.5578125 0.303125 0.0234375 0.0875
5 0.571875 0.3015625 0.0234375 0.0890625
5 0.51015625 0.41328125 0.0359375 0.1125
5 0.54140625 0.41640625 0.040625 0.1125
5 0.5609375 0.4140625 0.0296875 0.1171875
5 0.57890625 0.4078125 0.0375 0.1171875
5 0.5609375 0.34609375 0.0125 0.0171875
5 0.5828125 0.3328125 0.01875 0.0359375
0 0.5828125 0.32265625 0.0140625 0.015625
7 0.58125 0.33984375 0.0125 0.0171875
0 0.596875 0.31875 0.0109375 0.0109375
7 0.6 0.34765625 0.01875 0.0453125
5 0.60078125 0.34296875 0.021875 0.065625
0 0.58828125 0.3484375 0.0125 0.015625
7 0.596875 0.3765625 0.0203125 0.0375
5 0.6 0.403125 0.0328125 0.125
7 0.575 0.38515625 0.0296875 0.04375
7 0.5578125 0.3875 0.0234375 0.046875
7 0.53984375 0.396875 0.034375 0.046875
7 0.50859375 0.3953125 0.0328125 0.0421875
0 0.509375 0.3640625 0.0125 0.015625
0 0.53359375 0.3671875 0.0125 0.0140625
0 0.559375 0.3546875 0.0109375 0.0109375
0 0.57578125 0.35625 0.0125 0.0140625
0 0.5703125 0.2625 0.0109375 0.0109375
0 0.6015625 0.265625 0.0125 0.0109375
0 0.609375 0.2578125 0.0109375 0.0109375
0 0.6453125 0.30625 0.0109375 0.0109375
0 0.615625 0.31328125 0.0125 0.0140625
0 0.6328125 0.34609375 0.0125 0.015625
0 0.6453125 0.35234375 0.0125 0.0140625
0 0.68984375 0.32421875 0.0140625 0.0140625
0 0.73125 0.365625 0.009375 0.0171875
6 0.67265625 0.30859375 0.0125 0.0296875
7 0.72890625 0.396875 0.0234375 0.04375
5 0.71875 0.4109375 0.053125 0.1125
5 0.69375 0.37421875 0.034375 0.115625
5 0.65546875 0.334375 0.0328125 0.0734375
5 0.628125 0.4 0.0390625 0.121875
5 0.64921875 0.40078125 0.0375 0.128125
5 0.6203125 0.3390625 0.0234375 0.0640625
5 0.6015625 0.284375 0.01875 0.0546875
5 0.6125 0.27890625 0.01875 0.059375
7 0.6953125 0.35625 0.0234375 0.0453125
7 0.6515625 0.32890625 0.0171875 0.028125
7 0.64453125 0.3796875 0.0265625 0.04375
7 0.62734375 0.38046875 0.0265625 0.0484375
7 0.6203125 0.340625 0.0203125 0.0421875
7 0.6015625 0.28984375 0.0140625 0.034375
7 0.6125 0.28359375 0.015625 0.03125
7 0.5703125 0.28671875 0.0203125 0.0328125
6 0.55234375 0.13984375 0.0078125 0.0265625
6 0.5421875 0.13359375 0.0078125 0.01875
6 0.546875 0.12578125 0.0078125 0.0296875
6 0.90859375 0.04921875 0.01875 0.040625
6 0.7765625 0.0546875 0.021875 0.05
9 0.878125 0.36484375 0.2375 0.5078125
6 0.97421875 0.00625 0.0078125 0.0125
0 0.88828125 0.7796875 0.0140625 0.0109375
0 0.85703125 0.77578125 0.0140625 0.0125
5 0.8578125 0.78671875 0.025 0.034375
5 0.8890625 0.78828125 0.0234375 0.0234375