8 0.17734375 0.259375 0.3546875 0.434375
5 0.03828125 0.29765625 0.025 0.0453125
7 0.61640625 0.4921875 0.0734375 0.215625
7 0.76953125 0.334375 0.04375 0.0953125
7 0.73671875 0.36953125 0.0703125 0.128125
7 0.81015625 0.35546875 0.0609375 0.1171875
7 0.85234375 0.34921875 0.0421875 0.09375
7 0.884375 0.3921875 0.0765625 0.1625
7 0.91796875 0.31171875 0.046875 0.0890625
7 0.95703125 0.3828125 0.071875 0.11875
7 0.98125 0.33671875 0.03125 0.071875
0 0.9671875 0.278125 0.01875 0.025
0 0.94609375 0.271875 0.034375 0.0375
0 0.934375 0.25546875 0.01875 0.015625
0 0.9078125 0.23984375 0.0234375 0.0265625
0 0.878125 0.25859375 0.04375 0.0453125
0 0.8546875 0.2765625 0.0171875 0.0203125
0 0.79296875 0.265625 0.0328125 0.0328125
0 0.73515625 0.2609375 0.015625 0.01875
0 0.72734375 0.26796875 0.034375 0.028125
0 0.5921875 0.2734375 0.025 0.103125
3 0.5859375 0.3609375 0.0125 0.0375
3 0.73828125 0.30078125 0.015625 0.0171875
3 0.79453125 0.29609375 0.015625 0.0140625
3 0.8625 0.29921875 0.0109375 0.0140625
3 0.8875 0.29921875 0.0203125 0.0171875
3 0.9140625 0.26796875 0.0140625 0.0140625
3 0.9625 0.2890625 0.00625 0.0078125
3 0.95546875 0.30625 0.0125 0.0125
5 0.66484375 0.4046875 0.1703125 0.390625
5 0.7703125 0.390625 0.084375 0.284375
5 0.746875 0.4203125 0.115625 0.340625
5 0.81875 0.403125 0.1203125 0.31875
5 0.8578125 0.37109375 0.0625 0.2109375
5 0.9015625 0.4171875 0.13125 0.365625
5 0.92578125 0.365625 0.075 0.2796875
5 0.93515625 0.2625 0.0203125 0.0328125
5 0.978125 0.35859375 0.04375 0.1890625
5 0.95625 0.39375 0.0875 0.284375
5 0.2796875 0.6953125 0.359375 0.190625
4 0.19921875 0.6125 0.1453125 0.025
1 0.7359375 0.7625 0.3125 0.278125
4 0.78984375 0.91953125 0.4203125 0.1609375
5 0.78984375 0.8 0.4203125 0.4