8 0.2 0.24453125 0.4 0.4890625
6 0.32421875 0.409375 0.08125 0.165625
6 0.19140625 0.4234375 0.103125 0.2109375
2 0.215625 0.00703125 0.03125 0.0140625
5 0.3953125 0.24765625 0.009375 0.0671875
7 0.21328125 0.0671875 0.0703125 0.0875
3 0.21015625 0.03203125 0.021875 0.021875
5 0.215625 0.05390625 0.103125 0.1078125
7 0.98203125 0.075 0.0203125 0.015625
5 0.98203125 0.0671875 0.025 0.0375
8 0.875 0.16875 0.25 0.3375
8 0.190625 0.784375 0.38125 0.43125
8 0.77421875 0.784375 0.4515625 0.43125
8 0.54921875 0.80390625 0.2984375 0.3921875