0 0.340625 0.0921875 0.103125 0.0828125
1 0.32578125 0.190625 0.078125 0.0828125
7 0.30546875 0.3484375 0.2078125 0.2671875
5 0.28359375 0.31796875 0.4421875 0.5640625
0 0.834375 0.2890625 0.2140625 0.3296875
3 0.83984375 0.47109375 0.059375 0.096875
7 0.878125 0.45078125 0.24375 0.2984375
5 0.82734375 0.359375 0.3453125 0.48125
6 0.23046875 0.6109375 0.0265625 0.021875
6 0.26484375 0.65703125 0.0359375 0.059375
6 0.35078125 0.78671875 0.0609375 0.109375
0 0.92890625 0.8 0.1421875 0.4
5 0.80859375 0.8 0.3828125 0.4