8 0.09765625 0.078125 0.1953125 0.15625
8 0.275 0.17265625 0.1875 0.3453125
7 0.07421875 0.1171875 0.0109375 0.0125
5 0.07421875 0.1140625 0.0140625 0.0203125
8 0.071875 0.13671875 0.1015625 0.1171875
2 0.36015625 0.1875 0.009375 0.0109375
5 0.3609375 0.1984375 0.015625 0.0375
8 0.93515625 0.14609375 0.1296875 0.2921875
8 0.61015625 0.37265625 0.1671875 0.1921875
8 0.43515625 0.2421875 0.1328125 0.259375
8 0.5609375 0.13046875 0.23125 0.240625
0 0.46796875 0.16640625 0.009375 0.0109375
7 0.47265625 0.18515625 0.015625 0.0265625
5 0.475 0.19140625 0.028125 0.0640625
9 0.184375 0.734375 0.36875 0.53125
5 0.4234375 0.734375 0.109375 0.53125