8 0.78984375 0.2140625 0.4046875 0.428125
8 0.27421875 0.28671875 0.0671875 0.4171875
9 0.32734375 0.140625 0.04375 0.0515625
9 0.49375 0.0828125 0.040625 0.05625
9 0.36171875 0.11640625 0.1203125 0.0734375
9 0.32109375 0.221875 0.078125 0.075
0 0.28984375 0.19609375 0.0078125 0.0078125
7 0.28828125 0.21171875 0.009375 0.0171875
5 0.2890625 0.20703125 0.0125 0.03125
0 0.65390625 0.340625 0.0109375 0.009375
7 0.65859375 0.37109375 0.01875 0.0375
5 0.6515625 0.390625 0.0359375 0.109375
0 0.440625 0.265625 0.0078125 0.0078125
4 0.44375 0.2859375 0.0140625 0.0296875
5 0.4421875 0.303125 0.0234375 0.0875
5 0.428125 0.3015625 0.0234375 0.0890625
5 0.48984375 0.41328125 0.0359375 0.1125
5 0.45859375 0.41640625 0.040625 0.1125
5 0.4390625 0.4140625 0.0296875 0.1171875
5 0.42109375 0.4078125 0.0375 0.1171875
5 0.4390625 0.34609375 0.0125 0.0171875
5 0.4171875 0.3328125 0.01875 0.0359375
0 0.4171875 0.32265625 0.0140625 0.015625
7 0.41875 0.33984375 0.0125 0.0171875
0 0.403125 0.31875 0.0109375 0.0109375
7 0.4 0.34765625 0.01875 0.0453125
5 0.39921875 0.34296875 0.021875 0.065625
0 0.41171875 0.3484375 0.0125 0.015625
7 0.403125 0.3765625 0.0203125 0.0375
5 0.4 0.403125 0.0328125 0.125
7 0.425 0.38515625 0.0296875 0.04375
7 0.4421875 0.3875 0.0234375 0.046875
7 0.46015625 0.396875 0.034375 0.046875
7 0.49140625 0.3953125 0.0328125 0.0421875
0 0.490625 0.3640625 0.0125 0.015625
0 0.46640625 0.3671875 0.0125 0.0140625
0 0.440625 0.3546875 0.0109375 0.0109375
0 0.42421875 0.35625 0.0125 0.0140625
0 0.4296875 0.2625 0.0109375 0.0109375
0 0.3984375 0.265625 0.0125 0.0109375
0 0.390625 0.2578125 0.0109375 0.0109375
0 0.3546875 0.30625 0.0109375 0.0109375
0 0.384375 0.31328125 0.0125 0.0140625
0 0.3671875 0.34609375 0.0125 0.015625
0 0.3546875 0.35234375 0.0125 0.0140625
0 0.31015625 0.32421875 0.0140625 0.0140625
0 0.26875 0.365625 0.009375 0.0171875
6 0.32734375 0.30859375 0.0125 0.0296875
7 0.27109375 0.396875 0.0234375 0.04375
5 0.28125 0.4109375 0.053125 0.1125
5 0.30625 0.37421875 0.034375 0.115625
5 0.34453125 0.334375 0.0328125 0.0734375
5 0.371875 0.4 0.0390625 0.121875
5 0.35078125 0.40078125 0.0375 0.128125
5 0.3796875 0.3390625 0.0234375 0.0640625
5 0.3984375 0.284375 0.01875 0.0546875
5 0.3875 0.27890625 0.01875 0.059375
7 0.3046875 0.35625 0.0234375 0.0453125
7 0.3484375 0.32890625 0.0171875 0.028125
7 0.35546875 0.3796875 0.0265625 0.04375
7 0.37265625 0.38046875 0.0265625 0.0484375
7 0.3796875 0.340625 0.0203125 0.0421875
7 0.3984375 0.28984375 0.0140625 0.034375
7 0.3875 0.28359375 0.015625 0.03125
7 0.4296875 0.28671875 0.0203125 0.0328125
6 0.44765625 0.13984375 0.0078125 0.0265625
6 0.4578125 0.13359375 0.0078125 0.01875
6 0.453125 0.12578125 0.0078125 0.0296875
6 0.09140625 0.04921875 0.01875 0.040625
6 0.2234375 0.0546875 0.021875 0.05
9 0.121875 0.36484375 0.2375 0.5078125
6 0.02578125 0.00625 0.0078125 0.0125
0 0.11171875 0.7796875 0.0140625 0.0109375
0 0.14296875 0.77578125 0.0140625 0.0125
5 0.1421875 0.78671875 0.025 0.034375
5 0.1109375 0.78828125 0.0234375 0.0234375