8 0.43671875 0.06875 0.3640625 0.1375
8 0.809375 0.2546875 0.38125 0.509375
6 0.11640625 0.59375 0.021875 0.0484375
6 0.21875 0.58125 0.0125 0.0390625
6 0.25859375 0.57890625 0.009375 0.03125
6 0.28515625 0.5765625 0.009375 0.03125
6 0.50078125 0.9140625 0.1171875 0.171875
6 0.325 0.69453125 0.0421875 0.0921875
6 0.39375 0.64453125 0.0234375 0.0578125
6 0.42421875 0.62421875 0.0171875 0.0484375
6 0.4453125 0.625 0.0125 0.0390625
6 0.45703125 0.60546875 0.0140625 0.028125
6 0.45078125 0.59375 0.0125 0.0296875
6 0.3046875 0.575 0.009375 0.025
6 0.3390625 0.5796875 0.0078125 0.0234375
6 0.059375 0.54765625 0.009375 0.0265625
6 0.11953125 0.54921875 0.0140625 0.034375
9 0.309375 0.7546875 0.61875 0.490625
0 0.97890625 0.778125 0.0421875 0.265625
5 0.8703125 0.7546875 0.259375 0.490625