8 0.3109375 0.2171875 0.115625 0.13125
9 0.1453125 0.23984375 0.1546875 0.04375
8 0.634375 0.0984375 0.340625 0.196875
7 0.2875 0.77578125 0.03125 0.0609375
3 0.2828125 0.74609375 0.00625 0.0109375
0 0.2875 0.7234375 0.021875 0.0265625
5 0.26640625 0.796875 0.075 0.1875
8 0.184375 0.76484375 0.36875 0.4703125
1 0.8421875 0.709375 0.0921875 0.1171875
1 0.52265625 0.75 0.1078125 0.1265625
2 0.54140625 0.64921875 0.1046875 0.06875
2 0.8203125 0.584375 0.1359375 0.0765625
4 0.78203125 0.90703125 0.2921875 0.1859375
4 0.4921875 0.90859375 0.246875 0.1828125
5 0.7703125 0.76484375 0.459375 0.4703125
5 0.50625 0.79296875 0.275 0.4140625