8 0.73046875 0.21953125 0.5390625 0.4390625
7 0.85859375 0.15546875 0.2828125 0.3109375
7 0.84765625 0.1609375 0.3046875 0.2875
7 0.77890625 0.04609375 0.1390625 0.0921875
5 0.7609375 0.0515625 0.16875 0.103125
5 0.72890625 0.2234375 0.1515625 0.278125
5 0.84609375 0.3046875 0.3078125 0.609375
8 0.3515625 0.23203125 0.21875 0.4640625
9 0.6765625 0.61640625 0.03125 0.0140625
8 0.23046875 0.8046875 0.4609375 0.390625
8 0.32265625 0.784375 0.2765625 0.35
7 0.2984375 0.9453125 0.0328125 0.065625
4 0.35390625 0.93828125 0.015625 0.040625
5 0.37734375 0.9328125 0.0859375 0.134375