8 0.38125 0.2140625 0.35625 0.428125
5 0.878125 0.2546875 0.24375 0.509375
3 0.984375 0.0453125 0.03125 0.071875
6 0.50234375 0.6890625 0.0375 0.0875
6 0.54296875 0.6078125 0.021875 0.053125
6 0.55546875 0.5671875 0.0078125 0.040625
6 0.3765625 0.9265625 0.08125 0.146875
6 0.26796875 0.60546875 0.009375 0.0296875
7 0.434375 0.5203125 0.00625 0.0078125
7 0.38203125 0.53515625 0.00625 0.009375
7 0.3734375 0.53203125 0.009375 0.0203125
2 0.27421875 0.5375 0.0046875 0.009375
2 0.32421875 0.53046875 0.0046875 0.009375
2 0.36953125 0.51796875 0.0046875 0.0078125
5 0.27734375 0.5515625 0.0171875 0.0453125
5 0.32421875 0.53984375 0.0140625 0.0328125
5 0.37109375 0.5265625 0.0125 0.028125
5 0.38203125 0.53359375 0.0078125 0.0140625
5 0.42734375 0.52109375 0.009375 0.01875
5 0.43515625 0.5171875 0.00625 0.0109375
4 0.2765625 0.559375 0.0125 0.0234375
4 0.325 0.54453125 0.0109375 0.0203125