8 0.51015625 0.26953125 0.3390625 0.3390625
8 0.03203125 0.09296875 0.0640625 0.1859375
4 0.94609375 0.08828125 0.1078125 0.1765625
5 0.89296875 0.234375 0.2140625 0.46875
3 0.334375 0.6890625 0.54375 0.3375
4 0.365625 0.76328125 0.628125 0.4734375
5 0.33984375 0.734375 0.6796875 0.53125
0 0.69453125 0.48125 0.0296875 0.025
0 0.775 0.4875 0.0359375 0.0359375
0 0.859375 0.49609375 0.0375 0.034375
0 0.73515625 0.51484375 0.0359375 0.0390625
0 0.79921875 0.53828125 0.0375 0.034375
0 0.87578125 0.53984375 0.04375 0.040625
3 0.8640625 0.578125 0.0234375 0.0171875
3 0.85234375 0.528125 0.021875 0.0203125
3 0.78984375 0.57109375 0.01875 0.015625
3 0.76953125 0.5203125 0.0234375 0.01875
3 0.728125 0.553125 0.0265625 0.0203125
3 0.68984375 0.51015625 0.0203125 0.0203125
7 0.6984375 0.578125 0.0375 0.115625
7 0.76640625 0.56328125 0.0296875 0.0296875
7 0.8375 0.5796875 0.05 0.0703125
7 0.859375 0.659375 0.09375 0.153125
7 0.7890625 0.64375 0.084375 0.1421875
5 0.8359375 0.6640625 0.125 0.378125
5 0.84921875 0.71953125 0.13125 0.4046875
5 0.7828125 0.68828125 0.115625 0.3390625
5 0.7484375 0.64609375 0.09375 0.3546875
5 0.7296875 0.67265625 0.1 0.3640625
5 0.70234375 0.640625 0.0453125 0.34375