8 0.3203125 0.34921875 0.121875 0.2796875
8 0.32109375 0.08046875 0.1953125 0.1609375
0 0.41640625 0.078125 0.0046875 0.009375
7 0.41484375 0.096875 0.0078125 0.025
5 0.4125 0.10390625 0.0125 0.0609375
4 0.6265625 0.18203125 0.1875 0.234375
3 0.67890625 0.03984375 0.0859375 0.06875
5 0.63828125 0.24453125 0.4390625 0.4890625
3 0.21484375 0.54140625 0.0984375 0.0953125
3 0.04296875 0.5171875 0.0859375 0.05625
4 0.0953125 0.7 0.190625 0.378125
4 0.2765625 0.72265625 0.284375 0.2890625
5 0.2640625 0.74453125 0.309375 0.5109375
5 0.1921875 0.74453125 0.384375 0.5109375
8 0.709375 0.74453125 0.58125 0.5109375
5 0.746875 0.96328125 0.04375 0.0734375
7 0.7484375 0.9875 0.03125 0.025
3 0.7546875 0.9671875 0.0109375 0.0140625
0 0.75546875 0.94453125 0.0203125 0.025