6 0.9421875 0.49609375 0.0375 0.0671875
6 0.76875 0.534375 0.053125 0.1140625
6 0.76796875 0.46640625 0.028125 0.065625
6 0.65546875 0.44296875 0.0328125 0.0703125
6 0.5671875 0.43125 0.0328125 0.0640625
4 0.7296875 0.47734375 0.040625 0.059375
2 0.73125 0.42734375 0.0203125 0.025
5 0.7234375 0.47578125 0.0796875 0.134375
8 0.23515625 0.38515625 0.4703125 0.5484375
9 0.01640625 0.4640625 0.0328125 0.053125
4 0.54765625 0.7609375 0.1546875 0.203125
5 0.60078125 0.8296875 0.2609375 0.340625
8 0.2765625 0.8296875 0.3875 0.340625
2 0.34765625 0.87734375 0.009375 0.0109375
5 0.34296875 0.88828125 0.021875 0.0375
8 0.00703125 0.73984375 0.0140625 0.0328125