8 0.37421875 0.203125 0.2890625 0.40625
0 0.41328125 0.4390625 0.0734375 0.040625
0 0.4671875 0.428125 0.05 0.03125
3 0.46796875 0.4515625 0.034375 0.015625
3 0.42734375 0.4640625 0.025 0.015625
7 0.46484375 0.503125 0.0890625 0.090625
7 0.3828125 0.51171875 0.121875 0.11875
5 0.40078125 0.5484375 0.190625 0.271875
5 0.45625 0.53671875 0.125 0.2609375
0 0.43515625 0.29609375 0.0078125 0.0046875
7 0.43359375 0.30546875 0.015625 0.0140625
5 0.43125 0.3078125 0.0234375 0.0328125
0 0.43515625 0.32109375 0.009375 0.0046875
7 0.43046875 0.3296875 0.0171875 0.015625
5 0.43125 0.334375 0.0234375 0.0328125
8 0.759375 0.3546875 0.48125 0.709375
4 0.15859375 0.75390625 0.3171875 0.0890625
5 0.18359375 0.753125 0.3671875 0.0875
4 0.93515625 0.81640625 0.1296875 0.2140625
5 0.8609375 0.8546875 0.278125 0.290625
5 0.684375 0.8546875 0.33125 0.290625