8 0.74453125 0.2046875 0.5109375 0.409375
8 0.51484375 0.24453125 0.1671875 0.3296875
8 0.215625 0.2046875 0.43125 0.409375
4 0.8921875 0.90703125 0.215625 0.1859375
4 0.80234375 0.88984375 0.1046875 0.14375
4 0.61171875 0.90390625 0.2609375 0.1921875
4 0.63046875 0.77265625 0.0515625 0.06875
4 0.5078125 0.81796875 0.153125 0.3453125
4 0.85625 0.45546875 0.209375 0.0921875
0 0.4578125 0.578125 0.0328125 0.0703125
0 0.4796875 0.63359375 0.046875 0.0421875
0 0.51171875 0.60625 0.0234375 0.0453125
0 0.58984375 0.52109375 0.11875 0.08125
0 0.63125 0.62265625 0.084375 0.0671875
0 0.66328125 0.6796875 0.0484375 0.0578125
0 0.74453125 0.66015625 0.1234375 0.1109375
0 0.85390625 0.72109375 0.0828125 0.065625
0 0.94453125 0.77109375 0.096875 0.06875
5 0.58671875 0.4484375 0.2640625 0.078125
5 0.85703125 0.47265625 0.2859375 0.1265625
5 0.9296875 0.4765625 0.140625 0.134375
3 0.83515625 0.79609375 0.0484375 0.0390625
3 0.70546875 0.78515625 0.0734375 0.0515625
3 0.63984375 0.734375 0.03125 0.025
3 0.61484375 0.7015625 0.0390625 0.0328125
3 0.5609375 0.625 0.06875 0.0609375
5 0.46328125 0.60859375 0.04375 0.1296875
5 0.48359375 0.63671875 0.0359375 0.0609375
5 0.525 0.7359375 0.1875 0.528125
5 0.62734375 0.665625 0.0796875 0.1546875
5 0.63984375 0.7296875 0.0875 0.159375
5 0.6203125 0.78828125 0.35625 0.4234375
5 0.81015625 0.8171875 0.16875 0.271875
5 0.7734375 0.75078125 0.059375 0.1328125
5 0.93671875 0.778125 0.1125 0.1078125
5 0.84609375 0.75625 0.3078125 0.4875
5 0.1265625 0.69609375 0.253125 0.3828125