8 0.42890625 0.21640625 0.4203125 0.4078125
8 0.83046875 0.21953125 0.3390625 0.4390625
2 0.7859375 0.0765625 0.01875 0.0171875
3 0.78828125 0.10234375 0.015625 0.01875
7 0.8125 0.13515625 0.025 0.0671875
5 0.803125 0.15625 0.103125 0.1828125
3 0.0515625 0.509375 0.0609375 0.0609375
3 0.33359375 0.465625 0.0640625 0.053125
3 0.609375 0.52578125 0.059375 0.0671875
4 0.60078125 0.678125 0.0765625 0.303125
7 0.35703125 0.68515625 0.2625 0.4765625
4 0.0953125 0.746875 0.190625 0.48125
5 0.1703125 0.71953125 0.340625 0.5609375
5 0.3890625 0.71953125 0.43125 0.5609375
5 0.55078125 0.71953125 0.1765625 0.5609375