9 0.84921875 0.27890625 0.090625 0.0328125
9 0.75859375 0.3296875 0.0546875 0.059375
5 0.365625 0.19296875 0.73125 0.3859375
8 0.865625 0.759375 0.26875 0.48125
4 0.05 0.6453125 0.1 0.209375
4 0.2 0.63671875 0.1234375 0.2
4 0.38984375 0.63203125 0.103125 0.190625
4 0.55078125 0.61953125 0.1171875 0.2015625
3 0.39296875 0.5296875 0.0515625 0.021875
5 0.678125 0.69296875 0.10625 0.3484375
5 0.565625 0.740625 0.178125 0.44375
5 0.3546875 0.734375 0.29375 0.43125
5 0.16328125 0.759375 0.2390625 0.48125
5 0.06171875 0.7265625 0.1234375 0.415625