8 0.8109375 0.05625 0.0640625 0.0953125
8 0.9609375 0.0875 0.025 0.0359375
0 0.13046875 0.0421875 0.1515625 0.084375
3 0.11953125 0.15234375 0.05625 0.0625
7 0.14296875 0.34765625 0.2859375 0.4828125
5 0.16640625 0.29453125 0.3328125 0.5890625
5 0.88125 0.91328125 0.165625 0.1734375
5 0.79453125 0.85546875 0.034375 0.090625
5 0.884375 0.86328125 0.015625 0.05625
4 0.88515625 0.87578125 0.015625 0.03125
4 0.790625 0.8734375 0.0140625 0.0328125
2 0.79453125 0.81796875 0.025 0.0265625
2 0.8859375 0.8515625 0.015625 0.01875
2 0.84453125 0.86796875 0.0875 0.08125
2 0.78046875 0.94296875 0.103125 0.0921875
2 0.634375 0.8265625 0.03125 0.0328125
2 0.63125 0.9328125 0.0921875 0.0828125
2 0.5578125 0.803125 0.028125 0.0265625
2 0.5109375 0.7140625 0.040625 0.153125
1 0.55546875 0.85078125 0.025 0.0359375
1 0.52265625 0.8921875 0.0640625 0.1625
1 0.63828125 0.86796875 0.0203125 0.025
1 0.62578125 0.98984375 0.0578125 0.0203125
1 0.859375 0.95859375 0.059375 0.0828125
4 0.5703125 0.91953125 0.0359375 0.0671875
8 0.3640625 0.79453125 0.253125 0.4109375
7 0.15 0.74140625 0.021875 0.0484375
7 0.015625 0.78984375 0.025 0.040625
0 0.0046875 0.76328125 0.009375 0.0171875
0 0.1390625 0.709375 0.009375 0.0125
5 0.1484375 0.74921875 0.034375 0.0953125
5 0.02109375 0.7890625 0.0421875 0.06875