8 0.140625 0.2015625 0.209375 0.1859375
8 0.4078125 0.365625 0.409375 0.403125
7 0.1109375 0.25625 0.009375 0.0125
5 0.11328125 0.25390625 0.0140625 0.01875
8 0.103125 0.2734375 0.090625 0.1046875
2 0.34609375 0.4109375 0.0078125 0.009375
5 0.34765625 0.421875 0.0203125 0.0359375
8 0.69140625 0.371875 0.01875 0.03125
0 0.7515625 0.2640625 0.084375 0.1375
3 0.728125 0.3984375 0.0375 0.071875
5 0.75 0.409375 0.08125 0.459375
1 0.4359375 0.8703125 0.39375 0.259375
5 0.378125 0.81953125 0.6625 0.3609375