8 0.12734375 0.1140625 0.2546875 0.2
8 0.17734375 0.3734375 0.2640625 0.23125
5 0.678125 0.24453125 0.64375 0.4890625
4 0.70546875 0.32578125 0.4578125 0.3265625
1 0.66484375 0.12109375 0.2265625 0.2421875
8 0.27578125 0.71015625 0.0671875 0.1203125
8 0.1546875 0.70390625 0.309375 0.4296875
5 0.59375 0.86328125 0.0203125 0.034375
5 0.58046875 0.6625 0.028125 0.0515625
5 0.31171875 0.80859375 0.0046875 0.0296875
5 0.31484375 0.66953125 0.0109375 0.0453125
4 0.3125 0.6640625 0.00625 0.015625
4 0.31171875 0.81015625 0.0046875 0.0140625
2 0.3109375 0.6515625 0.003125 0.00625
2 0.584375 0.63984375 0.00625 0.00625
4 0.58828125 0.6578125 0.009375 0.021875
4 0.59609375 0.86875 0.0109375 0.0140625
2 0.590625 0.85 0.0078125 0.00625
8 0.7625 0.6046875 0.153125 0.1328125
8 0.53671875 0.63671875 0.3328125 0.2953125
8 0.4125 0.81328125 0.20625 0.1734375
8 0.7421875 0.871875 0.390625 0.25625
8 0.815625 0.68203125 0.36875 0.3859375
9 0.8734375 0.51875 0.03125 0.028125
9 0.8859375 0.53046875 0.0265625 0.0203125
9 0.896875 0.53203125 0.0265625 0.015625
9 0.91015625 0.5265625 0.025 0.01875
9 0.92109375 0.53125 0.021875 0.0109375