8 0.18203125 0.19296875 0.3640625 0.3859375
9 0.47578125 0.0921875 0.0375 0.053125
9 0.5546875 0.13984375 0.028125 0.0671875
0 0.2890625 0.3234375 0.0109375 0.009375
7 0.28203125 0.35234375 0.0171875 0.0359375
5 0.2875 0.371875 0.0296875 0.10625
0 0.50625 0.275 0.0078125 0.0078125
4 0.50078125 0.29609375 0.0125 0.0296875
5 0.5 0.3125 0.0171875 0.084375
5 0.51328125 0.3109375 0.01875 0.0859375
5 0.43984375 0.3984375 0.0296875 0.08125
5 0.46953125 0.4015625 0.0328125 0.075
5 0.4890625 0.4 0.025 0.078125
5 0.5078125 0.3984375 0.03125 0.08125
5 0.4984375 0.35390625 0.0125 0.015625
5 0.5203125 0.34296875 0.0171875 0.034375
0 0.52109375 0.3328125 0.0140625 0.0140625
7 0.51875 0.34921875 0.0109375 0.015625
0 0.5359375 0.33125 0.009375 0.0109375
7 0.53671875 0.36015625 0.0171875 0.04375
5 0.5375 0.35546875 0.01875 0.0625
0 0.525 0.359375 0.0125 0.0140625
7 0.5296875 0.38828125 0.0171875 0.0359375
5 0.528125 0.3953125 0.028125 0.0875
7 0.5078125 0.39296875 0.0265625 0.0421875
7 0.48984375 0.39375 0.0203125 0.04375
7 0.47109375 0.40078125 0.03125 0.04375
7 0.4421875 0.39609375 0.0296875 0.040625
0 0.44609375 0.365625 0.0109375 0.0140625
0 0.46953125 0.37109375 0.0109375 0.0125
0 0.49609375 0.36171875 0.009375 0.0109375
0 0.5125 0.36484375 0.0109375 0.0125
0 0.51640625 0.2734375 0.009375 0.009375
0 0.54609375 0.28125 0.0109375 0.0109375
0 0.55546875 0.27421875 0.009375 0.0109375
0 0.5546875 0.32890625 0.0125 0.0125
0 0.56484375 0.36171875 0.0078125 0.0140625
5 0.55390625 0.39609375 0.0296875 0.0859375
5 0.5640625 0.39609375 0.009375 0.0859375
5 0.55625 0.35390625 0.0203125 0.0625
5 0.5453125 0.3 0.015625 0.0515625
5 0.55625 0.2953125 0.0140625 0.05625
7 0.565625 0.3953125 0.00625 0.040625
7 0.55703125 0.39453125 0.0234375 0.0453125
7 0.55625 0.35546875 0.01875 0.040625
7 0.54375 0.3046875 0.0125 0.0328125
7 0.55546875 0.3 0.0140625 0.0296875
7 0.5140625 0.296875 0.01875 0.03125
6 0.51328125 0.153125 0.00625 0.025
6 0.50390625 0.146875 0.00625 0.01875
6 0.51015625 0.1390625 0.00625 0.0296875
8 0.784375 0.21953125 0.43125 0.4390625
4 0.928125 0.04375 0.025 0.05
5 0.9203125 0.0359375 0.05 0.071875
5 0.1984375 0.71953125 0.396875 0.5609375
8 0.784375 0.71953125 0.43125 0.5609375