8 0.81015625 0.26953125 0.3796875 0.5390625
8 0.9453125 0.3140625 0.109375 0.45
4 0.81640625 0.28046875 0.08125 0.0984375
2 0.8328125 0.19296875 0.025 0.01875
3 0.8265625 0.23203125 0.021875 0.021875
5 0.81953125 0.30546875 0.1328125 0.2578125
1 0.18359375 0.446875 0.3671875 0.184375
2 0.18828125 0.25625 0.3765625 0.1625
5 0.31015625 0.3390625 0.6203125 0.4
6 0.78671875 0.94453125 0.0640625 0.1109375
4 0.934375 0.76953125 0.13125 0.4609375
5 0.85703125 0.76953125 0.2859375 0.4609375
9 0.96796875 0.9203125 0.0640625 0.0625
8 0.31015625 0.78515625 0.6203125 0.4296875