8 0.8 0.24453125 0.4 0.4890625
6 0.67578125 0.409375 0.08125 0.165625
6 0.80859375 0.4234375 0.103125 0.2109375
2 0.784375 0.00703125 0.03125 0.0140625
5 0.6046875 0.24765625 0.009375 0.0671875
7 0.78671875 0.0671875 0.0703125 0.0875
3 0.78984375 0.03203125 0.021875 0.021875
5 0.784375 0.05390625 0.103125 0.1078125
7 0.01796875 0.075 0.0203125 0.015625
5 0.01796875 0.0671875 0.025 0.0375
8 0.125 0.16875 0.25 0.3375
8 0.809375 0.784375 0.38125 0.43125
8 0.22578125 0.784375 0.4515625 0.43125
8 0.45078125 0.80390625 0.2984375 0.3921875