8 0.7453125 0.1859375 0.190625 0.371875
5 0.66484375 0.14453125 0.0296875 0.1453125
0 0.1796875 0.5484375 0.178125 0.103125
0 0.03125 0.40078125 0.0625 0.1734375
5 0.1953125 0.546875 0.29375 0.10625
5 0.65390625 0.925 0.0078125 0.01875
0 0.8234375 0.9640625 0.0046875 0.003125
7 0.82265625 0.97265625 0.0046875 0.009375
5 0.8234375 0.9765625 0.00625 0.0296875
8 0.76953125 0.84375 0.0140625 0.0140625
7 0.92890625 0.9671875 0.0078125 0.0109375
5 0.9296875 0.97578125 0.0125 0.0390625
7 0.99375 0.98671875 0.00625 0.0125
5 0.9953125 0.98828125 0.009375 0.0234375
8 0.26171875 0.70625 0.5234375 0.2125