9 0.23515625 0.30078125 0.4703125 0.4765625
7 0.0609375 0.4125 0.121875 0.253125
5 0.15078125 0.3046875 0.3015625 0.46875
4 0.83828125 0.77421875 0.3234375 0.4515625
5 0.75234375 0.76953125 0.4953125 0.4609375
5 0.61171875 0.76953125 0.2828125 0.4609375
3 0.43671875 0.64140625 0.0265625 0.0265625
3 0.4078125 0.5984375 0.021875 0.0234375
3 0.3765625 0.628125 0.025 0.0234375
3 0.31171875 0.584375 0.0296875 0.025
3 0.33125 0.65234375 0.0265625 0.025
3 0.23984375 0.60859375 0.025 0.0234375
3 0.265625 0.6734375 0.028125 0.0265625
3 0.21328125 0.65234375 0.0265625 0.0265625
3 0.128125 0.62890625 0.028125 0.028125
3 0.02265625 0.72265625 0.03125 0.0296875
3 0.090625 0.68359375 0.0328125 0.0265625
3 0.1828125 0.68671875 0.0296875 0.0296875
0 0.01796875 0.67421875 0.0359375 0.0546875
0 0.08046875 0.640625 0.0484375 0.0484375
0 0.1203125 0.5875 0.040625 0.0421875
0 0.17265625 0.63515625 0.0484375 0.0484375
0 0.2046875 0.61171875 0.040625 0.0453125
0 0.23125 0.5734375 0.0375 0.0390625
0 0.25546875 0.628125 0.0453125 0.046875
0 0.3046875 0.5515625 0.040625 0.025
0 0.325 0.6109375 0.0453125 0.0484375
0 0.36640625 0.58984375 0.04375 0.0453125
0 0.4046875 0.55859375 0.040625 0.0390625
0 0.43125 0.59453125 0.046875 0.05
0 0.4640625 0.5578125 0.0125 0.0375
7 0.01015625 0.765625 0.0203125 0.090625
7 0.0578125 0.81953125 0.115625 0.2109375
7 0.10859375 0.76796875 0.1328125 0.178125
7 0.13203125 0.6734375 0.071875 0.075
7 0.1984375 0.77265625 0.134375 0.19375
7 0.28671875 0.76015625 0.10625 0.165625
7 0.22265625 0.68203125 0.05625 0.071875
7 0.26015625 0.6484375 0.075 0.0671875
7 0.32109375 0.6375 0.09375 0.1015625
7 0.35859375 0.74921875 0.103125 0.178125
7 0.4078125 0.72265625 0.078125 0.159375
7 0.4109375 0.63671875 0.034375 0.0421875
7 0.43359375 0.72578125 0.0734375 0.1765625
5 0.034375 0.815625 0.06875 0.36875
5 0.084375 0.81796875 0.16875 0.3640625
5 0.12265625 0.80234375 0.1921875 0.3953125
5 0.15625 0.78203125 0.14375 0.4359375
5 0.21328125 0.8 0.1953125 0.4
5 0.2453125 0.79140625 0.14375 0.4171875
5 0.26640625 0.7625 0.1203125 0.4171875
5 0.29765625 0.8 0.1796875 0.4
5 0.3421875 0.74609375 0.165625 0.4140625
5 0.36796875 0.790625 0.1609375 0.41875
5 0.403125 0.78203125 0.134375 0.4359375
5 0.4203125 0.75078125 0.1 0.4234375
5 0.421875 0.78203125 0.096875 0.4359375
5 0.45390625 0.740625 0.0328125 0.403125