8 0.82421875 0.42421875 0.1859375 0.1984375
8 0.9296875 0.490625 0.140625 0.178125
0 0.98359375 0.41171875 0.0078125 0.0078125
0 0.99296875 0.4125 0.0078125 0.0078125
0 0.9765625 0.40859375 0.0078125 0.0078125
0 0.9578125 0.421875 0.0078125 0.009375
7 0.95625 0.43203125 0.0140625 0.0125
7 0.97265625 0.42421875 0.0140625 0.021875
7 0.98125 0.421875 0.0046875 0.009375
7 0.99140625 0.421875 0.0109375 0.0109375
5 0.9921875 0.41875 0.0125 0.01875
5 0.9828125 0.4171875 0.009375 0.01875
5 0.97265625 0.4203125 0.015625 0.03125
5 0.95625 0.42890625 0.015625 0.025
5 0.4640625 0.0140625 0.096875 0.028125
7 0.50390625 0.3875 0.2265625 0.296875
0 0.534375 0.16328125 0.0953125 0.125
5 0.48203125 0.3328125 0.3234375 0.49375