7 0.0234375 0.1203125 0.046875 0.240625
5 0.08515625 0.3296875 0.1703125 0.659375
8 0.7546875 0.3296875 0.490625 0.659375
2 0.62421875 0.2171875 0.0421875 0.03125
2 0.73828125 0.475 0.0625 0.04375
3 0.62421875 0.24609375 0.021875 0.01875
3 0.7421875 0.5265625 0.01875 0.0203125
4 0.790625 0.5625 0.084375 0.1140625
4 0.646875 0.30859375 0.0578125 0.1046875
5 0.640625 0.3671875 0.1875 0.35
5 0.75390625 0.5515625 0.2171875 0.215625
5 0.45546875 0.8296875 0.1078125 0.340625
4 0.6296875 0.853125 0.240625 0.29375
5 0.66953125 0.8296875 0.3203125 0.340625
3 0.5453125 0.69296875 0.071875 0.0671875