8 0.6890625 0.2171875 0.115625 0.13125
9 0.8546875 0.23984375 0.1546875 0.04375
8 0.365625 0.0984375 0.340625 0.196875
7 0.7125 0.77578125 0.03125 0.0609375
3 0.7171875 0.74609375 0.00625 0.0109375
0 0.7125 0.7234375 0.021875 0.0265625
5 0.73359375 0.796875 0.075 0.1875
8 0.815625 0.76484375 0.36875 0.4703125
1 0.1578125 0.709375 0.0921875 0.1171875
1 0.47734375 0.75 0.1078125 0.1265625
2 0.45859375 0.64921875 0.1046875 0.06875
2 0.1796875 0.584375 0.1359375 0.0765625
4 0.21796875 0.90703125 0.2921875 0.1859375
4 0.5078125 0.90859375 0.246875 0.1828125
5 0.2296875 0.76484375 0.459375 0.4703125
5 0.49375 0.79296875 0.275 0.4140625