8 0.19453125 0.16484375 0.3890625 0.3296875
0 0.0453125 0.2203125 0.028125 0.0265625
0 0.31953125 0.2171875 0.040625 0.0390625
0 0.35859375 0.209375 0.028125 0.0328125
0 0.38125 0.17890625 0.015625 0.0421875
3 0.35390625 0.23984375 0.0171875 0.0171875
3 0.32734375 0.25703125 0.01875 0.01875
1 0.0484375 0.25 0.0203125 0.0171875
7 0.04140625 0.2953125 0.0515625 0.06875
7 0.29296875 0.2875 0.0671875 0.084375
7 0.35 0.28359375 0.046875 0.0921875
7 0.3765625 0.2765625 0.025 0.10625
5 0.34921875 0.25859375 0.0546875 0.1421875
5 0.2984375 0.2625 0.09375 0.134375
5 0.053125 0.265625 0.090625 0.128125
0 0.84609375 0.090625 0.15 0.1671875
0 0.5546875 0.13359375 0.1328125 0.1203125
3 0.56875 0.26171875 0.0859375 0.0703125
3 0.82734375 0.25078125 0.0953125 0.08125
5 0.575 0.2 0.30625 0.259375
5 0.8078125 0.16796875 0.2875 0.3234375
3 0.34140625 0.78359375 0.0953125 0.2921875
4 0.234375 0.93515625 0.309375 0.1296875
5 0.19453125 0.66484375 0.3890625 0.6703125
8 0.7796875 0.66484375 0.440625 0.6703125