8 0.21484375 0.234375 0.4296875 0.46875
8 0.6390625 0.3546875 0.41875 0.228125
2 0.64921875 0.465625 0.0171875 0.00625
8 0.37890625 0.79453125 0.1015625 0.1546875
8 0.21484375 0.734375 0.4296875 0.53125
4 0.2171875 0.8390625 0.0296875 0.053125
2 0.22890625 0.7890625 0.0140625 0.015625
5 0.2171875 0.82265625 0.04375 0.0890625
8 0.0578125 0.7734375 0.115625 0.10625
0 0.8203125 0.678125 0.08125 0.059375
0 0.5734375 0.64296875 0.0953125 0.065625
0 0.93515625 0.684375 0.0359375 0.025
0 0.8703125 0.684375 0.0453125 0.0265625
0 0.890625 0.6703125 0.028125 0.01875
1 0.9359375 0.7015625 0.0171875 0.0140625
3 0.86953125 0.70546875 0.0140625 0.0140625
3 0.796875 0.71640625 0.0390625 0.0265625
3 0.565625 0.68203125 0.040625 0.025
7 0.5390625 0.7625 0.146875 0.1796875
7 0.8125 0.81484375 0.171875 0.196875
7 0.9203125 0.72421875 0.0515625 0.0640625
4 0.88984375 0.71328125 0.025 0.0359375
4 0.86796875 0.74140625 0.06875 0.0765625
5 0.92421875 0.7578125 0.1015625 0.184375
5 0.878125 0.75078125 0.078125 0.1828125
5 0.87109375 0.7125 0.0609375 0.0796875
5 0.80625 0.82109375 0.25 0.3578125
5 0.52890625 0.8 0.1984375 0.4