8 0.73046875 0.225 0.5390625 0.45
9 0.596875 0.3171875 0.271875 0.265625
0 0.71953125 0.4703125 0.0734375 0.040625
0 0.659375 0.48671875 0.021875 0.0265625
0 0.6359375 0.47890625 0.0125 0.0109375
7 0.64140625 0.5015625 0.0171875 0.0296875
0 0.61953125 0.48046875 0.028125 0.028125
0 0.57578125 0.4671875 0.0328125 0.03125
0 0.51640625 0.49140625 0.0265625 0.0265625
0 0.4734375 0.50546875 0.0234375 0.025
7 0.48984375 0.58671875 0.0578125 0.1015625
7 0.5265625 0.5765625 0.0453125 0.109375
7 0.584375 0.56015625 0.0703125 0.1203125
7 0.62578125 0.553125 0.0578125 0.1015625
7 0.66171875 0.55 0.0453125 0.0859375
7 0.7609375 0.49140625 0.04375 0.0828125
7 0.83203125 0.5046875 0.046875 0.0765625
7 0.8453125 0.49453125 0.015625 0.05625
7 0.9171875 0.4875 0.0203125 0.025
7 0.94453125 0.49140625 0.0703125 0.0828125
7 0.99453125 0.48125 0.0109375 0.0625
7 0.8953125 0.54296875 0.103125 0.171875
7 0.796875 0.52265625 0.0796875 0.1125
7 0.69453125 0.515625 0.0640625 0.13125
7 0.75390625 0.6453125 0.121875 0.2578125
3 0.8984375 0.4640625 0.0109375 0.0203125
3 0.8390625 0.4578125 0.0078125 0.0109375
3 0.8265625 0.4609375 0.0109375 0.0109375
3 0.796875 0.4671875 0.01875 0.0171875
0 0.80625 0.459375 0.0078125 0.0171875
3 0.75 0.50078125 0.009375 0.028125
3 0.66328125 0.5078125 0.009375 0.0109375
3 0.6234375 0.5078125 0.015625 0.0140625
3 0.58046875 0.496875 0.0203125 0.015625
1 0.51640625 0.51484375 0.0109375 0.021875
3 0.4765625 0.53125 0.0171875 0.015625
5 0.47421875 0.64375 0.0265625 0.309375
5 0.50078125 0.6234375 0.0796875 0.271875
5 0.52109375 0.61953125 0.1078125 0.2890625
5 0.59609375 0.6046875 0.1046875 0.309375
5 0.6375 0.49453125 0.0234375 0.04375
5 0.634375 0.59140625 0.0859375 0.25625
5 0.66796875 0.5796875 0.0640625 0.2171875
5 0.71484375 0.64296875 0.1296875 0.3859375
5 0.76015625 0.5046875 0.0578125 0.109375
5 0.80625 0.6 0.121875 0.3
5 0.8359375 0.540625 0.065625 0.18125
5 0.84375 0.53046875 0.05 0.1609375
5 0.90546875 0.640625 0.1453125 0.38125
5 0.95234375 0.5546875 0.0953125 0.209375
5 0.98828125 0.51171875 0.0234375 0.1234375
5 0.76484375 0.725 0.1796875 0.55
8 0.23046875 0.725 0.4609375 0.55