4 0.64453125 0.51875 0.10625 0.2
4 0.11328125 0.83359375 0.2171875 0.3328125
4 0.23828125 0.7375 0.08125 0.121875
4 0.4 0.84765625 0.203125 0.3046875
4 0.40625 0.65078125 0.040625 0.0578125
4 0.52578125 0.70703125 0.1265625 0.303125
0 0.49375 0.0734375 0.18125 0.146875
0 0.05 0.1203125 0.1 0.203125
0 0.1671875 0.13828125 0.0953125 0.1125
0 0.22578125 0.12265625 0.0546875 0.0828125
0 0.98203125 0.05859375 0.0359375 0.03125
1 0.98984375 0.109375 0.0203125 0.04375
7 0.9875 0.20703125 0.0234375 0.075
4 0.71484375 0.125 0.190625 0.25
4 0.23828125 0.31484375 0.1796875 0.1078125
4 0.3015625 0.2671875 0.1015625 0.10625
5 0.96875 0.47734375 0.0625 0.0984375
5 0.83515625 0.42265625 0.04375 0.0671875
5 0.76796875 0.70078125 0.3625 0.5984375
0 0.5828125 0.49296875 0.0234375 0.0625
0 0.5578125 0.540625 0.0390625 0.034375
0 0.53046875 0.5125 0.0171875 0.0390625
0 0.46953125 0.4265625 0.1015625 0.0625
0 0.42109375 0.5140625 0.0703125 0.053125
0 0.3859375 0.56171875 0.0390625 0.0484375
0 0.3140625 0.5359375 0.103125 0.0890625
0 0.20859375 0.57890625 0.0703125 0.0515625
0 0.121875 0.6140625 0.0828125 0.0546875
0 0.0484375 0.4578125 0.096875 0.11875
5 0.98046875 0.18046875 0.034375 0.275
5 0.7515625 0.19453125 0.315625 0.3890625
5 0.49375 0.19375 0.2 0.3875
5 0.26953125 0.1796875 0.15625 0.2078125
5 0.23984375 0.2421875 0.2359375 0.3125
5 0.1125 0.196875 0.225 0.39375
3 0.03828125 0.6203125 0.0765625 0.059375
3 0.21796875 0.64921875 0.0421875 0.03125
3 0.33671875 0.653125 0.0625 0.0390625
3 0.4015625 0.6140625 0.025 0.0203125
3 0.42734375 0.58828125 0.0328125 0.0265625
3 0.48515625 0.52421875 0.0578125 0.0484375
5 0.57421875 0.51953125 0.0265625 0.115625
5 0.55390625 0.54375 0.0265625 0.053125
5 0.5171875 0.6984375 0.134375 0.603125
5 0.4203125 0.553125 0.05625 0.1359375
5 0.4015625 0.6109375 0.0625 0.1390625
5 0.4046875 0.74375 0.2640625 0.5125
5 0.2375 0.6703125 0.125 0.234375
5 0.27890625 0.61484375 0.040625 0.1171875
5 0.12734375 0.62109375 0.0921875 0.0890625
5 0.15390625 0.6984375 0.3078125 0.5984375