8 0.096875 0.184375 0.19375 0.184375
5 0.53125 0.275 0.0484375 0.1265625
4 0.52890625 0.2609375 0.0265625 0.05
0 0.52734375 0.22109375 0.0109375 0.0109375
8 0.23984375 0.69453125 0.4796875 0.6109375
5 0.25859375 0.50390625 0.0296875 0.0484375
0 0.6640625 0.53359375 0.134375 0.1203125
0 0.97421875 0.4703125 0.0515625 0.090625
4 0.946875 0.7 0.10625 0.26875
4 0.596875 0.79296875 0.234375 0.3421875
5 0.6125 0.7265625 0.265625 0.546875
5 0.90859375 0.7078125 0.1828125 0.584375
3 0.63984375 0.61171875 0.08125 0.05625
3 0.97890625 0.5546875 0.0421875 0.05625