8 0.4828125 0.0328125 0.328125 0.065625
8 0.490625 0.2703125 0.3125 0.278125
5 0.77890625 0.1546875 0.0203125 0.0359375
4 0.7796875 0.1609375 0.0125 0.015625
2 0.78046875 0.13984375 0.009375 0.0078125
8 0.8578125 0.23359375 0.284375 0.3140625
8 0.94296875 0.13828125 0.1140625 0.2765625
0 0.21796875 0.58828125 0.096875 0.059375
0 0.4171875 0.61328125 0.0734375 0.0609375
0 0.278125 0.6546875 0.0421875 0.0453125
0 0.6140625 0.45703125 0.1 0.0921875
3 0.625 0.50859375 0.0578125 0.04375
3 0.4265625 0.65390625 0.0296875 0.025
3 0.259375 0.684375 0.0265625 0.025
3 0.21171875 0.6171875 0.053125 0.0328125
7 0.125 0.7125 0.196875 0.1453125
4 0.234375 0.7234375 0.071875 0.0640625
4 0.42421875 0.72421875 0.1140625 0.134375
4 0.66796875 0.59453125 0.0640625 0.2734375
5 0.5890625 0.68515625 0.221875 0.5515625
5 0.17265625 0.6890625 0.3453125 0.3375
5 0.2390625 0.69453125 0.109375 0.146875
5 0.3875 0.76640625 0.23125 0.3875
8 0.85 0.65078125 0.3 0.4828125
8 0.753125 0.66640625 0.10625 0.1515625
8 0.96875 0.71328125 0.0625 0.1359375