8 0.3046875 0.259375 0.609375 0.51875
8 0.37265625 0.2359375 0.4734375 0.471875
4 0.05625 0.0203125 0.090625 0.040625
5 0.06640625 0.07734375 0.1328125 0.1546875
8 0.8046875 0.259375 0.390625 0.51875
9 0.80390625 0.32890625 0.3890625 0.3796875
8 0.3046875 0.83125 0.609375 0.3375
8 0.08984375 0.93359375 0.1796875 0.1328125
0 0.2796875 0.91328125 0.0359375 0.0328125
3 0.27734375 0.9453125 0.01875 0.0234375
7 0.2546875 0.9609375 0.06875 0.078125
5 0.26796875 0.9453125 0.1234375 0.109375
8 0.8046875 0.759375 0.390625 0.48125