8 0.73515625 0.23984375 0.5296875 0.4796875
9 0.84375 0.22578125 0.3125 0.3515625
8 0.23515625 0.271875 0.4703125 0.415625
3 0.90859375 0.484375 0.0421875 0.009375
3 0.765625 0.51171875 0.04375 0.046875
3 0.63828125 0.5328125 0.0453125 0.0578125
3 0.56640625 0.52890625 0.0578125 0.0609375
4 0.53828125 0.73984375 0.1359375 0.5203125
4 0.625 0.73359375 0.0609375 0.3609375
4 0.759375 0.65625 0.121875 0.2703125
4 0.92265625 0.6140625 0.1328125 0.2546875
5 0.91015625 0.73984375 0.1796875 0.5203125
5 0.75625 0.73984375 0.196875 0.5203125
5 0.64140625 0.73984375 0.1640625 0.5203125
5 0.56875 0.73984375 0.196875 0.5203125
5 0.4046875 0.93203125 0.0484375 0.0890625
4 0.4109375 0.92734375 0.021875 0.0359375
8 0.25 0.80234375 0.1828125 0.321875
8 0.23515625 0.73984375 0.4703125 0.5203125
7 0.41328125 0.6796875 0.0140625 0.0375
0 0.40234375 0.659375 0.0078125 0.009375
5 0.41015625 0.69296875 0.025 0.08125
9 0.08203125 0.60234375 0.01875 0.0609375
9 0.11328125 0.60703125 0.05 0.0734375