8 0.37421875 0.16875 0.1484375 0.259375
8 0.6046875 0.19375 0.2390625 0.20625
8 0.6109375 0.08984375 0.103125 0.096875
7 0.7953125 0.05859375 0.0078125 0.015625
0 0.79609375 0.04453125 0.00625 0.00625
5 0.7953125 0.05546875 0.0125 0.034375
6 0.86171875 0.790625 0.0359375 0.1
6 0.68359375 0.625 0.025 0.059375
6 0.39453125 0.634375 0.028125 0.05
6 0.43515625 0.58984375 0.0140625 0.0546875
9 0.6015625 0.884375 0.603125 0.23125
6 0.5484375 0.55 0.0109375 0.028125
6 0.3453125 0.56484375 0.00625 0.0265625
6 0.33671875 0.565625 0.009375 0.0125
6 0.40390625 0.5421875 0.00625 0.015625
6 0.45625 0.5328125 0.0046875 0.015625
6 0.47109375 0.54765625 0.0046875 0.0203125
6 0.47890625 0.5484375 0.0109375 0.0140625
6 0.4859375 0.56328125 0.009375 0.021875
6 0.51015625 0.53515625 0.0046875 0.0140625
6 0.51328125 0.5296875 0.003125 0.0109375
6 0.57109375 0.528125 0.003125 0.0109375
6 0.58359375 0.5328125 0.0046875 0.0125
6 0.62265625 0.53359375 0.0046875 0.015625
6 0.63515625 0.54921875 0.00625 0.021875
6 0.7125 0.55625 0.0046875 0.0171875
6 0.6703125 0.58671875 0.009375 0.0296875
6 0.75859375 0.584375 0.0125 0.034375
6 0.796875 0.56796875 0.0078125 0.0234375
6 0.825 0.5546875 0.0046875 0.0140625
6 0.89921875 0.58984375 0.00625 0.0234375
6 0.86953125 0.61171875 0.0125 0.03125
6 0.97578125 0.64296875 0.0171875 0.0375
8 0.15 0.90390625 0.3 0.1921875