8 0.3609375 0.16875 0.278125 0.3375
6 0.01015625 0.36328125 0.0203125 0.1140625
6 0.00546875 0.2953125 0.0109375 0.065625
6 0.11015625 0.278125 0.03125 0.06875
6 0.1984375 0.2671875 0.03125 0.0640625
4 0.03515625 0.30859375 0.0390625 0.059375
2 0.034375 0.25859375 0.0203125 0.025
5 0.040625 0.3078125 0.0796875 0.1359375
6 0.48203125 0.4046875 0.0359375 0.128125
9 0.48046875 0.1828125 0.0390625 0.059375
9 0.46484375 0.184375 0.0703125 0.078125
6 0.93828125 0.34921875 0.0203125 0.0828125
8 0.87578125 0.2375 0.1875 0.125
8 0.87734375 0.6625 0.2453125 0.178125