1 0.1046875 0.44765625 0.209375 0.2234375
2 0.15390625 0.14765625 0.3078125 0.2953125
4 0.25 0.49296875 0.5 0.1328125
5 0.25 0.2796875 0.5 0.559375
7 0.8921875 0.09921875 0.16875 0.1984375
5 0.8515625 0.2796875 0.296875 0.559375
0 0.09765625 0.578125 0.015625 0.01875
7 0.10078125 0.6078125 0.0234375 0.0390625
7 0.35 0.578125 0.028125 0.0375
5 0.35234375 0.61171875 0.0484375 0.1046875
5 0.1015625 0.6328125 0.053125 0.1296875
8 0.25 0.7796875 0.5 0.440625
8 0.7171875 0.7796875 0.434375 0.440625
8 0.62890625 0.8515625 0.2578125 0.296875
8 0.8265625 0.809375 0.1578125 0.1140625
0 0.546875 0.98828125 0.0140625 0.0125
3 0.5484375 0.9984375 0.009375 0.003125
5 0.55703125 0.9890625 0.0484375 0.021875