2 0.3046875 0.125 0.090625 0.09375
5 0.175 0.36640625 0.35 0.5859375
1 0.67578125 0.31875 0.5703125 0.2515625
2 0.675 0.05234375 0.65 0.1046875
4 0.675 0.5375 0.65 0.24375
5 0.675 0.3296875 0.65 0.659375
0 0.05859375 0.70390625 0.0453125 0.078125
0 0.2390625 0.8859375 0.021875 0.0375
0 0.346875 0.71796875 0.00625 0.0234375
0 0.103125 0.90703125 0.015625 0.03125
4 0.090625 0.9359375 0.015625 0.0484375
4 0.240625 0.93671875 0.0390625 0.071875
4 0.03359375 0.840625 0.0640625 0.1640625
5 0.09609375 0.92421875 0.03125 0.065625
5 0.23671875 0.93359375 0.0609375 0.1328125
5 0.3453125 0.840625 0.009375 0.2625
3 0.346875 0.7484375 0.00625 0.015625
3 0.2390625 0.9203125 0.009375 0.015625
3 0.0515625 0.75625 0.0203125 0.025
5 0.04453125 0.83125 0.0890625 0.3375
8 0.725 0.80625 0.55 0.29375