1 0.59375 0.1546875 0.753125 0.309375
5 0.590625 0.1546875 0.81875 0.309375
8 0.0796875 0.09765625 0.159375 0.1953125
8 0.53671875 0.45546875 0.3921875 0.2921875
8 0.5375 0.7109375 0.55 0.578125
4 0.4609375 0.34609375 0.0125 0.0234375
2 0.4578125 0.32734375 0.0078125 0.0078125
5 0.4609375 0.34296875 0.021875 0.040625
4 0.14609375 0.40234375 0.0703125 0.1859375
4 0.1015625 0.39765625 0.109375 0.1765625
4 0.0390625 0.39921875 0.078125 0.1796875
7 0.1046875 0.6453125 0.153125 0.24375
5 0.06953125 0.77421875 0.1390625 0.4515625
5 0.1015625 0.76328125 0.159375 0.4734375