1 0.71015625 0.309375 0.5796875 0.359375
2 0.696875 0.10703125 0.553125 0.2140625
5 0.71015625 0.24453125 0.5796875 0.4890625
6 0.1640625 0.00625 0.009375 0.0125
6 0.24375 0.02734375 0.0125 0.01875
6 0.325 0.05078125 0.0125 0.021875
6 0.4125 0.11953125 0.015625 0.0421875
6 0.36953125 0.16328125 0.0390625 0.0625
6 0.24609375 0.2640625 0.06875 0.1140625
6 0.39609375 0.0625 0.0125 0.01875
6 0.2953125 0.0328125 0.009375 0.0171875
6 0.23515625 0.01796875 0.009375 0.015625
6 0.17265625 0.003125 0.0078125 0.00625
8 0.81484375 0.8515625 0.3703125 0.296875
1 0.234375 0.89140625 0.371875 0.2171875
2 0.29609375 0.709375 0.2484375 0.303125
5 0.21015625 0.75234375 0.4203125 0.4953125