1 0.32109375 0.4296875 0.5234375 0.2
2 0.234375 0.25390625 0.4609375 0.1859375
5 0.3796875 0.334375 0.759375 0.390625
1 0.99375 0.15859375 0.0125 0.0578125
1 0.78125 0.434375 0.04375 0.059375
1 0.825 0.20625 0.06875 0.071875
1 0.92734375 0.21875 0.0796875 0.0828125
2 0.99296875 0.08515625 0.0140625 0.0546875
2 0.9359375 0.128125 0.08125 0.065625
2 0.8359375 0.121875 0.08125 0.0625
2 0.79375 0.34140625 0.06875 0.0953125
4 0.84765625 0.05625 0.1453125 0.1125
4 0.975 0.2515625 0.05 0.15
4 0.97734375 0.4265625 0.0453125 0.20625
4 0.89609375 0.3890625 0.2078125 0.28125
4 0.7953125 0.28203125 0.071875 0.1265625
5 0.859375 0.1015625 0.2 0.203125
5 0.8359375 0.25234375 0.153125 0.3328125
5 0.84375 0.40625 0.16875 0.246875
5 0.9515625 0.346875 0.096875 0.365625
5 0.8796875 0.30546875 0.240625 0.4484375
5 0.96640625 0.19296875 0.0671875 0.2890625
5 0.965625 0.04609375 0.06875 0.0921875
5 0.96796875 0.1046875 0.0640625 0.209375
2 0.45234375 0.64765625 0.3703125 0.2359375
5 0.3796875 0.76484375 0.759375 0.4703125
5 0.8796875 0.78828125 0.240625 0.4234375