1 0.225 0.40234375 0.45 0.2640625
0 0.2296875 0.165625 0.440625 0.225
4 0.225 0.4703125 0.45 0.159375
5 0.225 0.275 0.45 0.55
8 0.725 0.275 0.55 0.55
8 0.821875 0.04765625 0.10625 0.0953125
8 0.78984375 0.08984375 0.1453125 0.1796875
8 0.74140625 0.08359375 0.1546875 0.1671875
8 0.69765625 0.0796875 0.1421875 0.159375
8 0.55390625 0.0609375 0.1765625 0.121875
8 0.5109375 0.05 0.121875 0.1
8 0.49140625 0.0453125 0.0828125 0.090625
8 0.4671875 0.040625 0.034375 0.08125
1 0.1171875 0.86328125 0.234375 0.2734375
2 0.13359375 0.7421875 0.2671875 0.1125
5 0.225 0.81171875 0.45 0.3765625
0 0.62421875 0.63359375 0.01875 0.0171875
5 0.60859375 0.703125 0.0640625 0.1625
7 0.8796875 0.78984375 0.034375 0.0609375
7 0.95625 0.92109375 0.03125 0.04375
7 0.9859375 0.94609375 0.028125 0.0640625
7 0.9578125 0.97734375 0.040625 0.0453125
0 0.99609375 0.89765625 0.0078125 0.0203125
0 0.96328125 0.88203125 0.0203125 0.025
0 0.88828125 0.74140625 0.01875 0.021875
5 0.87421875 0.81640625 0.0640625 0.1828125
5 0.9484375 0.93359375 0.059375 0.1328125
5 0.95234375 0.96328125 0.0828125 0.0734375
5 0.9765625 0.9421875 0.046875 0.115625