1 0.325 0.16640625 0.3875 0.3265625
4 0.259375 0.38359375 0.51875 0.2703125
5 0.259375 0.259375 0.51875 0.51875
8 0.759375 0.259375 0.48125 0.51875
2 0.8734375 0.14609375 0.0234375 0.0265625
3 0.875 0.1703125 0.0171875 0.01875
4 0.8796875 0.20703125 0.0328125 0.05625
5 0.8703125 0.221875 0.078125 0.18125
4 0.2109375 0.553125 0.0265625 0.065625
5 0.2265625 0.6140625 0.075 0.190625
8 0.86796875 0.67578125 0.2640625 0.3140625
8 0.5875 0.5578125 0.1375 0.078125
8 0.76875 0.840625 0.4625 0.31875
5 0.690625 0.82265625 0.0421875 0.05625
4 0.696875 0.83046875 0.025 0.0234375