1 0.26953125 0.35859375 0.5390625 0.1421875
2 0.2046875 0.2640625 0.409375 0.096875
5 0.26953125 0.3140625 0.5390625 0.23125
8 0.834375 0.2578125 0.33125 0.240625
7 0.328125 0.615625 0.0171875 0.03125
0 0.32734375 0.5921875 0.00625 0.009375
5 0.33046875 0.63125 0.0265625 0.0875
9 0.02265625 0.5515625 0.0453125 0.078125
8 0.175 0.7625 0.1953125 0.340625
5 0.275 0.865625 0.05 0.0984375
8 0.26953125 0.71484375 0.5390625 0.5703125
7 0.75859375 0.68359375 0.1859375 0.209375
0 0.628125 0.63125 0.08125 0.1453125
3 0.66171875 0.6796875 0.0265625 0.059375
5 0.746875 0.76953125 0.3125 0.4609375