1 0.4078125 0.28359375 0.321875 0.1109375
2 0.37734375 0.10234375 0.3828125 0.2046875
5 0.284375 0.16953125 0.56875 0.3390625
8 0.87109375 0.109375 0.228125 0.1625
7 0.7375 0.18125 0.0171875 0.0390625
5 0.73671875 0.17734375 0.0265625 0.06875
0 0.7359375 0.15 0.0109375 0.0125
8 0.39296875 0.471875 0.3515625 0.265625
2 0.053125 0.47109375 0.0234375 0.021875
3 0.06328125 0.49609375 0.0125 0.0171875
4 0.053125 0.5640625 0.0453125 0.10625
5 0.06015625 0.56875 0.06875 0.21875
5 0.51875 0.39453125 0.0875 0.1109375