7 0.49453125 0.4765625 0.0671875 0.125
1 0.47265625 0.40546875 0.0203125 0.0375
1 0.159375 0.2640625 0.025 0.021875
1 0.02578125 0.33203125 0.0234375 0.0234375
1 0.14296875 0.40703125 0.0328125 0.03125
1 0.35859375 0.29375 0.034375 0.0296875
2 0.3375 0.12890625 0.0203125 0.0109375
2 0.2265625 0.14140625 0.015625 0.0109375
2 0.02265625 0.29375 0.0453125 0.04375
2 0.01015625 0.225 0.0203125 0.021875
2 0.04375 0.2171875 0.03125 0.025
2 0.1609375 0.2109375 0.05 0.0375
2 0.13828125 0.3421875 0.0828125 0.0625
2 0.36171875 0.23359375 0.071875 0.053125
4 0.37109375 0.365625 0.0765625 0.13125
4 0.3375 0.1609375 0.025 0.03125
4 0.22890625 0.1765625 0.028125 0.034375
4 0.18984375 0.325 0.0671875 0.1109375
4 0.09921875 0.4765625 0.0890625 0.125
4 0.06015625 0.296875 0.0515625 0.084375
4 0.01484375 0.40078125 0.0296875 0.1390625
4 0.01953125 0.2671875 0.034375 0.021875
5 0.021875 0.40625 0.04375 0.265625
5 0.01953125 0.24140625 0.0390625 0.0546875
5 0.06953125 0.26796875 0.0859375 0.1328125
5 0.12890625 0.421875 0.1703125 0.234375
5 0.19453125 0.3125 0.1296875 0.24375
5 0.22890625 0.2 0.034375 0.13125
5 0.3421875 0.16875 0.0296875 0.0953125
5 0.3765625 0.34765625 0.134375 0.28125
5 0.503125 0.4375 0.0875 0.203125
0 0.48515625 0.35546875 0.040625 0.053125
4 0.85 0.08671875 0.134375 0.1734375
5 0.83046875 0.2125 0.2515625 0.425
5 0.8015625 0.37421875 0.303125 0.3296875
4 0.70078125 0.50703125 0.1015625 0.0640625
0 0.33671875 0.76015625 0.0421875 0.09375
0 0.40078125 0.5984375 0.1140625 0.103125
7 0.415625 0.871875 0.175 0.25625
5 0.31640625 0.85703125 0.071875 0.26875
4 0.31875 0.8859375 0.0546875 0.140625
5 0.41484375 0.7703125 0.1828125 0.459375