1 0.2359375 0.41796875 0.1875 0.1015625
2 0.21328125 0.221875 0.2328125 0.20625
5 0.16484375 0.284375 0.3296875 0.36875
3 0.8984375 0.34296875 0.040625 0.0390625
2 0.61796875 0.42578125 0.06875 0.0625
2 0.90234375 0.2890625 0.046875 0.0375
4 0.87109375 0.41328125 0.1234375 0.1109375
5 0.68203125 0.43046875 0.2234375 0.0765625
5 0.8875 0.36953125 0.165625 0.1984375
5 0.18984375 0.734375 0.2796875 0.53125
5 0.04609375 0.734375 0.0921875 0.53125
5 0.01640625 0.48125 0.0171875 0.025
4 0.01640625 0.48125 0.0171875 0.025
1 0.00859375 0.56875 0.0171875 0.09375
1 0.2953125 0.52734375 0.06875 0.1171875
4 0.20859375 0.7640625 0.2421875 0.471875
4 0.03671875 0.8015625 0.0734375 0.390625
3 0.59765625 0.7265625 0.0828125 0.0421875
3 0.9015625 0.759375 0.0953125 0.0328125
0 0.353125 0.5578125 0.046875 0.090625
0 0.59765625 0.62890625 0.1703125 0.0875
0 0.9140625 0.67578125 0.1515625 0.08125
7 0.88125 0.89453125 0.2375 0.2109375
7 0.59140625 0.8734375 0.3140625 0.253125
7 0.38125 0.84453125 0.103125 0.3109375
5 0.8640625 0.81171875 0.271875 0.3765625
5 0.6015625 0.78515625 0.4 0.4296875