1 0.88203125 0.33046875 0.2359375 0.2984375
2 0.89765625 0.08203125 0.2046875 0.1640625
5 0.78515625 0.23984375 0.4296875 0.4796875
8 0.28515625 0.23984375 0.5703125 0.4796875
8 0.30078125 0.03125 0.1515625 0.0625
8 0.2421875 0.034375 0.159375 0.06875
8 0.196875 0.03671875 0.146875 0.0734375
8 0.06640625 0.04140625 0.1328125 0.0828125
1 0.92890625 0.6125 0.1421875 0.265625
5 0.78515625 0.73984375 0.4296875 0.5203125
4 0.78515625 0.83359375 0.4296875 0.3328125
8 0.334375 0.803125 0.471875 0.39375
7 0.3296875 0.9265625 0.03125 0.034375
5 0.321875 0.92421875 0.0515625 0.0484375