4 0.9171875 0.303125 0.165625 0.31875
4 0.72734375 0.34609375 0.1546875 0.3265625
0 0.92734375 0.5 0.0859375 0.0984375
5 0.7546875 0.28203125 0.209375 0.4578125
5 0.88671875 0.23515625 0.2265625 0.4703125
1 0.83203125 0.1921875 0.0734375 0.08125
1 0.659375 0.1859375 0.01875 0.05625
8 0.29609375 0.2875 0.5921875 0.54375
2 0.4453125 0.021875 0.0265625 0.0234375
2 0.51796875 0.17265625 0.0453125 0.0640625
2 0.321875 0.27109375 0.0375 0.028125
2 0.2984375 0.5265625 0.05625 0.040625
3 0.33046875 0.2953125 0.0203125 0.0171875
4 0.328125 0.35625 0.053125 0.0953125
4 0.4640625 0.09375 0.0609375 0.1109375
4 0.5453125 0.23828125 0.0921875 0.1625
5 0.55546875 0.3203125 0.1890625 0.396875
5 0.4671875 0.1515625 0.1265625 0.29375
5 0.35078125 0.4015625 0.1734375 0.315625
5 0.31953125 0.52734375 0.1984375 0.0640625
8 0.82578125 0.73984375 0.3484375 0.3609375
1 0.26640625 0.86640625 0.4578125 0.265625
0 0.2375 0.65078125 0.475 0.1828125
4 0.325 0.93359375 0.65 0.1328125
5 0.325 0.7796875 0.65 0.440625