1 0.221875 0.38125 0.275 0.115625
0 0.18671875 0.215625 0.3453125 0.21875
5 0.1796875 0.253125 0.359375 0.371875
3 0.45703125 0.184375 0.034375 0.0265625
3 0.496875 0.13984375 0.0234375 0.0203125
3 0.5625 0.14296875 0.0296875 0.0234375
3 0.5984375 0.13046875 0.0234375 0.021875
3 0.6578125 0.1484375 0.0234375 0.0234375
3 0.66796875 0.103125 0.01875 0.0203125
3 0.7046875 0.11953125 0.0234375 0.021875
3 0.746875 0.06015625 0.0265625 0.021875
3 0.7515625 0.12578125 0.0234375 0.021875
3 0.815625 0.06015625 0.021875 0.0203125
3 0.8140625 0.1234375 0.025 0.025
3 0.85234375 0.08828125 0.0234375 0.0234375
3 0.91796875 0.04140625 0.025 0.025
3 0.9671875 0.078125 0.0296875 0.025
3 0.88828125 0.10859375 0.0265625 0.0265625
0 0.9625 0.0375 0.0421875 0.0421875
0 0.91171875 0.01015625 0.0359375 0.0203125
0 0.88203125 0.06015625 0.0421875 0.0421875
0 0.846875 0.05078125 0.0359375 0.040625
0 0.8125 0.0265625 0.0328125 0.0359375
0 0.8078125 0.08046875 0.040625 0.0421875
0 0.73984375 0.025 0.0359375 0.034375
0 0.74375 0.08828125 0.0390625 0.0421875
0 0.70078125 0.0828125 0.0390625 0.040625
0 0.6578125 0.065625 0.0359375 0.0375
0 0.646875 0.10625 0.0421875 0.04375
0 0.59296875 0.0890625 0.0421875 0.0390625
0 0.5546875 0.0984375 0.0484375 0.0484375
0 0.490625 0.096875 0.046875 0.05
0 0.446875 0.12890625 0.0578125 0.05625
7 0.959375 0.1546875 0.08125 0.159375
7 0.928125 0.08046875 0.065625 0.0671875
7 0.90234375 0.1875 0.11875 0.1734375
7 0.82265625 0.20390625 0.0921875 0.15
7 0.853125 0.1171875 0.05 0.0640625
7 0.8109375 0.1 0.0671875 0.059375
7 0.7546875 0.109375 0.0828125 0.090625
7 0.7578125 0.21796875 0.090625 0.1609375
7 0.70703125 0.21015625 0.0671875 0.1453125
7 0.678125 0.13671875 0.03125 0.0375
7 0.6671875 0.22890625 0.103125 0.159375
7 0.6046875 0.17265625 0.059375 0.08125
7 0.57265625 0.22578125 0.1296875 0.165625
7 0.5171875 0.221875 0.0984375 0.1609375
7 0.4609375 0.27578125 0.15625 0.2171875
5 0.95390625 0.2234375 0.0921875 0.43125
5 0.94140625 0.190625 0.1171875 0.38125
5 0.91484375 0.23515625 0.1640625 0.4078125
5 0.871875 0.22734375 0.1171875 0.4
5 0.84140625 0.2 0.096875 0.3828125
5 0.83671875 0.2484375 0.1515625 0.38125
5 0.76953125 0.2015625 0.1390625 0.3984375
5 0.76953125 0.25078125 0.1328125 0.3765625
5 0.72578125 0.25 0.1171875 0.378125
5 0.690625 0.2421875 0.109375 0.3921875
5 0.6828125 0.259375 0.15625 0.359375
5 0.625 0.25 0.115625 0.378125
5 0.590625 0.253125 0.190625 0.371875
5 0.53203125 0.2515625 0.1515625 0.375
5 0.4828125 0.265625 0.221875 0.346875
1 0.31328125 0.69375 0.0921875 0.509375
1 0.125 0.75625 0.25 0.271875
8 0.4734375 0.85703125 0.228125 0.2859375
8 0.6453125 0.878125 0.38125 0.24375
8 0.91171875 0.796875 0.1765625 0.184375