9 0.92734375 0.30078125 0.1109375 0.1640625
9 0.975 0.275 0.05 0.103125
7 0.85625 0.29296875 0.15625 0.2984375
7 0.71875 0.2875 0.0921875 0.1859375
0 0.8015625 0.078125 0.0671875 0.0890625
0 0.70234375 0.14140625 0.03125 0.046875
5 0.73046875 0.334375 0.1921875 0.46875
5 0.81875 0.284375 0.3625 0.56875
1 0.23984375 0.846875 0.4796875 0.30625
2 0.175 0.64765625 0.35 0.1578125
5 0.28984375 0.784375 0.5796875 0.43125
8 0.70546875 0.784375 0.2515625 0.43125
7 0.82421875 0.728125 0.0328125 0.053125
7 0.99140625 0.71484375 0.0171875 0.0359375
7 0.9734375 0.74765625 0.034375 0.046875
0 0.99375 0.73046875 0.0125 0.0203125
0 0.9796875 0.71875 0.0140625 0.01875
0 0.82890625 0.6921875 0.0125 0.015625
5 0.828125 0.7359375 0.053125 0.103125
5 0.98828125 0.7265625 0.0234375 0.0625
5 0.96875 0.7484375 0.05625 0.078125