5 0.92265625 0.225 0.1546875 0.45
5 0.753125 0.225 0.39375 0.45
5 0.6015625 0.225 0.221875 0.45
3 0.625 0.0234375 0.075 0.046875
2 0.85 0.03046875 0.165625 0.0609375
4 0.7484375 0.390625 0.265625 0.11875
4 0.57734375 0.23984375 0.1734375 0.4203125
1 0.83046875 0.25 0.159375 0.2453125
8 0.2421875 0.15 0.2296875 0.278125
8 0.07265625 0.14765625 0.1453125 0.2953125
9 0.38828125 0.26171875 0.10625 0.0578125
2 0.45546875 0.25390625 0.0109375 0.0109375
5 0.453125 0.2703125 0.0234375 0.0453125
6 0.475 0.27734375 0.015625 0.0359375
6 0.4 0.26796875 0.015625 0.034375
6 0.62890625 0.96015625 0.028125 0.0453125
6 0.6890625 0.9171875 0.0140625 0.0234375
6 0.71015625 0.90234375 0.0109375 0.0171875
6 0.721875 0.89296875 0.0078125 0.0125
6 0.72734375 0.8890625 0.00625 0.0109375
6 0.7328125 0.88515625 0.00625 0.009375
6 0.7390625 0.88046875 0.00625 0.0140625
6 0.8859375 0.95703125 0.021875 0.0359375
6 0.8421875 0.9265625 0.0125 0.021875
6 0.8265625 0.9140625 0.0109375 0.01875
6 0.8046875 0.89765625 0.00625 0.0125
6 0.79765625 0.89375 0.00625 0.0109375
6 0.79453125 0.88984375 0.0046875 0.009375
6 0.7921875 0.8859375 0.0046875 0.0140625
6 0.74140625 0.88125 0.003125 0.009375
6 0.74453125 0.8796875 0.003125 0.00625
6 0.75390625 0.8796875 0.0046875 0.00625
6 0.76953125 0.8796875 0.003125 0.00625
6 0.78515625 0.88046875 0.003125 0.00625
6 0.796875 0.884375 0.0015625 0.0078125
6 0.8 0.884375 0.003125 0.0078125
6 0.8078125 0.88359375 0.003125 0.00625
6 0.81953125 0.88359375 0.003125 0.00625
6 0.84140625 0.88515625 0.003125 0.00625
6 0.875 0.88828125 0.003125 0.0078125
6 0.90234375 0.89140625 0.003125 0.0078125
6 0.93125 0.89375 0.003125 0.0078125
6 0.97890625 0.8984375 0.003125 0.00625
6 0.96015625 0.89765625 0.0046875 0.00625
6 0.9875 0.9 0.003125 0.0078125
6 0.6375 0.85625 0.003125 0.00625
6 0.64140625 0.8515625 0.003125 0.0078125
2 0.5796875 0.840625 0.0046875 0.0046875
2 0.60390625 0.83203125 0.003125 0.0046875
2 0.6140625 0.8484375 0.003125 0.0046875
2 0.61796875 0.8546875 0.003125 0.0046875
2 0.64921875 0.8265625 0.00625 0.0046875
4 0.6484375 0.84296875 0.009375 0.01875
4 0.603125 0.84296875 0.0046875 0.0125
4 0.57578125 0.8515625 0.0078125 0.009375
4 0.603125 0.85390625 0.0078125 0.0109375
5 0.5796875 0.85703125 0.0171875 0.0375
5 0.6015625 0.83984375 0.009375 0.01875
5 0.6078125 0.85859375 0.01875 0.03125
5 0.61328125 0.85234375 0.0078125 0.0109375
5 0.61875 0.86015625 0.0109375 0.01875
5 0.63671875 0.8625 0.00625 0.021875
5 0.646875 0.8546875 0.01875 0.0640625
9 0.46171875 0.946875 0.0578125 0.10625
5 0.14453125 0.61015625 0.2890625 0.3203125