1 0.18125 0.00703125 0.053125 0.0140625
1 0.19453125 0.115625 0.0640625 0.0578125
1 0.2578125 0.26640625 0.021875 0.0671875
1 0.015625 0.4578125 0.03125 0.059375
1 0.01875 0.209375 0.0375 0.071875
1 0.1109375 0.2 0.08125 0.0828125
2 0.24765625 0.16953125 0.0421875 0.0953125
2 0.1796875 0.040625 0.071875 0.05625
2 0.10078125 0.103125 0.084375 0.065625
2 0.01875 0.1203125 0.0375 0.0625
2 0.01796875 0.36015625 0.0359375 0.0984375
4 0.0296875 0.05390625 0.059375 0.1078125
4 0.2 0.2140625 0.1125 0.1546875
4 0.23203125 0.4265625 0.0734375 0.2875
4 0.134375 0.421875 0.2203125 0.3765625
4 0.01328125 0.3 0.0265625 0.13125
4 0.06953125 0.55078125 0.1390625 0.1359375
5 0.05390625 0.10078125 0.1078125 0.2015625
5 0.05 0.26171875 0.1 0.3453125
5 0.0953125 0.45859375 0.190625 0.3203125
5 0.1828125 0.52109375 0.171875 0.1953125
5 0.19921875 0.35625 0.1390625 0.471875
5 0.134375 0.33671875 0.26875 0.5640625
5 0.1921875 0.15390625 0.153125 0.3015625
5 0.1171875 0.028125 0.084375 0.05625
5 0.18125 0.08359375 0.175 0.1671875
8 0.66796875 0.28359375 0.240625 0.2921875
8 0.45234375 0.30703125 0.2203125 0.346875
9 0.8421875 0.36953125 0.1125 0.059375
2 0.9109375 0.346875 0.0109375 0.0125
5 0.91171875 0.36484375 0.025 0.0484375
6 0.93515625 0.36875 0.0171875 0.0390625
6 0.8546875 0.3734375 0.015625 0.0375
8 0.95234375 0.33828125 0.0953125 0.1953125
4 0.22578125 0.83046875 0.009375 0.01875
4 0.225 0.8359375 0.0203125 0.05
1 0.5046875 0.79765625 0.4375 0.3578125
5 0.634375 0.809375 0.73125 0.38125