6 0.67578125 0.21484375 0.1765625 0.275
6 0.9671875 0.196875 0.065625 0.29375
4 0.13515625 0.2171875 0.2703125 0.365625
5 0.13515625 0.2 0.2703125 0.4
0 0.2890625 0.4421875 0.0375 0.084375
0 0.328125 0.4890625 0.0578125 0.059375
0 0.49140625 0.47578125 0.084375 0.0828125
0 0.5609375 0.5015625 0.0609375 0.0671875
0 0.71640625 0.54375 0.059375 0.0703125
0 0.7984375 0.56953125 0.0515625 0.05625
0 0.88359375 0.59375 0.0515625 0.05625
0 0.94609375 0.58125 0.0703125 0.08125
3 0.33359375 0.54609375 0.0203125 0.0265625
3 0.50859375 0.540625 0.0171875 0.0296875
3 0.55234375 0.55390625 0.0328125 0.03125
3 0.709375 0.58828125 0.0296875 0.0296875
3 0.78984375 0.6171875 0.03125 0.028125
3 0.890625 0.625 0.0203125 0.025
3 0.92265625 0.6171875 0.0328125 0.0375
4 0.85078125 0.7234375 0.0625 0.1734375
4 0.91171875 0.76796875 0.1296875 0.240625
4 0.778125 0.715625 0.1078125 0.165625
4 0.6859375 0.71796875 0.1171875 0.203125
4 0.534375 0.690625 0.128125 0.228125
4 0.4375 0.68671875 0.1390625 0.26875
4 0.31640625 0.6640625 0.0921875 0.196875
5 0.334375 0.715625 0.128125 0.528125
5 0.440625 0.71171875 0.21875 0.5765625
5 0.53359375 0.73046875 0.2046875 0.5390625
5 0.67421875 0.75 0.1921875 0.5
5 0.77265625 0.76796875 0.1734375 0.4640625
5 0.85859375 0.78046875 0.1609375 0.4390625
5 0.8984375 0.76484375 0.203125 0.4703125