3 0.721875 0.3734375 0.1484375 0.1265625
3 0.92734375 0.1484375 0.021875 0.0203125
2 0.93515625 0.11015625 0.0375 0.03125
2 0.77265625 0.0734375 0.2078125 0.146875
5 0.64609375 0.08984375 0.0734375 0.1140625
5 0.91328125 0.23203125 0.1625 0.2921875
5 0.765625 0.33984375 0.46875 0.6796875
4 0.709375 0.525 0.35625 0.309375
4 0.91953125 0.16484375 0.065625 0.059375
7 0.15078125 0.11328125 0.3015625 0.2265625
5 0.21171875 0.33984375 0.4234375 0.6796875
3 0.80390625 0.95078125 0.0765625 0.059375
2 0.82265625 0.8484375 0.15 0.134375
5 0.81796875 0.88671875 0.3640625 0.2265625
3 0.0296875 0.8359375 0.059375 0.1125
5 0.125 0.83984375 0.25 0.3203125