3 0.47421875 0.14453125 0.0234375 0.021875
2 0.61640625 0.03359375 0.0328125 0.0296875
2 0.46953125 0.10703125 0.0390625 0.0328125
2 0.3015625 0.11328125 0.209375 0.1734375
5 0.1890625 0.17421875 0.0765625 0.115625
5 0.4859375 0.225 0.171875 0.2875
5 0.63125 0.15625 0.128125 0.2953125
5 0.753125 0.21328125 0.053125 0.2703125
5 0.34921875 0.184375 0.6984375 0.36875
4 0.63828125 0.16875 0.0859375 0.1625
4 0.471875 0.16328125 0.06875 0.0625
1 0.6265625 0.06796875 0.0265625 0.0234375
9 0.88984375 0.184375 0.2203125 0.36875