1 0.06015625 0.07578125 0.1203125 0.1515625
5 0.13046875 0.31484375 0.2609375 0.6296875
3 0.98828125 0.05390625 0.0234375 0.0203125
1 0.8109375 0.08125 0.0703125 0.0671875
1 0.58203125 0.1140625 0.071875 0.046875
3 0.95078125 0.5359375 0.0703125 0.05625
1 0.9828125 0.40703125 0.034375 0.0671875
1 0.81875 0.28359375 0.071875 0.071875
1 0.57421875 0.25 0.078125 0.065625
1 0.525 0.40859375 0.06875 0.06875
1 0.765625 0.52421875 0.0625 0.075
2 0.428125 0.13046875 0.01875 0.0640625
2 0.46640625 0.6046875 0.0953125 0.05
2 0.5828125 0.04140625 0.09375 0.0796875
2 0.8203125 0.02265625 0.06875 0.021875
2 0.834375 0.19375 0.0796875 0.071875
2 0.99296875 0.33046875 0.0140625 0.0640625
2 0.9484375 0.446875 0.103125 0.09375
2 0.75703125 0.421875 0.1015625 0.0796875
2 0.5453125 0.32109375 0.0828125 0.071875
2 0.5765625 0.1609375 0.0984375 0.084375
4 0.971875 0.23203125 0.05625 0.2734375
4 0.9375 0.1609375 0.125 0.234375
4 0.77734375 0.22421875 0.1890625 0.2765625
4 0.51484375 0.178125 0.0734375 0.146875
4 0.734375 0.05390625 0.096875 0.1078125
4 0.56640625 0.05546875 0.1546875 0.1109375
4 0.4546875 0.0625 0.071875 0.125
4 0.43828125 0.30078125 0.0390625 0.1296875
4 0.68515625 0.584375 0.1828125 0.090625
4 0.90546875 0.58125 0.1890625 0.096875
5 0.72421875 0.09453125 0.1234375 0.1890625
5 0.88046875 0.0953125 0.1 0.14375
5 0.7734375 0.20234375 0.275 0.4046875
5 0.92578125 0.1953125 0.1484375 0.328125
5 0.946875 0.23671875 0.10625 0.3921875
5 0.96640625 0.44375 0.0671875 0.2875
5 0.8671875 0.5046875 0.265625 0.25
5 0.8046875 0.36875 0.28125 0.45625
5 0.7046875 0.49375 0.33125 0.271875
5 0.54453125 0.45234375 0.2515625 0.3546875
5 0.56796875 0.359375 0.2984375 0.515625
5 0.56796875 0.1671875 0.2453125 0.334375
5 0.575 0.09296875 0.234375 0.1859375
5 0.47265625 0.1078125 0.1078125 0.215625
5 0.45546875 0.26328125 0.0734375 0.3359375
3 0.20859375 0.64296875 0.0421875 0.0265625
4 0.09375 0.70390625 0.1875 0.1484375
5 0.1515625 0.7984375 0.303125 0.3375
8 0.6609375 0.81484375 0.484375 0.3703125