5 0.89375 0.23984375 0.2125 0.4796875
0 0.396875 0.12109375 0.1 0.065625
0 0.5890625 0.13203125 0.121875 0.0796875
0 0.23671875 0.171875 0.1171875 0.0734375
4 0.22109375 0.34453125 0.1671875 0.1859375
4 0.4234375 0.28046875 0.14375 0.1578125
4 0.5875 0.28828125 0.125 0.1546875
3 0.5828125 0.19609375 0.0609375 0.034375
3 0.39453125 0.184375 0.046875 0.0375
3 0.259375 0.23203125 0.0484375 0.034375
5 0.571875 0.28203125 0.15625 0.3953125
5 0.60703125 0.23984375 0.0859375 0.4796875
5 0.390625 0.28125 0.265625 0.396875
5 0.234375 0.3046875 0.225 0.35