2 0.28125 0.18984375 0.265625 0.3796875
5 0.23984375 0.31484375 0.4796875 0.6296875
4 0.28203125 0.503125 0.3953125 0.253125
1 0.275 0.471875 0.1828125 0.1546875
8 0.73984375 0.31484375 0.5203125 0.6296875
5 0.53828125 0.0828125 0.1171875 0.165625
7 0.525 0.021875 0.090625 0.04375
7 0.88359375 0.2640625 0.18125 0.3578125
0 0.8484375 0.0453125 0.078125 0.0890625
5 0.81484375 0.31484375 0.3703125 0.6296875
5 0.3609375 0.81484375 0.2375 0.3703125
1 0.84609375 0.934375 0.3078125 0.13125
2 0.84453125 0.759375 0.3109375 0.184375
5 0.73984375 0.821875 0.5203125 0.35625