0 0.95 0.1625 0.1 0.203125
0 0.53203125 0.35625 0.1640625 0.209375
0 0.69375 0.0171875 0.159375 0.034375
7 0.77890625 0.353125 0.3640625 0.5125
3 0.559375 0.56171875 0.090625 0.0953125
3 0.72265625 0.1171875 0.096875 0.1
3 0.98046875 0.37109375 0.0390625 0.1109375
5 0.85625 0.33203125 0.2875 0.5546875
5 0.75234375 0.3046875 0.4953125 0.609375
5 0.6015625 0.42578125 0.303125 0.3671875
8 0.23203125 0.1109375 0.3578125 0.221875
8 0.3203125 0.3046875 0.259375 0.609375
7 0.503125 0.89765625 0.10625 0.2046875
5 0.55 0.80546875 0.2 0.3890625
1 0.203125 0.63125 0.246875 0.04375
4 0.20546875 0.709375 0.4109375 0.2
5 0.2109375 0.71484375 0.421875 0.2109375