0 0.1578125 0.06484375 0.0890625 0.096875
3 0.153125 0.18359375 0.0546875 0.0609375
3 0.38125 0.2859375 0.015625 0.059375
4 0.36484375 0.43203125 0.0484375 0.2765625
7 0.1375 0.390625 0.2125 0.41875
5 0.159375 0.30546875 0.31875 0.5890625
5 0.32265625 0.34453125 0.1328125 0.5109375
3 0.40859375 0.16484375 0.0234375 0.04375
3 0.546875 0.2359375 0.015625 0.03125
7 0.40625 0.31953125 0.034375 0.3046875
0 0.534375 0.1625 0.05625 0.1015625
0 0.4140625 0.08203125 0.05 0.0859375
7 0.571875 0.3421875 0.11875 0.290625
5 0.41640625 0.31640625 0.0546875 0.5671875
5 0.56328125 0.35625 0.1515625 0.4875
8 0.19453125 0.8 0.3890625 0.4
6 0.7546875 0.71953125 0.0265625 0.040625
9 0.57421875 0.8 0.3703125 0.4
7 0.86640625 0.7640625 0.1984375 0.328125
5 0.86484375 0.8 0.2171875 0.4