4 0.096875 0.31640625 0.19375 0.2453125
5 0.1703125 0.21953125 0.340625 0.4390625
2 0.51640625 0.37109375 0.071875 0.0734375
5 0.56796875 0.3796875 0.2609375 0.11875
9 0.04609375 0.6765625 0.0921875 0.159375
9 0.203125 0.62734375 0.109375 0.103125
7 0.1140625 0.6078125 0.146875 0.275
3 0.08671875 0.4609375 0.0390625 0.04375
5 0.12890625 0.71953125 0.2578125 0.5609375
6 0.97109375 0.9609375 0.0578125 0.078125
6 0.8734375 0.6765625 0.0109375 0.0296875
7 0.9875 0.60234375 0.00625 0.009375
7 0.978125 0.59921875 0.0109375 0.0203125
2 0.8796875 0.60859375 0.00625 0.009375
2 0.92890625 0.6 0.00625 0.009375
2 0.97578125 0.5859375 0.0046875 0.0078125
5 0.88203125 0.621875 0.01875 0.0453125
5 0.9296875 0.609375 0.015625 0.0328125
5 0.97734375 0.59453125 0.0125 0.028125
5 0.9875 0.60078125 0.0078125 0.0140625
4 0.8828125 0.6296875 0.0125 0.0234375
4 0.93046875 0.6140625 0.0109375 0.0203125