3 0.934375 0.28359375 0.0875 0.046875
3 0.64765625 0.25 0.0328125 0.046875
0 0.66171875 0.14140625 0.0609375 0.1015625
0 0.91796875 0.1828125 0.1640625 0.096875
7 0.88984375 0.434375 0.2203125 0.26875
7 0.70859375 0.42109375 0.1546875 0.2953125
5 0.87421875 0.340625 0.2515625 0.45625
5 0.734375 0.32265625 0.20625 0.4921875
8 0.24453125 0.32265625 0.4890625 0.4921875
8 0.46484375 0.4171875 0.3328125 0.303125
3 0.87890625 0.79609375 0.0984375 0.0453125
2 0.83984375 0.7359375 0.1296875 0.0578125
4 0.878125 0.89296875 0.24375 0.2140625
5 0.815625 0.84296875 0.36875 0.3140625