3 0.290625 0.18046875 0.08125 0.040625
3 0.0203125 0.21328125 0.040625 0.0328125
3 0.575 0.11875 0.06875 0.040625
0 0.55625 0.0296875 0.10625 0.059375
0 0.28984375 0.0859375 0.165625 0.0859375
0 0.028125 0.13125 0.05625 0.078125
7 0.0640625 0.3828125 0.128125 0.284375
7 0.29609375 0.33671875 0.3046875 0.26875
7 0.5296875 0.30390625 0.159375 0.3203125
5 0.08125 0.4 0.1625 0.6375
5 0.28515625 0.3734375 0.3890625 0.690625
5 0.5140625 0.359375 0.190625 0.71875
8 0.8046875 0.41328125 0.390625 0.4796875
5 0.78046875 0.446875 0.0546875 0.1296875
1 0.159375 0.96875 0.26875 0.0625