5 0.11953125 0.209375 0.2390625 0.41875
5 0.06640625 0.2453125 0.1328125 0.346875
1 0.21640625 0.10390625 0.0453125 0.1515625
4 0.14921875 0.2671875 0.1796875 0.303125
4 0.05390625 0.3328125 0.1078125 0.171875
1 0.81875 0.08984375 0.3625 0.1796875
4 0.6515625 0.2453125 0.696875 0.346875
5 0.61953125 0.209375 0.7609375 0.41875
3 0.1234375 0.73359375 0.0375 0.034375
3 0.06328125 0.7296875 0.028125 0.0265625
3 0.015625 0.76171875 0.028125 0.028125
0 0.11640625 0.6796875 0.059375 0.05625
0 0.0609375 0.68359375 0.046875 0.046875
0 0.01953125 0.71484375 0.0390625 0.0515625
7 0.15 0.8328125 0.165625 0.2203125
7 0.0703125 0.78515625 0.078125 0.084375
7 0.05 0.85390625 0.1 0.1984375
5 0.13515625 0.81875 0.2078125 0.3625
5 0.08671875 0.82890625 0.1359375 0.3421875
5 0.075 0.83984375 0.15 0.3203125
5 0.028125 0.8390625 0.05625 0.321875
7 0.67265625 0.7328125 0.4890625 0.534375
3 0.565625 0.46015625 0.1375 0.0828125
5 0.61953125 0.709375 0.7609375 0.58125