1 0.29609375 0.1546875 0.2265625 0.309375
4 0.2046875 0.2578125 0.409375 0.103125
5 0.2046875 0.1546875 0.409375 0.309375
8 0.94921875 0.86953125 0.034375 0.0625
0 0.53984375 0.96640625 0.0046875 0.003125
7 0.5390625 0.97421875 0.0046875 0.009375
5 0.53984375 0.978125 0.00625 0.028125
5 0.97109375 0.9578125 0.009375 0.025
0 0.90546875 0.921875 0.0046875 0.003125
5 0.90546875 0.92890625 0.009375 0.01875
6 0.99765625 0.9390625 0.0046875 0.0125
7 0.99765625 0.90234375 0.0046875 0.0078125
5 0.996875 0.90703125 0.00625 0.0203125
8 0.4875 0.84765625 0.0140625 0.0140625
7 0.64296875 0.9703125 0.0078125 0.0109375
5 0.64296875 0.978125 0.0109375 0.0375
7 0.70546875 0.9875 0.00625 0.0125
5 0.70546875 0.9890625 0.0109375 0.021875
9 0.99140625 0.86328125 0.0171875 0.0203125
9 0.975 0.88203125 0.0265625 0.0234375
7 0.778125 0.9890625 0.0046875 0.009375
5 0.77890625 0.990625 0.00625 0.01875