1 0.75234375 0.2890625 0.4953125 0.48125
4 0.73046875 0.38671875 0.5390625 0.2859375
5 0.73046875 0.26484375 0.5390625 0.5296875
7 0.08359375 0.18125 0.1578125 0.3609375
7 0.41015625 0.20078125 0.1015625 0.2296875
0 0.3234375 0.1578125 0.0921875 0.1546875
3 0.1 0.02421875 0.03125 0.0421875
3 0.36171875 0.2046875 0.03125 0.0625
5 0.37109375 0.28671875 0.1796875 0.4859375
5 0.11015625 0.26484375 0.2203125 0.5296875
1 0.740625 0.86171875 0.51875 0.2765625
2 0.73046875 0.63125 0.5390625 0.203125
5 0.73046875 0.76484375 0.5390625 0.4703125
0 0.26875 0.6375 0.0296875 0.028125
5 0.26796875 0.64375 0.03125 0.0390625