1 0.296875 0.296875 0.165625 0.278125
2 0.2953125 0.04609375 0.16875 0.0921875
4 0.19453125 0.45390625 0.3703125 0.1109375
5 0.18984375 0.2546875 0.3796875 0.509375
7 0.64375 0.128125 0.128125 0.25625
7 0.4359375 0.1125 0.1125 0.225
5 0.44921875 0.2546875 0.1390625 0.509375
5 0.64453125 0.2546875 0.1859375 0.509375
5 0.08125 0.7546875 0.1625 0.490625
5 0.2015625 0.7546875 0.19375 0.490625
4 0.1875 0.67421875 0.121875 0.3296875
4 0.07109375 0.7078125 0.1421875 0.396875
8 0.68984375 0.78046875 0.6203125 0.4390625
0 0.71953125 0.6515625 0.0296875 0.0265625
7 0.7203125 0.71171875 0.071875 0.0546875
5 0.70703125 0.69921875 0.1046875 0.1203125