1 0.4953125 0.0609375 0.025 0.0515625
1 0.3375 0.04765625 0.0390625 0.0515625
2 0.340625 0.00546875 0.053125 0.0109375
4 0.10390625 0.14140625 0.1203125 0.2828125
4 0.32578125 0.1921875 0.1171875 0.2390625
4 0.49296875 0.24296875 0.0515625 0.3609375
5 0.4609375 0.3328125 0.115625 0.5125
5 0.42109375 0.29453125 0.1953125 0.5890625
5 0.09375 0.29296875 0.1875 0.5859375
5 0.328125 0.29453125 0.203125 0.5890625
8 0.759375 0.3640625 0.48125 0.45
8 0.60625 0.434375 0.175 0.309375
2 0.7078125 0.29921875 0.015625 0.021875
3 0.71171875 0.31875 0.0125 0.009375
4 0.7140625 0.33203125 0.0296875 0.0390625
5 0.71171875 0.3765625 0.0578125 0.175
3 0.17578125 0.77265625 0.0078125 0.0125
0 0.17265625 0.75234375 0.025 0.0328125
4 0.1609375 0.809375 0.0265625 0.06875
5 0.16796875 0.8578125 0.071875 0.24375
0 0.84296875 0.93203125 0.16875 0.0921875
0 0.8375 0.73671875 0.13125 0.1015625
0 0.6140625 0.7421875 0.0703125 0.0375
3 0.84296875 0.76640625 0.0484375 0.034375
3 0.86484375 0.9890625 0.0328125 0.021875
4 0.5921875 0.8109375 0.071875 0.0796875
4 0.74609375 0.846875 0.225 0.2125
5 0.60390625 0.79453125 0.0953125 0.140625
5 0.76953125 0.83515625 0.2734375 0.3296875
5 0.81484375 0.94296875 0.3703125 0.1140625