4 0.10546875 0.159375 0.2109375 0.31875
5 0.225 0.284375 0.45 0.56875
8 0.753125 0.33984375 0.49375 0.3640625
0 0.8796875 0.5640625 0.05 0.009375
0 0.92578125 0.44453125 0.0078125 0.0046875
7 0.92578125 0.453125 0.015625 0.0125
5 0.928125 0.45703125 0.021875 0.03125
0 0.92265625 0.46953125 0.009375 0.0046875
7 0.928125 0.4796875 0.015625 0.0140625
5 0.92578125 0.4828125 0.021875 0.0328125
2 0.36875 0.86484375 0.1625 0.1203125
5 0.225 0.88984375 0.45 0.2203125
3 0.81171875 0.94375 0.1953125 0.1125
0 0.79296875 0.6875 0.4078125 0.2375
5 0.725 0.784375 0.55 0.43125