4 0.2421875 0.1375 0.396875 0.275
5 0.29453125 0.21484375 0.5890625 0.4296875
4 0.79453125 0.21484375 0.4109375 0.4296875
5 0.79453125 0.21484375 0.4109375 0.4296875
2 0.96953125 0.44609375 0.0609375 0.0328125
2 0.74765625 0.54375 0.059375 0.0640625
3 0.696875 0.45 0.05 0.040625
3 0.8578125 0.49453125 0.040625 0.0515625
3 0.94921875 0.5484375 0.0515625 0.059375
4 0.978125 0.83046875 0.04375 0.3390625
4 0.91953125 0.74921875 0.1609375 0.3515625
4 0.82265625 0.69453125 0.1609375 0.3390625
4 0.68515625 0.81796875 0.1828125 0.3640625
7 0.67265625 0.62890625 0.1671875 0.3703125
5 0.9546875 0.72890625 0.090625 0.5421875
5 0.89453125 0.71484375 0.2109375 0.5703125
5 0.81640625 0.71484375 0.2703125 0.5703125
5 0.70546875 0.7453125 0.2328125 0.509375
5 0.68984375 0.71484375 0.2015625 0.5703125