1 0.48203125 0.290625 0.2671875 0.196875
2 0.496875 0.0796875 0.278125 0.159375
5 0.38515625 0.19453125 0.5296875 0.3890625
5 0.15390625 0.19453125 0.3078125 0.3890625
5 0.825 0.19453125 0.35 0.3890625
2 0.60703125 0.446875 0.065625 0.05
2 0.18125 0.41484375 0.071875 0.0515625
1 0.15625 0.4671875 0.0296875 0.0421875
1 0.22890625 0.7375 0.0796875 0.0578125
1 0.62265625 0.515625 0.0359375 0.0546875
4 0.1265625 0.70703125 0.203125 0.396875
4 0.58828125 0.57421875 0.0765625 0.1
5 0.184375 0.459375 0.10625 0.140625
5 0.2171875 0.7359375 0.434375 0.528125
5 0.44609375 0.69453125 0.4078125 0.6109375
5 0.590625 0.52421875 0.11875 0.2203125
2 0.240625 0.58203125 0.1375 0.178125