1 0.03359375 0.39375 0.0671875 0.1125
4 0.33203125 0.2671875 0.4359375 0.365625
1 0.24375 0.12734375 0.0703125 0.03125
5 0.325 0.25859375 0.45 0.3828125
5 0.171875 0.296875 0.34375 0.30625
2 0.06953125 0.240625 0.1390625 0.14375
8 0.74453125 0.234375 0.3890625 0.41875
0 0.70625 0.44609375 0.05 0.0078125
0 0.734375 0.32578125 0.0078125 0.0046875
7 0.7359375 0.33359375 0.015625 0.0140625
5 0.73828125 0.3375 0.025 0.0328125
0 0.73515625 0.35 0.009375 0.0046875
7 0.740625 0.359375 0.0171875 0.015625
5 0.7390625 0.3625 0.025 0.034375
2 0.44921875 0.7984375 0.0640625 0.05625
2 0.31484375 0.775 0.05625 0.0578125
2 0.21640625 0.7609375 0.065625 0.0578125
2 0.15546875 0.940625 0.0546875 0.0609375
0 0.06484375 0.7703125 0.084375 0.0875
3 0.07890625 0.86640625 0.046875 0.0546875
3 0.23515625 0.8640625 0.0375 0.0484375
3 0.3328125 0.884375 0.0484375 0.05625
3 0.4640625 0.9109375 0.0453125 0.0515625
4 0.371875 0.95234375 0.15625 0.0953125
4 0.26796875 0.94609375 0.1515625 0.1078125
7 0.1078125 0.934375 0.178125 0.13125
5 0.4546875 0.87890625 0.190625 0.2421875
5 0.3734375 0.86796875 0.265625 0.2640625
5 0.26640625 0.86171875 0.2640625 0.2765625
5 0.12109375 0.859375 0.2421875 0.28125
8 0.690625 0.64375 0.28125 0.3875