1 0.0640625 0.37421875 0.128125 0.1109375
4 0.3703125 0.303125 0.3375 0.253125
1 0.38828125 0.19375 0.0734375 0.0296875
5 0.36328125 0.2984375 0.3515625 0.2625
5 0.20703125 0.29140625 0.4140625 0.2765625
2 0.1265625 0.23203125 0.253125 0.1328125
1 0.71015625 0.265625 0.175 0.1125
1 0.965625 0.24609375 0.06875 0.0796875
1 0.89375 0.17421875 0.0984375 0.0859375
2 0.7859375 0.15234375 0.265625 0.11875
2 0.8734375 0.0828125 0.1328125 0.0796875
2 0.97265625 0.1125 0.0546875 0.10625
5 0.95859375 0.23359375 0.0828125 0.3421875
5 0.90390625 0.12578125 0.165625 0.1640625
5 0.76953125 0.2515625 0.4609375 0.35625
5 0.6234375 0.21484375 0.16875 0.4296875
7 0.39296875 0.64375 0.1890625 0.428125
5 0.39765625 0.71484375 0.2828125 0.5703125
8 0.6671875 0.79609375 0.21875 0.3015625
0 0.92734375 0.50390625 0.01875 0.0171875
5 0.91484375 0.57890625 0.059375 0.171875