1 0.146875 0.26640625 0.29375 0.4859375
5 0.225 0.2546875 0.45 0.509375
6 0.5359375 0.0609375 0.0171875 0.0390625
6 0.57421875 0.04765625 0.0125 0.03125
6 0.59921875 0.0390625 0.0125 0.03125
6 0.915625 0.3640625 0.15625 0.290625
6 0.6671875 0.14375 0.053125 0.0953125
6 0.72109375 0.078125 0.0296875 0.059375
6 0.74609375 0.05078125 0.0234375 0.0484375
6 0.76640625 0.04609375 0.0171875 0.040625
6 0.77265625 0.02421875 0.0171875 0.0296875
6 0.76328125 0.01484375 0.0171875 0.0296875
6 0.61796875 0.0328125 0.0109375 0.0265625
6 0.6515625 0.02890625 0.0109375 0.0234375
9 0.725 0.2546875 0.55 0.509375
8 0.19140625 0.759375 0.3828125 0.48125
8 0.49296875 0.59609375 0.0859375 0.1734375
5 0.75390625 0.61484375 0.0546875 0.1203125
4 0.746875 0.60234375 0.0265625 0.0484375
0 0.73515625 0.56640625 0.0109375 0.0109375