0 0.4109375 0.1234375 0.025 0.0234375
0 0.29921875 0.0890625 0.01875 0.028125
7 0.42265625 0.1828125 0.0328125 0.078125
7 0.33046875 0.121875 0.05 0.06875
5 0.32578125 0.15390625 0.071875 0.1671875
5 0.4015625 0.20859375 0.075 0.2015625
8 0.9 0.1828125 0.2 0.253125
4 0.928125 0.1625 0.0140625 0.021875
2 0.925 0.14140625 0.0109375 0.0109375
5 0.93046875 0.1546875 0.028125 0.04375
0 0.38359375 0.45546875 0.1109375 0.1890625
0 0.153125 0.4 0.178125 0.18125
3 0.159375 0.5734375 0.1046875 0.15
3 0.4046875 0.65703125 0.06875 0.1171875
4 0.3875 0.859375 0.103125 0.28125
4 0.15703125 0.80234375 0.3046875 0.3953125
5 0.17578125 0.6546875 0.3515625 0.690625
5 0.35078125 0.67734375 0.1765625 0.6453125
8 0.790625 0.83359375 0.41875 0.3328125