7 0.2578125 0.13046875 0.13125 0.2609375
7 0.471875 0.1421875 0.134375 0.284375
3 0.30234375 0.01875 0.0328125 0.0359375
5 0.440625 0.29453125 0.196875 0.5890625
5 0.24453125 0.29453125 0.2109375 0.5890625
1 0.59921875 0.1 0.0421875 0.0421875
1 0.76640625 0.028125 0.0484375 0.05625
1 0.88359375 0.065625 0.0515625 0.0765625
1 0.95 0.14296875 0.0234375 0.021875
1 0.9203125 0.12109375 0.0203125 0.0140625
2 0.925 0.0921875 0.0265625 0.0234375
2 0.95859375 0.09296875 0.034375 0.034375
4 0.940625 0.19921875 0.071875 0.1390625
5 0.92265625 0.103125 0.034375 0.05625
5 0.94453125 0.1734375 0.078125 0.1984375
5 0.93828125 0.29453125 0.1234375 0.5890625
5 0.79609375 0.29453125 0.2828125 0.5890625
5 0.6859375 0.29453125 0.246875 0.5890625
5 0.59375 0.29453125 0.109375 0.5890625
4 0.5765625 0.1734375 0.075 0.14375
4 0.72421875 0.190625 0.125 0.2703125
4 0.83515625 0.22578125 0.146875 0.2640625
4 0.97109375 0.2875 0.0578125 0.303125
8 0.14140625 0.63125 0.2828125 0.084375
4 0.53359375 0.6875 0.0109375 0.01875
5 0.53125 0.6859375 0.015625 0.0375
8 0.815625 0.79453125 0.36875 0.4109375
3 0.58359375 0.7390625 0.025 0.0484375
0 0.58828125 0.6578125 0.071875 0.0890625
7 0.57734375 0.86875 0.0765625 0.2625
5 0.6109375 0.8015625 0.14375 0.396875