0 0.75 0.02578125 0.075 0.0515625
3 0.64140625 0.028125 0.0265625 0.0375
3 0.775 0.0640625 0.0203125 0.034375
7 0.83046875 0.1625 0.1671875 0.29375
7 0.61328125 0.16328125 0.1703125 0.2921875
5 0.6515625 0.1546875 0.296875 0.309375
5 0.85078125 0.1546875 0.2765625 0.309375
3 0.35546875 0.18359375 0.1890625 0.2515625
4 0.225 0.25 0.45 0.11875
5 0.225 0.1546875 0.45 0.309375
4 0.87265625 0.4546875 0.2546875 0.290625
4 0.54453125 0.46953125 0.1890625 0.3203125
5 0.79375 0.6546875 0.4125 0.690625
5 0.625 0.6546875 0.35 0.690625
7 0.3796875 0.6296875 0.140625 0.328125
3 0.3359375 0.40390625 0.04375 0.05
2 0.3125 0.33359375 0.08125 0.0484375
5 0.35703125 0.6546875 0.1859375 0.690625
8 0.225 0.6546875 0.45 0.690625