7 0.31328125 0.08046875 0.1515625 0.1609375
5 0.3546875 0.275 0.2125 0.55
5 0.9921875 0.1515625 0.015625 0.23125
8 0.27734375 0.7984375 0.5546875 0.403125
8 0.62578125 0.88828125 0.1328125 0.1796875
9 0.73359375 0.6765625 0.028125 0.0328125
9 0.75859375 0.67265625 0.028125 0.0296875
9 0.7828125 0.66484375 0.028125 0.034375
9 0.80625 0.65859375 0.028125 0.03125
9 0.840625 0.65078125 0.0296875 0.0328125
9 0.865625 0.64453125 0.028125 0.03125
9 0.88984375 0.63984375 0.028125 0.03125
9 0.9140625 0.634375 0.028125 0.03125
9 0.93359375 0.62890625 0.028125 0.03125
9 0.95390625 0.6234375 0.028125 0.0296875
9 0.96953125 0.6203125 0.028125 0.03125
9 0.98671875 0.615625 0.0265625 0.03125
5 0.9828125 0.98984375 0.015625 0.0203125
8 0.9015625 0.93046875 0.1375 0.1390625
8 0.80546875 0.79453125 0.3890625 0.4109375