7 0.94375 0.18203125 0.1125 0.3265625
7 0.5625 0.2328125 0.16875 0.225
0 0.68359375 0.1859375 0.0765625 0.1328125
3 0.934375 0.03125 0.0265625 0.0359375
3 0.64921875 0.2359375 0.021875 0.034375
5 0.58203125 0.3359375 0.2828125 0.471875
5 0.91875 0.29453125 0.1625 0.5890625
8 0.2203125 0.29453125 0.440625 0.5890625
5 0.20859375 0.26171875 0.078125 0.103125
4 0.71171875 0.646875 0.3421875 0.115625
5 0.665625 0.77734375 0.45 0.3765625
8 0.2203125 0.79453125 0.440625 0.4109375
5 0.390625 0.79453125 0.1 0.4109375