9 0.7453125 0.0203125 0.2125 0.040625
7 0.6984375 0.04453125 0.121875 0.0890625
5 0.71171875 0.16484375 0.1890625 0.3296875
5 0.88515625 0.12890625 0.1359375 0.2578125
3 0.259375 0.9125 0.1421875 0.121875
3 0.41796875 0.64609375 0.021875 0.01875
2 0.41796875 0.6078125 0.0375 0.0296875
2 0.2484375 0.596875 0.203125 0.159375
5 0.128125 0.6484375 0.0671875 0.1140625
5 0.42109375 0.7328125 0.1484375 0.2890625
5 0.2546875 0.75 0.509375 0.5
4 0.259375 0.96015625 0.390625 0.0796875
4 0.4140625 0.66484375 0.0640625 0.0578125
6 0.89140625 0.42578125 0.2015625 0.1921875
6 0.75078125 0.37109375 0.1609375 0.0828125