3 0.42890625 0.0328125 0.040625 0.053125
7 0.40625 0.2296875 0.10625 0.33125
5 0.3734375 0.29453125 0.171875 0.5890625
9 0.7296875 0.29453125 0.540625 0.5890625
4 0.16015625 0.80859375 0.0515625 0.0421875
4 0.21953125 0.80703125 0.0453125 0.0515625
2 0.215625 0.76875 0.021875 0.0140625
2 0.15546875 0.7703125 0.0265625 0.0171875
5 0.15546875 0.82421875 0.075 0.1296875
5 0.2140625 0.815625 0.0609375 0.10625
0 0.68984375 0.9265625 0.00625 0.009375
7 0.6859375 0.94453125 0.0078125 0.021875
5 0.68671875 0.9421875 0.0140625 0.0359375