3 0.49609375 0.10546875 0.009375 0.009375
0 0.49609375 0.08515625 0.01875 0.021875
4 0.48359375 0.12109375 0.0296875 0.040625
4 0.5609375 0.15390625 0.021875 0.0625
5 0.5671875 0.15234375 0.046875 0.125
5 0.49140625 0.14453125 0.0578125 0.140625
8 0.89453125 0.1875 0.2109375 0.375
8 0.89453125 0.23359375 0.2109375 0.4671875
0 0.33203125 0.70390625 0.2046875 0.2703125
7 0.64296875 0.83046875 0.2921875 0.3390625
3 0.43125 0.75703125 0.10625 0.15625
5 0.50625 0.784375 0.565625 0.43125
0 0.8296875 0.64140625 0.08125 0.1453125
5 0.89453125 0.76171875 0.2109375 0.3859375