7 0.24609375 0.3875 0.2453125 0.3625
5 0.2296875 0.284375 0.278125 0.56875
0 0.2515625 0.06328125 0.190625 0.1265625
3 0.27734375 0.19296875 0.1 0.1484375
8 0.684375 0.284375 0.63125 0.56875
8 0.4375 0.4234375 0.1375 0.290625
9 0.1109375 0.9171875 0.0984375 0.146875
7 0.0421875 0.87265625 0.084375 0.2546875
7 0.22734375 0.82578125 0.08125 0.1703125
3 0.00859375 0.73046875 0.0171875 0.0453125
3 0.221875 0.715625 0.009375 0.025
0 0.203125 0.68359375 0.053125 0.06875
0 0.009375 0.6640625 0.01875 0.059375
5 0.0796875 0.784375 0.159375 0.43125
5 0.23046875 0.79140625 0.1515625 0.4171875
5 0.91875 0.784375 0.1625 0.43125
2 0.828125 0.58359375 0.11875 0.0296875
2 0.67109375 0.58515625 0.1078125 0.0328125
1 0.53359375 0.59296875 0.1203125 0.0484375
1 0.675 0.646875 0.0703125 0.090625
1 0.91328125 0.58671875 0.0734375 0.0359375
1 0.87578125 0.66328125 0.0953125 0.1234375
4 0.95078125 0.778125 0.0984375 0.39375
4 0.890625 0.8625 0.21875 0.275
4 0.73515625 0.83125 0.2109375 0.3375
4 0.54765625 0.784375 0.3578125 0.43125