2 0.8203125 0.1953125 0.034375 0.0390625
4 0.8359375 0.2796875 0.05625 0.1
5 0.828125 0.2484375 0.11875 0.1625
4 0.80078125 0.628125 0.1921875 0.2234375
0 0.74375 0.48125 0.1453125 0.075
3 0.7 0.53046875 0.040625 0.0390625
3 0.5078125 0.365625 0.0578125 0.0421875
2 0.55078125 0.34765625 0.0734375 0.0359375
5 0.52109375 0.48203125 0.2203125 0.3046875
5 0.70625 0.71796875 0.4671875 0.5640625
8 0.20546875 0.821875 0.4109375 0.35625
8 0.31171875 0.8859375 0.1984375 0.228125
2 0.196875 0.8171875 0.0171875 0.0234375
3 0.1953125 0.8375 0.0125 0.009375
4 0.1921875 0.85234375 0.03125 0.040625
5 0.19765625 0.8953125 0.0671875 0.178125