5 0.04375 0.55625 0.0171875 0.028125
7 0.040625 0.55859375 0.0078125 0.0203125
8 0.07265625 0.57421875 0.1453125 0.2984375
9 0.0140625 0.2015625 0.028125 0.06875
9 0.06328125 0.19296875 0.0859375 0.0625
9 0.334375 0.20546875 0.0640625 0.0546875
9 0.29296875 0.20859375 0.0828125 0.0671875
8 0.31328125 0.29453125 0.0640625 0.0953125
8 0.209375 0.28828125 0.41875 0.4546875
0 0.628125 0.13203125 0.046875 0.0703125
1 0.63046875 0.2046875 0.0125 0.0296875
4 0.59453125 0.3359375 0.08125 0.253125
4 0.4328125 0.259375 0.028125 0.16875
5 0.43671875 0.33359375 0.0359375 0.3546875
5 0.60234375 0.4234375 0.13125 0.65625
8 0.209375 0.89453125 0.41875 0.2109375