5 0.71875 0.21484375 0.5625 0.4296875
6 0.21171875 0.38828125 0.0703125 0.0828125
6 0.33359375 0.34609375 0.0484375 0.0890625
6 0.12421875 0.31015625 0.021875 0.0390625
6 0.0125 0.34453125 0.025 0.0546875
6 0.16953125 0.29375 0.01875 0.0359375
6 0.1625 0.2796875 0.0171875 0.0328125
6 0.12109375 0.28046875 0.015625 0.03125
6 0.08046875 0.2796875 0.009375 0.021875
6 0.04765625 0.27734375 0.0109375 0.01875
6 0.0265625 0.27890625 0.0109375 0.01875
6 0.015625 0.278125 0.0109375 0.01875
6 0.2546875 0.23203125 0.0078125 0.0171875
6 0.2109375 0.23828125 0.0078125 0.015625
6 0.328125 0.2234375 0.0109375 0.0203125
6 0.4078125 0.2109375 0.00625 0.021875
6 0.36953125 0.21171875 0.009375 0.01875
6 0.3125 0.22109375 0.009375 0.01875
6 0.24765625 0.228125 0.009375 0.0171875
6 0.1984375 0.23671875 0.0078125 0.01875
9 0.20546875 0.353125 0.4109375 0.153125
1 0.68828125 0.67265625 0.5546875 0.3546875
2 0.67265625 0.471875 0.5234375 0.084375
4 0.70546875 0.83203125 0.5890625 0.3359375
5 0.70546875 0.71484375 0.5890625 0.5703125
1 0.26015625 0.75859375 0.3015625 0.3796875
0 0.26015625 0.56796875 0.3015625 0.1640625
4 0.20546875 0.921875 0.4109375 0.15625
5 0.20546875 0.715625 0.4109375 0.56875