3 0.1578125 0.05390625 0.234375 0.1078125
7 0.19921875 0.26484375 0.3984375 0.5296875
5 0.23828125 0.26484375 0.4765625 0.5296875
8 0.74453125 0.26484375 0.5109375 0.5296875
6 0.075 0.8078125 0.0765625 0.146875
6 0.2015625 0.5453125 0.034375 0.03125
9 0.28359375 0.78984375 0.4109375 0.4203125
6 0.4921875 0.953125 0.00625 0.021875
6 0.49375 0.95234375 0.009375 0.0234375
6 0.5109375 0.9375 0.009375 0.021875
6 0.51484375 0.9328125 0.009375 0.021875
6 0.5546875 0.99453125 0.028125 0.0109375
6 0.590625 0.9 0.0140625 0.025
6 0.6015625 0.90703125 0.0171875 0.0328125
6 0.66875 0.86875 0.0203125 0.0328125
6 0.7875 0.80859375 0.021875 0.040625
6 0.91484375 0.7765625 0.0265625 0.05
6 0.64375 0.85 0.0125 0.0234375
9 0.88359375 0.88515625 0.2328125 0.2296875
6 0.68671875 0.8109375 0.0125 0.01875
6 0.7125 0.78515625 0.0109375 0.0171875
9 0.6828125 0.765625 0.034375 0.0421875