5 0.31953125 0.13671875 0.2109375 0.2734375
6 0.4875 0.0546875 0.071875 0.109375
8 0.05625 0.7265625 0.1125 0.253125
8 0.28515625 0.8 0.3296875 0.4
5 0.83515625 0.8 0.3296875 0.4
5 0.69296875 0.8 0.2859375 0.4
5 0.5546875 0.61875 0.053125 0.0375
4 0.65625 0.60390625 0.021875 0.0078125
4 0.5546875 0.61171875 0.021875 0.0234375
2 0.6109375 0.6203125 0.109375 0.040625
2 0.5546875 0.68203125 0.128125 0.1171875
1 0.64296875 0.6890625 0.0796875 0.1046875
1 0.60703125 0.803125 0.1046875 0.1328125
4 0.87734375 0.8 0.2453125 0.4
4 0.71796875 0.85546875 0.1828125 0.2890625
4 0.65234375 0.9296875 0.2921875 0.140625
4 0.51796875 0.90390625 0.1359375 0.1921875