5 0.4453125 0.5484375 0.028125 0.090625
8 0.33984375 0.39140625 0.2078125 0.328125
8 0.240625 0.34453125 0.4375 0.6890625
9 0.2234375 0.16484375 0.0234375 0.0609375
9 0.25234375 0.17578125 0.0546875 0.0765625
8 0.08984375 0.0625 0.034375 0.0515625
9 0.15234375 0.034375 0.0109375 0.0125
9 0.1375 0.05546875 0.015625 0.0203125
9 0.14921875 0.0640625 0.015625 0.021875
8 0.63125 0.33046875 0.03125 0.034375
9 0.60234375 0.33828125 0.034375 0.03125
9 0.99765625 0.3453125 0.0046875 0.015625
3 0.6515625 0.3984375 0.009375 0.0109375
0 0.65546875 0.3796875 0.021875 0.0328125
5 0.6328125 0.46953125 0.06875 0.21875
4 0.521875 0.3453125 0.03125 0.05625
0 0.5265625 0.30390625 0.0171875 0.021875
5 0.5140625 0.38515625 0.065625 0.190625
8 0.38203125 0.95 0.1546875 0.1
9 0.2828125 0.72265625 0.034375 0.034375
8 0.225 0.84453125 0.45 0.3109375
5 0.81875 0.7984375 0.3625 0.21875