0 0.921875 0.16171875 0.15625 0.3234375
5 0.92109375 0.29453125 0.1578125 0.5890625
8 0.315625 0.3 0.63125 0.6
8 0.44453125 0.27265625 0.3734375 0.5453125
0 0.48984375 0.2859375 0.015625 0.0140625
3 0.490625 0.30078125 0.0109375 0.0109375
4 0.49453125 0.31640625 0.0234375 0.034375
5 0.5015625 0.3203125 0.053125 0.0890625
0 0.815625 0.87109375 0.36875 0.2546875
5 0.815625 0.84609375 0.36875 0.3078125
6 0.43359375 0.8078125 0.0390625 0.0546875
9 0.10546875 0.8 0.2109375 0.4
9 0.4984375 0.8 0.265625 0.4