0 0.01796875 0.35625 0.0359375 0.078125
1 0.6984375 0.284375 0.1203125 0.175
3 0.75703125 0.03046875 0.0796875 0.0609375
4 0.74375 0.246875 0.25 0.465625
5 0.8078125 0.23984375 0.378125 0.4796875
5 0.42890625 0.94609375 0.0609375 0.1078125
8 0.4125 0.540625 0.146875 0.121875
0 0.59140625 0.559375 0.0125 0.0203125
5 0.59921875 0.57578125 0.0390625 0.0578125
8 0.75703125 0.63046875 0.2765625 0.3015625
4 0.69453125 0.515625 0.025 0.03125
0 0.7 0.484375 0.0125 0.009375
3 0.6984375 0.49765625 0.009375 0.009375
5 0.690625 0.50859375 0.04375 0.0578125