9 0.63515625 0.4 0.0703125 0.378125
9 0.93671875 0.3765625 0.1265625 0.525
7 0.7328125 0.4359375 0.25625 0.40625
5 0.73046875 0.325 0.2609375 0.628125
3 0.71328125 0.2140625 0.0609375 0.065625
0 0.69609375 0.0703125 0.115625 0.1265625
8 0.33359375 0.31953125 0.5328125 0.6390625
8 0.10546875 0.4125 0.2109375 0.453125
5 0.51875 0.22421875 0.034375 0.0859375
6 0.90390625 0.8125 0.028125 0.103125
6 0.7609375 0.6578125 0.0125 0.0375
6 0.6421875 0.65 0.009375 0.021875
6 0.9984375 0.66875 0.003125 0.034375
6 0.91328125 0.6671875 0.009375 0.034375
6 0.9078125 0.6515625 0.00625 0.025
6 0.8296875 0.65078125 0.00625 0.0234375
6 0.70234375 0.64453125 0.0078125 0.0109375
6 0.93828125 0.65078125 0.0078125 0.0234375
6 0.85234375 0.6421875 0.0046875 0.00625
6 0.865625 0.64140625 0.00625 0.0046875
6 0.90234375 0.64140625 0.0046875 0.0046875
6 0.9140625 0.64453125 0.00625 0.0109375
6 0.95625 0.6484375 0.00625 0.01875
6 0.9671875 0.646875 0.00625 0.015625
6 0.984375 0.646875 0.00625 0.015625
6 0.990625 0.64296875 0.00625 0.0078125
8 0.3 0.81953125 0.6 0.3609375