5 0.27890625 0.19375 0.046875 0.096875
8 0.04140625 0.2296875 0.0828125 0.11875
8 0.27890625 0.215625 0.4640625 0.43125
5 0.81640625 0.3875 0.01875 0.04375
8 0.54921875 0.28203125 0.0390625 0.0390625
8 0.72421875 0.37890625 0.3890625 0.2015625
8 0.93828125 0.3828125 0.0609375 0.0953125
4 0.87421875 0.35625 0.0046875 0.0109375
5 0.8734375 0.35859375 0.0078125 0.021875
4 0.36875 0.91953125 0.103125 0.1609375
3 0.39296875 0.86796875 0.0296875 0.04375
3 0.28671875 0.98359375 0.0203125 0.0328125
2 0.2734375 0.909375 0.08125 0.10625
2 0.40078125 0.80078125 0.05 0.059375
5 0.3625 0.88203125 0.146875 0.2359375
5 0.25546875 0.925 0.2015625 0.15
8 0.31796875 0.7765625 0.4234375 0.446875
8 0.76484375 0.8296875 0.4703125 0.340625
0 0.82890625 0.89453125 0.025 0.0265625
3 0.82421875 0.91484375 0.0125 0.0125
4 0.8203125 0.93359375 0.03125 0.0359375
5 0.82265625 0.915625 0.0390625 0.071875