3 0.03125 0.41953125 0.0140625 0.028125
0 0.046875 0.4109375 0.025 0.046875
0 0.253125 0.05546875 0.03125 0.0421875
7 0.01796875 0.41640625 0.0359375 0.0671875
7 0.24921875 0.12734375 0.0484375 0.0921875
3 0.24921875 0.0859375 0.0125 0.015625
5 0.2421875 0.175 0.0953125 0.2890625
4 0.865625 0.221875 0.26875 0.35625
4 0.49140625 0.14921875 0.2796875 0.2984375
3 0.9015625 0.0296875 0.1015625 0.059375
3 0.57109375 0.01015625 0.0921875 0.0203125
5 0.7703125 0.225 0.459375 0.45
5 0.51796875 0.225 0.4171875 0.45
1 0.1546875 0.86953125 0.309375 0.2609375
2 0.1546875 0.69921875 0.309375 0.2328125
5 0.1546875 0.7703125 0.309375 0.459375