8 0.190625 0.278125 0.38125 0.48125
7 0.5421875 0.759375 0.321875 0.48125
5 0.690625 0.759375 0.61875 0.48125
3 0.015625 0.71015625 0.0234375 0.0203125
3 0.0859375 0.7171875 0.0296875 0.0234375
3 0.1265625 0.709375 0.025 0.021875
3 0.1875 0.73359375 0.025 0.0234375
3 0.203125 0.68515625 0.01875 0.021875
3 0.240625 0.70703125 0.0234375 0.021875
3 0.2921875 0.64765625 0.0265625 0.021875
3 0.290625 0.71796875 0.0234375 0.021875
3 0.365625 0.653125 0.021875 0.0203125
3 0.3578125 0.72109375 0.025 0.025
0 0.365625 0.61640625 0.03125 0.0359375
0 0.35625 0.675 0.040625 0.0421875
0 0.2890625 0.609375 0.0359375 0.034375
0 0.2859375 0.67734375 0.0390625 0.04375
0 0.240625 0.6671875 0.0390625 0.040625
0 0.19609375 0.64453125 0.0375 0.0390625
0 0.18046875 0.68828125 0.0421875 0.0453125
0 0.12421875 0.6640625 0.0421875 0.040625
0 0.08125 0.6703125 0.0484375 0.0484375
0 0.01875 0.6625 0.0375 0.05
7 0.3484375 0.8078125 0.065625 0.15625
7 0.35234375 0.6953125 0.0578125 0.059375
7 0.29609375 0.70078125 0.0828125 0.0921875
7 0.28828125 0.81796875 0.0859375 0.16875
7 0.234375 0.8046875 0.0609375 0.153125
7 0.21015625 0.72265625 0.03125 0.0390625
7 0.18984375 0.8203125 0.1 0.1671875
7 0.12734375 0.75546875 0.05625 0.084375
7 0.0890625 0.8078125 0.1296875 0.1703125
7 0.03828125 0.79921875 0.0765625 0.1703125
7 0.01953125 0.8515625 0.0390625 0.225
5 0.3625 0.79921875 0.0375 0.4015625
5 0.34296875 0.82734375 0.0765625 0.3453125
5 0.30234375 0.79375 0.1171875 0.4125
5 0.29765625 0.8265625 0.1078125 0.346875
5 0.2515625 0.82265625 0.090625 0.3546875
5 0.2140625 0.8125 0.084375 0.375
5 0.20078125 0.83125 0.1328125 0.3375
5 0.14296875 0.81796875 0.0921875 0.3640625
5 0.09921875 0.82109375 0.1671875 0.3578125
5 0.05078125 0.815625 0.1015625 0.36875
5 0.0390625 0.8296875 0.078125 0.340625