8 0.3046875 0.26484375 0.609375 0.5296875
8 0.353125 0.26484375 0.671875 0.5296875
5 0.53203125 0.3234375 0.3140625 0.4125
4 0.8734375 0.41953125 0.253125 0.2203125
5 0.84453125 0.26484375 0.3109375 0.5296875
1 0.0734375 0.8 0.146875 0.4
1 0.2921875 0.815625 0.2890625 0.2875
1 0.53125 0.79453125 0.2671875 0.2921875
0 0.72421875 0.653125 0.0703125 0.109375
0 0.81796875 0.56875 0.0796875 0.078125
3 0.83046875 0.64453125 0.0265625 0.0359375
3 0.72578125 0.7234375 0.0203125 0.0328125
7 0.7453125 0.83984375 0.1125 0.3015625
7 0.9125 0.77265625 0.175 0.3203125
5 0.8875 0.76484375 0.225 0.4703125
5 0.78984375 0.7953125 0.2015625 0.409375