0 0.12890625 0.15390625 0.075 0.1109375
0 0.02109375 0.1078125 0.0421875 0.096875
3 0.0265625 0.190625 0.0265625 0.0359375
3 0.15546875 0.21953125 0.021875 0.034375
7 0.2125 0.29453125 0.171875 0.2484375
7 0.0453125 0.3 0.090625 0.2375
5 0.1015625 0.23828125 0.203125 0.3609375
5 0.234375 0.24609375 0.29375 0.3453125
0 0.75 0.184375 0.18125 0.215625
3 0.775 0.35546875 0.115625 0.1015625
5 0.8296875 0.23203125 0.340625 0.3734375
1 0.8296875 0.8609375 0.340625 0.278125
2 0.80078125 0.659375 0.2828125 0.19375
5 0.8296875 0.73046875 0.340625 0.5390625