0 0.02421875 0.17734375 0.0484375 0.0984375
3 0.01484375 0.228125 0.01875 0.053125
5 0.0234375 0.21640625 0.046875 0.1890625
8 0.709375 0.2546875 0.58125 0.509375
7 0.940625 0.01953125 0.065625 0.0390625
5 0.92734375 0.028125 0.0984375 0.05625
6 0.25078125 0.81015625 0.0484375 0.0671875
8 0.6828125 0.8390625 0.546875 0.321875
0 0.55234375 0.9515625 0.0078125 0.0046875
7 0.55078125 0.9609375 0.0140625 0.0125
5 0.5484375 0.9640625 0.0203125 0.03125
0 0.55390625 0.9765625 0.009375 0.003125
7 0.54921875 0.9859375 0.015625 0.0125
5 0.55078125 0.98671875 0.0234375 0.0265625