8 0.6984375 0.25 0.596875 0.5
9 0.96015625 0.42109375 0.0796875 0.1578125
8 0.2 0.75 0.4 0.5
4 0.07421875 0.95 0.05625 0.065625
2 0.0796875 0.89296875 0.028125 0.0203125
3 0.08203125 0.91328125 0.0234375 0.0171875
5 0.07734375 0.9390625 0.0890625 0.121875
0 0.665625 0.55078125 0.0875 0.1015625
0 0.9640625 0.5515625 0.071875 0.103125
0 0.81171875 0.55625 0.090625 0.1
2 0.54375 0.5859375 0.0875 0.0703125
2 0.9234375 0.5375 0.06875 0.075
3 0.546875 0.684375 0.0453125 0.06875
3 0.68125 0.63359375 0.0453125 0.0421875
3 0.83203125 0.64453125 0.0484375 0.0515625
3 0.9625 0.63984375 0.0515625 0.0625
4 0.98359375 0.8265625 0.0328125 0.346875
4 0.86484375 0.78671875 0.1453125 0.2828125
4 0.6953125 0.778125 0.1546875 0.26875
4 0.5234375 0.84921875 0.159375 0.3015625
4 0.434375 0.81875 0.06875 0.3625
5 0.4609375 0.75 0.121875 0.5
5 0.57265625 0.76875 0.3046875 0.4625
5 0.70625 0.75 0.284375 0.5
5 0.8765625 0.75 0.246875 0.5
5 0.94296875 0.75 0.1140625 0.5