8 0.23984375 0.08984375 0.4796875 0.1796875
5 0.12109375 0.08984375 0.2421875 0.1796875
6 0.63125 0.134375 0.303125 0.090625
6 0.3171875 0.6359375 0.1 0.1578125
6 0.05703125 0.37734375 0.1140625 0.2609375
6 0.3734375 0.30625 0.1625 0.253125
6 0.12890625 0.771875 0.065625 0.1203125
6 0.2484375 0.87734375 0.0390625 0.08125
6 0.23359375 0.92421875 0.03125 0.0765625
6 0.2671875 0.8375 0.0421875 0.090625
6 0.2546875 0.9609375 0.034375 0.078125
6 0.12734375 0.88203125 0.0453125 0.078125
6 0.278125 0.76484375 0.065625 0.1171875
6 0.11015625 0.65078125 0.0890625 0.1640625
6 0.146875 0.92109375 0.0328125 0.065625
6 0.165625 0.9625 0.028125 0.075
6 0.171875 0.97578125 0.025 0.0484375
8 0.70234375 0.6953125 0.2203125 0.240625
8 0.81875 0.5078125 0.3625 0.63125
5 0.82421875 0.6046875 0.0375 0.0640625