7 0.753125 0.15390625 0.1046875 0.2015625
7 0.94140625 0.16328125 0.1171875 0.2265625
2 0.3765625 0.034375 0.015625 0.059375
3 0.37578125 0.07109375 0.0140625 0.0328125
3 0.75078125 0.040625 0.0375 0.034375
3 0.93671875 0.03203125 0.04375 0.034375
0 0.75078125 0.00625 0.0546875 0.0125
4 0.38515625 0.1859375 0.0328125 0.165625
5 0.42421875 0.184375 0.1109375 0.36875
5 0.75078125 0.184375 0.1421875 0.36875
5 0.92578125 0.184375 0.1484375 0.36875
8 0.20703125 0.5453125 0.3234375 0.353125
8 0.15703125 0.684375 0.3140625 0.63125
3 0.7203125 0.90078125 0.175 0.1796875
4 0.85 0.94296875 0.3 0.1140625
2 0.4875 0.82578125 0.2375 0.3265625
5 0.684375 0.71953125 0.63125 0.5609375