8 0.7546875 0.31484375 0.1875 0.3296875
8 0.84921875 0.23984375 0.3015625 0.4796875
8 0.2125 0.2515625 0.425 0.45625
8 0.19921875 0.0890625 0.3984375 0.178125
8 0.83046875 0.73984375 0.3390625 0.5203125
8 0.371875 0.671875 0.578125 0.384375
0 0.46171875 0.6015625 0.0296875 0.028125
0 0.17578125 0.5984375 0.0421875 0.040625
0 0.13515625 0.590625 0.0296875 0.034375
0 0.096875 0.56171875 0.0421875 0.04375
0 0.003125 0.5890625 0.00625 0.034375
3 0.08515625 0.59765625 0.0125 0.0140625
3 0.140625 0.62265625 0.0171875 0.01875
3 0.16875 0.640625 0.01875 0.0203125
1 0.459375 0.63203125 0.0203125 0.01875
7 0.46640625 0.7 0.053125 0.1109375
7 0.20546875 0.7015625 0.0703125 0.1453125
7 0.1453125 0.68046875 0.046875 0.115625
7 0.09765625 0.66953125 0.065625 0.125
7 0.01484375 0.7234375 0.0296875 0.078125
5 0.009375 0.740625 0.01875 0.41875
5 0.0203125 0.7453125 0.040625 0.346875
5 0.0953125 0.7421875 0.084375 0.409375
5 0.1484375 0.7546875 0.0546875 0.371875
5 0.2 0.77109375 0.09375 0.3875
5 0.4546875 0.740625 0.090625 0.3140625