7 0.065625 0.27734375 0.13125 0.3046875
3 0.0265625 0.0671875 0.0390625 0.046875
5 0.1515625 0.284375 0.303125 0.56875
8 0.16484375 0.284375 0.3296875 0.56875
1 0.7703125 0.4109375 0.459375 0.315625
2 0.7390625 0.234375 0.521875 0.19375
5 0.66484375 0.346875 0.6703125 0.44375
4 0.16484375 0.81015625 0.3296875 0.3796875
5 0.16484375 0.784375 0.3296875 0.43125
0 0.690625 0.7453125 0.0515625 0.09375
0 0.60859375 0.61328125 0.1203125 0.0890625
7 0.63359375 0.86484375 0.2046875 0.2703125
5 0.72421875 0.834375 0.1046875 0.2609375
4 0.72578125 0.8609375 0.071875 0.1390625
5 0.65390625 0.784375 0.3078125 0.43125