4 0.4015625 0.40234375 0.2375 0.2140625
3 0.39296875 0.225 0.06875 0.0828125
2 0.3953125 0.05703125 0.09375 0.090625
5 0.29296875 0.2546875 0.5359375 0.509375
5 0.81875 0.7546875 0.3625 0.490625
2 0.0875 0.76953125 0.009375 0.0109375
2 0.10078125 0.76796875 0.0109375 0.0109375
3 0.45078125 0.78359375 0.00625 0.0171875
2 0.43359375 0.76171875 0.0140625 0.01875
2 0.446875 0.77265625 0.0109375 0.0171875
4 0.0890625 0.82421875 0.0140625 0.0625
4 0.10390625 0.82109375 0.0265625 0.0578125
3 0.09609375 0.78046875 0.0078125 0.0109375
3 0.08828125 0.7828125 0.00625 0.009375
4 0.446875 0.834375 0.025 0.078125
4 0.43671875 0.828125 0.015625 0.071875
4 0.42890625 0.815625 0.0171875 0.0796875
2 0.43828125 0.775 0.0078125 0.015625
5 0.43046875 0.83515625 0.046875 0.1703125
5 0.43984375 0.846875 0.0546875 0.1578125
5 0.45703125 0.85234375 0.0546875 0.171875
5 0.096875 0.84140625 0.0359375 0.1609375
5 0.10703125 0.8484375 0.059375 0.1734375