6 0.48671875 0.35546875 0.0296875 0.04375
9 0.2546875 0.2 0.509375 0.4
3 0.5359375 0.09765625 0.0453125 0.06875
7 0.52421875 0.246875 0.0703125 0.30625
6 0.68359375 0.28515625 0.028125 0.084375
6 0.5765625 0.15546875 0.0078125 0.025
6 0.6265625 0.21796875 0.015625 0.0515625
6 0.58671875 0.1671875 0.009375 0.0328125
6 0.60078125 0.184375 0.0125 0.0375
6 0.5671875 0.14609375 0.00625 0.021875
6 0.5609375 0.13828125 0.003125 0.0203125
6 0.884375 0.153125 0.0078125 0.0296875
6 0.5921875 0.1140625 0.003125 0.0125
7 0.7078125 0.1125 0.0046875 0.0078125
7 0.76171875 0.1125 0.0046875 0.0078125
7 0.76875 0.10859375 0.0078125 0.01875
2 0.86171875 0.08984375 0.0046875 0.009375
2 0.8140625 0.09609375 0.0046875 0.009375
2 0.76796875 0.09453125 0.0046875 0.0078125
5 0.86328125 0.103125 0.0140625 0.04375
5 0.81640625 0.1046875 0.0109375 0.03125
5 0.76953125 0.103125 0.009375 0.0265625
5 0.7609375 0.1109375 0.00625 0.0125
5 0.71484375 0.1109375 0.0078125 0.0171875
5 0.70703125 0.109375 0.0046875 0.0109375
4 0.86484375 0.1109375 0.009375 0.021875
4 0.8171875 0.10859375 0.0078125 0.01875
7 0.37421875 0.68125 0.3703125 0.5625
5 0.2796875 0.7 0.559375 0.6
3 0.75703125 0.425 0.0765625 0.05
4 0.7734375 0.57265625 0.18125 0.25625
5 0.8234375 0.7 0.353125 0.6