4 0.5484375 0.03984375 0.15625 0.0796875
5 0.55078125 0.26953125 0.2171875 0.5390625
0 0.8484375 0.22109375 0.0078125 0.00625
0 0.85546875 0.22421875 0.0078125 0.009375
7 0.85078125 0.234375 0.009375 0.015625
7 0.859375 0.23828125 0.0125 0.021875
5 0.86015625 0.23984375 0.0171875 0.0421875
5 0.85 0.2421875 0.021875 0.05
1 0.415625 0.875 0.4875 0.25
2 0.3703125 0.65625 0.578125 0.234375
5 0.3296875 0.76953125 0.659375 0.4609375
8 0.82890625 0.73359375 0.0484375 0.071875
6 0.90234375 0.784375 0.0078125 0.015625
6 0.9296875 0.86484375 0.009375 0.0234375
6 0.95625 0.88125 0.0109375 0.028125
6 0.93203125 0.80078125 0.0078125 0.0171875
7 0.98515625 0.85 0.009375 0.0140625
7 0.9671875 0.846875 0.0078125 0.0125
7 0.9609375 0.8484375 0.009375 0.015625
0 0.9828125 0.8390625 0.00625 0.00625
5 0.98671875 0.8546875 0.015625 0.0375
5 0.96953125 0.853125 0.015625 0.0359375
5 0.9625 0.85546875 0.015625 0.0375
5 0.86796875 0.8234375 0.0140625 0.028125
0 0.79296875 0.79609375 0.0046875 0.003125
5 0.79453125 0.80390625 0.0125 0.021875
6 0.8953125 0.79765625 0.009375 0.0140625
6 0.94140625 0.78359375 0.0078125 0.0171875
7 0.8875 0.759375 0.00625 0.009375
5 0.8890625 0.76328125 0.0109375 0.021875
8 0.90625 0.7390625 0.028125 0.0421875
9 0.8765625 0.71796875 0.028125 0.025
9 0.859375 0.74140625 0.0328125 0.0296875
7 0.67265625 0.89140625 0.00625 0.009375
5 0.67265625 0.89296875 0.0109375 0.021875