5 0.8203125 0.10234375 0.359375 0.2046875
0 0.25234375 0.20078125 0.0390625 0.0515625
0 0.4171875 0.12734375 0.0703125 0.084375
7 0.45390625 0.240625 0.1640625 0.078125
3 0.25390625 0.2421875 0.0296875 0.03125
5 0.459375 0.13984375 0.30625 0.2796875
5 0.26328125 0.1890625 0.2203125 0.18125
1 0.5171875 0.6015625 0.246875 0.225
4 0.49609375 0.8578125 0.2890625 0.284375
4 0.11640625 0.88359375 0.2328125 0.2328125
2 0.48671875 0.3890625 0.290625 0.1828125
5 0.41171875 0.64140625 0.4578125 0.7171875
5 0.2140625 0.63984375 0.428125 0.7203125