7 0.86015625 0.16953125 0.2796875 0.3390625
5 0.8140625 0.16953125 0.371875 0.3390625
5 0.59453125 0.6765625 0.1296875 0.646875
5 0.64609375 0.384375 0.0390625 0.090625
5 0.54921875 0.39375 0.0171875 0.0625
4 0.5484375 0.40703125 0.0171875 0.034375
4 0.65078125 0.4 0.015625 0.0359375
2 0.64375 0.34609375 0.028125 0.0140625
2 0.546875 0.38125 0.0171875 0.0203125
2 0.5921875 0.39765625 0.096875 0.090625
2 0.66640625 0.47421875 0.1140625 0.1015625
2 0.81875 0.3484375 0.034375 0.01875
2 0.82890625 0.4546875 0.103125 0.090625
1 0.9078125 0.36015625 0.028125 0.040625
1 0.95546875 0.415625 0.0890625 0.153125
1 0.8171875 0.384375 0.0234375 0.0265625
1 0.84140625 0.5515625 0.0640625 0.0890625
1 0.58203125 0.5 0.0671875 0.096875
1 0.63984375 0.60390625 0.0875 0.121875
4 0.571875 0.73828125 0.084375 0.4015625
4 0.64765625 0.8375 0.2296875 0.325
4 0.81953125 0.78984375 0.1734375 0.4203125
4 0.92890625 0.71640625 0.1421875 0.5671875
4 0.89375 0.4375 0.040625 0.075