5 0.325 0.19453125 0.0171875 0.0421875
8 0.38828125 0.15546875 0.1234375 0.2734375
8 0.225 0.225 0.45 0.45
1 0.74296875 0.24921875 0.2296875 0.2640625
4 0.7953125 0.3484375 0.409375 0.203125
5 0.725 0.225 0.55 0.45
8 0.225 0.73046875 0.45 0.5390625
8 0.22421875 0.725 0.4484375 0.55
9 0.55703125 0.59375 0.0453125 0.0421875
9 0.68984375 0.61875 0.0671875 0.05
9 0.6828125 0.590625 0.0421875 0.0359375
9 0.66484375 0.61484375 0.0515625 0.0484375
9 0.78359375 0.62421875 0.0578125 0.053125
9 0.93671875 0.63125 0.0609375 0.05625
8 0.47578125 0.77109375 0.0515625 0.1453125
8 0.85546875 0.88984375 0.2890625 0.2203125
8 0.453125 0.47578125 0.00625 0.0359375
9 0.5 0.4953125 0.0265625 0.025
9 0.51953125 0.4921875 0.025 0.025
9 0.559375 0.4796875 0.0125 0.021875
9 0.54453125 0.48515625 0.0328125 0.0265625