9 0.21796875 0.234375 0.4359375 0.46875
7 0.43515625 0.3234375 0.1484375 0.290625
5 0.42421875 0.234375 0.1703125 0.46875
1 0.7296875 0.3546875 0.440625 0.228125
2 0.753125 0.153125 0.4875 0.259375
5 0.7546875 0.234375 0.490625 0.46875
7 0.31484375 0.73515625 0.3890625 0.5296875
5 0.2546875 0.734375 0.509375 0.53125
8 0.7546875 0.734375 0.490625 0.53125
8 0.5671875 0.84453125 0.115625 0.3109375
2 0.84765625 0.76171875 0.0125 0.0140625
3 0.84140625 0.7796875 0.00625 0.0109375
4 0.8421875 0.8015625 0.0203125 0.040625
5 0.8328125 0.80078125 0.046875 0.1