5 0.31484375 0.36875 0.1140625 0.221875
5 0.15546875 0.34609375 0.1109375 0.2484375
4 0.3375 0.3296875 0.0359375 0.0546875
4 0.15078125 0.2953125 0.0421875 0.0703125
0 0.3421875 0.28046875 0.025 0.0296875
3 0.33515625 0.3 0.00625 0.009375
3 0.16328125 0.2625 0.00625 0.009375
0 0.1625 0.23828125 0.025 0.0265625
8 0.81953125 0.23984375 0.3609375 0.4796875
8 0.2203125 0.71796875 0.440625 0.4765625
7 0.06328125 0.790625 0.021875 0.0265625
5 0.0640625 0.79921875 0.0359375 0.059375
7 0.39453125 0.68515625 0.0140625 0.0140625
5 0.39296875 0.68203125 0.021875 0.0296875
8 0.81640625 0.73984375 0.3546875 0.5203125