5 0.43671875 0.2796875 0.1546875 0.51875
5 0.54296875 0.26953125 0.3515625 0.5390625
5 0.74140625 0.26953125 0.3265625 0.5390625
5 0.8671875 0.26953125 0.265625 0.5390625
3 0.81171875 0.07734375 0.0546875 0.05
3 0.64609375 0.0671875 0.0453125 0.0703125
3 0.4953125 0.13828125 0.0609375 0.059375
2 0.475 0.03515625 0.090625 0.0703125
2 0.80390625 0.009375 0.0921875 0.01875
4 0.86640625 0.290625 0.1765625 0.396875
4 0.75 0.30546875 0.215625 0.4671875
4 0.53203125 0.34296875 0.2296875 0.3921875
4 0.39609375 0.3375 0.0734375 0.33125
1 0.284375 0.7296875 0.15 0.159375
4 0.075 0.76953125 0.15 0.4609375
4 0.20234375 0.85859375 0.3140625 0.2265625
5 0.0828125 0.76953125 0.165625 0.4609375
5 0.1796875 0.7609375 0.359375 0.44375
2 0.2140625 0.59375 0.290625 0.109375
1 0.76484375 0.58984375 0.2578125 0.1015625
4 0.46796875 0.68984375 0.2171875 0.3015625
4 0.72890625 0.68984375 0.5125 0.2265625
5 0.47578125 0.6953125 0.2328125 0.3125
5 0.6765625 0.6765625 0.634375 0.275