2 0.94921875 0.49609375 0.1015625 0.0828125
2 0.69609375 0.38359375 0.125 0.128125
2 0.73984375 0.04765625 0.0875 0.053125
2 0.90859375 0.08125 0.06875 0.04375
3 0.9140625 0.1390625 0.0375 0.034375
3 0.7328125 0.11640625 0.053125 0.040625
3 0.6546875 0.46796875 0.06875 0.0484375
3 0.96171875 0.60390625 0.071875 0.0359375
4 0.93203125 0.65390625 0.1359375 0.1921875
4 0.63359375 0.5375 0.1671875 0.2875
4 0.71875 0.22890625 0.1765625 0.1765625
4 0.9046875 0.2484375 0.121875 0.203125
5 0.903125 0.64921875 0.19375 0.2015625
5 0.8921875 0.59140625 0.215625 0.3171875
5 0.678125 0.5328125 0.25625 0.434375
5 0.903125 0.2828125 0.1796875 0.4609375
5 0.71171875 0.25546875 0.23125 0.4859375
8 0.303125 0.375 0.49375 0.75
7 0.1390625 0.2171875 0.040625 0.04375
5 0.13828125 0.21171875 0.0703125 0.0609375
7 0.3859375 0.221875 0.05 0.053125
5 0.38359375 0.20859375 0.0515625 0.08125
8 0.7453125 0.875 0.390625 0.25
1 0.36796875 0.93984375 0.1078125 0.1203125
4 0.4 0.875 0.228125 0.25
5 0.3828125 0.875 0.334375 0.25