0 0.190625 0.2390625 0.1546875 0.0875
0 0.946875 0.265625 0.05625 0.04375
0 0.5203125 0.3140625 0.109375 0.09375
0 0.8234375 0.22109375 0.1046875 0.06875
0 0.8203125 0.053125 0.1046875 0.0625
0 0.1765625 0.0453125 0.1359375 0.08125
4 0.834375 0.42734375 0.1578125 0.221875
4 0.96640625 0.3984375 0.0671875 0.1390625
4 0.4828125 0.55390625 0.184375 0.284375
4 0.13203125 0.54765625 0.196875 0.4171875
0 0.878125 0.27421875 0.0359375 0.03125
5 0.8796875 0.2859375 0.0453125 0.0671875
5 0.953125 0.45859375 0.09375 0.4421875
5 0.82890625 0.04375 0.125 0.0859375
5 0.453125 0.571875 0.2640625 0.6109375
5 0.82421875 0.54609375 0.184375 0.725
5 0.16015625 0.54921875 0.3203125 0.7265625
3 0.21484375 0.32578125 0.0640625 0.053125
3 0.50703125 0.3859375 0.06875 0.04375
3 0.8203125 0.29765625 0.065625 0.0421875
3 0.9484375 0.30703125 0.040625 0.025