0 0.309375 0.1609375 0.0796875 0.065625
3 0.31796875 0.20703125 0.04375 0.034375
4 0.321875 0.2890625 0.146875 0.1671875
5 0.2890625 0.25390625 0.28125 0.2921875
6 0.9046875 0.0328125 0.0625 0.065625
9 0.621875 0.2 0.384375 0.4
1 0.12890625 0.70390625 0.2578125 0.5921875
4 0.21484375 0.84609375 0.4296875 0.3078125
5 0.21484375 0.7 0.4296875 0.6
3 0.7109375 0.43671875 0.23125 0.0734375
4 0.74453125 0.496875 0.5109375 0.19375
5 0.71484375 0.51875 0.5703125 0.2375
3 0.87734375 0.809375 0.2453125 0.215625
2 0.84140625 0.59765625 0.271875 0.1515625
4 0.77734375 0.928125 0.4453125 0.14375
5 0.71875 0.73828125 0.5625 0.5234375