4 0.10703125 0.03671875 0.1234375 0.0734375
5 0.1078125 0.14609375 0.215625 0.2921875
0 0.7734375 0.203125 0.121875 0.1046875
0 0.46875 0.0828125 0.115625 0.078125
4 0.46953125 0.29453125 0.1203125 0.2390625
4 0.79140625 0.37421875 0.2140625 0.1515625
0 0.41796875 0.13359375 0.0171875 0.0359375
5 0.41953125 0.1453125 0.0203125 0.071875
5 0.8203125 0.2984375 0.321875 0.303125
5 0.4875 0.24375 0.15625 0.4125
3 0.78125 0.278125 0.0734375 0.05
3 0.465625 0.1625 0.0703125 0.046875
4 0.73515625 0.6515625 0.0921875 0.15625
4 0.81875 0.8703125 0.1140625 0.228125
3 0.72421875 0.5921875 0.0265625 0.0421875
3 0.79921875 0.73125 0.0171875 0.0390625
2 0.82890625 0.6578125 0.075 0.0984375
2 0.73125 0.528125 0.04375 0.05625
5 0.72734375 0.7140625 0.1140625 0.4296875
5 0.8046875 0.8015625 0.16875 0.396875
8 0.68359375 0.725 0.5484375 0.55