0 0.73671875 0.3375 0.2140625 0.1359375
0 0.909375 0.046875 0.18125 0.09375
0 0.92265625 0.1359375 0.1546875 0.178125
3 0.9375 0.2765625 0.125 0.128125
3 0.7265625 0.46953125 0.10625 0.06875
5 0.909375 0.278125 0.18125 0.48125
5 0.81328125 0.3859375 0.3609375 0.265625
7 0.26328125 0.259375 0.2140625 0.51875
5 0.25390625 0.259375 0.2328125 0.51875
5 0.696875 0.57890625 0.04375 0.0921875
8 0.478125 0.6765625 0.09375 0.1109375
8 0.6875 0.66171875 0.4375 0.2859375
8 0.13125 0.759375 0.2625 0.48125
7 0.13046875 0.64140625 0.0421875 0.0453125
5 0.13046875 0.6359375 0.071875 0.065625