0 0.26328125 0.3375 0.2140625 0.1359375
0 0.090625 0.046875 0.18125 0.09375
0 0.07734375 0.1359375 0.1546875 0.178125
3 0.0625 0.2765625 0.125 0.128125
3 0.2734375 0.46953125 0.10625 0.06875
5 0.090625 0.278125 0.18125 0.48125
5 0.18671875 0.3859375 0.3609375 0.265625
7 0.73671875 0.259375 0.2140625 0.51875
5 0.74609375 0.259375 0.2328125 0.51875
5 0.303125 0.57890625 0.04375 0.0921875
8 0.521875 0.6765625 0.09375 0.1109375
8 0.3125 0.66171875 0.4375 0.2859375
8 0.86875 0.759375 0.2625 0.48125
7 0.86953125 0.64140625 0.0421875 0.0453125
5 0.86953125 0.6359375 0.071875 0.065625