5 0.4109375 0.1859375 0.33125 0.371875
5 0.31640625 0.259375 0.4265625 0.51875
7 0.2921875 0.0796875 0.2875 0.159375
7 0.4328125 0.05078125 0.153125 0.1015625
8 0.8 0.21484375 0.4 0.4296875
8 0.8 0.28359375 0.4 0.4703125
6 0.58046875 0.7875 0.0390625 0.10625
6 0.3625 0.67578125 0.0296875 0.0546875
6 0.21328125 0.66796875 0.0265625 0.05
6 0.1109375 0.66640625 0.0171875 0.0390625
6 0.071875 0.6671875 0.0125 0.03125
6 0.04609375 0.66796875 0.0125 0.0296875
6 0.021875 0.7859375 0.04375 0.09375
6 0.02734375 0.66875 0.0109375 0.025
6 0.54296875 0.63984375 0.021875 0.0390625
6 0.42265625 0.6234375 0.01875 0.0390625
6 0.33515625 0.6171875 0.015625 0.03125
6 0.26484375 0.615625 0.0125 0.0265625
6 0.59453125 0.63515625 0.0109375 0.0328125
6 0.5078125 0.6171875 0.0171875 0.034375
6 0.4359375 0.61484375 0.0140625 0.0328125
6 0.20546875 0.625 0.0171875 0.034375
9 0.3 0.7609375 0.6 0.478125
6 0.64921875 0.92109375 0.05 0.0828125
6 0.88359375 0.7953125 0.040625 0.0703125
9 0.85625 0.87890625 0.2875 0.2421875