0 0.7265625 0.271875 0.090625 0.109375
8 0.5015625 0.16484375 0.359375 0.3296875
8 0.840625 0.57421875 0.31875 0.4890625
5 0.7703125 0.37578125 0.021875 0.0328125
0 0.07890625 0.73046875 0.078125 0.075
2 0.3140625 0.93515625 0.121875 0.0703125
2 0.403125 0.84296875 0.128125 0.0859375
2 0.6296875 0.7125 0.103125 0.13125
2 0.57265625 0.409375 0.0859375 0.0578125
2 0.42109375 0.45546875 0.0671875 0.0453125
2 0.265625 0.53203125 0.0375 0.0234375
3 0.0796875 0.78359375 0.0390625 0.0328125
3 0.265625 0.5578125 0.021875 0.0171875
3 0.4203125 0.50859375 0.0390625 0.034375
3 0.58515625 0.47109375 0.0515625 0.0421875
3 0.66640625 0.78515625 0.0296875 0.0515625
3 0.41328125 0.940625 0.06875 0.0390625
4 0.1765625 0.82890625 0.15 0.14375
4 0.446875 0.94375 0.14375 0.1125
4 0.6515625 0.8421875 0.059375 0.290625
4 0.6 0.57265625 0.1625 0.1796875
4 0.4375 0.61015625 0.1296875 0.196875
4 0.28046875 0.59921875 0.075 0.06875
5 0.27890625 0.6484375 0.121875 0.26875
5 0.153125 0.83828125 0.228125 0.3234375
5 0.34765625 0.9375 0.4859375 0.125
5 0.46171875 0.884375 0.2859375 0.23125
5 0.60703125 0.809375 0.1484375 0.38125
5 0.4421875 0.640625 0.20625 0.4390625
5 0.584375 0.596875 0.19375 0.46875