5 0.10390625 0.21484375 0.2078125 0.4296875
8 0.95 0.1671875 0.1 0.15625
4 0.903125 0.21796875 0.0359375 0.0578125
2 0.9046875 0.1734375 0.015625 0.0125
3 0.90234375 0.1859375 0.0140625 0.0109375
5 0.89453125 0.23828125 0.0625 0.15
0 0.4203125 0.76328125 0.0984375 0.059375
0 0.21484375 0.73671875 0.075 0.0609375
0 0.34140625 0.81484375 0.0421875 0.0453125
0 0.06328125 0.5296875 0.1015625 0.0921875
3 0.0390625 0.578125 0.059375 0.04375
3 0.1953125 0.77265625 0.03125 0.0265625
3 0.35234375 0.84921875 0.0265625 0.0265625
3 0.41875 0.79453125 0.053125 0.0328125
7 0.478125 0.9109375 0.1984375 0.1453125
4 0.36640625 0.89375 0.0734375 0.0640625
4 0.17890625 0.84296875 0.1140625 0.1359375
5 0.06953125 0.72265625 0.1390625 0.5546875
5 0.4296875 0.85703125 0.340625 0.2859375
5 0.3703125 0.8625 0.109375 0.1484375
5 0.20234375 0.84921875 0.2296875 0.3015625
8 0.75625 0.6375 0.14375 0.29375
8 0.653125 0.4828125 0.10625 0.10625