0 0.6453125 0.08671875 0.0765625 0.05
0 0.89375 0.11015625 0.090625 0.05625
0 0.59921875 0.0796875 0.0359375 0.021875
0 0.58671875 0.06171875 0.0109375 0.0171875
3 0.590625 0.10078125 0.0125 0.0125
3 0.65859375 0.12890625 0.0375 0.0234375
3 0.8921875 0.15 0.0390625 0.021875
7 0.8984375 0.23359375 0.13125 0.1671875
7 0.63984375 0.21875 0.1171875 0.184375
4 0.5984375 0.134375 0.034375 0.071875
5 0.59140625 0.14140625 0.0203125 0.1796875
5 0.5984375 0.10546875 0.034375 0.0765625
5 0.6453125 0.29140625 0.128125 0.4765625
5 0.9078125 0.2921875 0.184375 0.4203125
6 0.40390625 0.2859375 0.3546875 0.571875
6 0.1546875 0.31484375 0.309375 0.6296875
5 0.790625 0.81484375 0.41875 0.3703125
4 0.746875 0.92734375 0.33125 0.1453125
1 0.70703125 0.73359375 0.2109375 0.2078125