0 0.2296875 0.36484375 0.1875 0.23125
3 0.19765625 0.53359375 0.034375 0.0546875
0 0.4265625 0.1515625 0.15 0.18125
4 0.2453125 0.596875 0.2125 0.084375
4 0.4390625 0.4640625 0.253125 0.35
5 0.42734375 0.34921875 0.3046875 0.5796875
5 0.21171875 0.44140625 0.3078125 0.3953125
8 0.78125 0.27734375 0.0390625 0.0671875
8 0.6171875 0.50390625 0.075 0.0796875
6 0.71875 0.3390625 0.00625 0.015625
6 0.70390625 0.42265625 0.00625 0.0234375
6 0.68125 0.44453125 0.00625 0.028125
6 0.69140625 0.3609375 0.0046875 0.0171875
7 0.6234375 0.425 0.00625 0.0109375
7 0.646875 0.41875 0.0078125 0.0140625
7 0.66484375 0.41171875 0.00625 0.0109375
7 0.67109375 0.4125 0.00625 0.015625
0 0.62421875 0.4125 0.0046875 0.0046875
0 0.6484375 0.40703125 0.0046875 0.0046875
5 0.6234375 0.43046875 0.0140625 0.0390625
5 0.646875 0.42265625 0.009375 0.0359375
5 0.66328125 0.41796875 0.009375 0.034375
5 0.6703125 0.41875 0.009375 0.0359375
7 0.86953125 0.609375 0.0125 0.028125
5 0.86484375 0.61484375 0.0234375 0.0484375
0 0.99609375 0.5328125 0.0078125 0.00625
0 0.96796875 0.53671875 0.0046875 0.0046875
7 0.96796875 0.54921875 0.0078125 0.0125
7 0.9953125 0.54609375 0.009375 0.0140625
5 0.9953125 0.540625 0.009375 0.025
5 0.96796875 0.54609375 0.009375 0.0234375
5 0.7578125 0.37109375 0.009375 0.028125
0 0.828125 0.3328125 0.0046875 0.003125
5 0.82734375 0.340625 0.009375 0.0203125
6 0.72578125 0.3515625 0.00625 0.0140625
6 0.6796875 0.34453125 0.0046875 0.0171875
7 0.72890625 0.3125 0.00625 0.009375
5 0.728125 0.31640625 0.0078125 0.021875
8 0.70625 0.2953125 0.021875 0.0390625
9 0.73203125 0.2703125 0.025 0.021875
9 0.75390625 0.28984375 0.028125 0.025
7 0.96171875 0.40625 0.0046875 0.009375
5 0.96171875 0.4078125 0.0078125 0.0203125
4 0.2421875 0.721875 0.171875 0.165625
5 0.3484375 0.81953125 0.4125 0.3609375
8 0.90390625 0.78984375 0.1921875 0.3015625
8 0.77890625 0.71328125 0.0875 0.103125