0 0.65546875 0.284375 0.1375 0.1125
0 0.46328125 0.26015625 0.0265625 0.0421875
3 0.6578125 0.31328125 0.0484375 0.0375
4 0.56328125 0.34609375 0.2265625 0.1671875
5 0.46484375 0.309375 0.0296875 0.14375
5 0.590625 0.3140625 0.28125 0.23125
8 0.225 0.21484375 0.45 0.4296875
2 0.29375 0.29921875 0.0328125 0.0203125
5 0.2546875 0.3453125 0.128125 0.14375
5 0.725 0.71484375 0.55 0.5703125
4 0.7625 0.76953125 0.46875 0.4609375
1 0.8 0.4953125 0.246875 0.13125
5 0.25859375 0.71484375 0.3828125 0.5703125
5 0.1375 0.71484375 0.275 0.5703125
2 0.15625 0.49921875 0.1875 0.1390625
2 0.38203125 0.51328125 0.1359375 0.1671875
4 0.27265625 0.91875 0.2984375 0.1625
4 0.078125 0.90546875 0.15625 0.1890625
1 0.109375 0.75078125 0.1890625 0.2625
1 0.37578125 0.75625 0.1484375 0.21875