0 0.37265625 0.0515625 0.1828125 0.103125
8 0.721875 0.2109375 0.175 0.421875
2 0.1890625 0.23046875 0.0109375 0.009375
2 0.13984375 0.21171875 0.0125 0.0125
2 0.12578125 0.2234375 0.009375 0.009375
4 0.18671875 0.26796875 0.021875 0.0359375
4 0.1421875 0.24609375 0.015625 0.0328125
4 0.12109375 0.25546875 0.0234375 0.034375
5 0.1203125 0.27890625 0.0421875 0.1265625
5 0.140625 0.2375 0.0265625 0.0640625
5 0.16640625 0.2515625 0.0328125 0.0734375
4 0.16796875 0.25234375 0.0234375 0.040625
4 0.18515625 0.2796875 0.034375 0.1125
7 0.290625 0.29140625 0.353125 0.2765625
3 0.35859375 0.17421875 0.103125 0.096875
5 0.40390625 0.21484375 0.5921875 0.4296875
8 0.9046875 0.278125 0.190625 0.303125
5 0.50546875 0.48828125 0.5046875 0.1171875
1 0.9046875 0.62109375 0.190625 0.3828125
5 0.8484375 0.71015625 0.078125 0.5609375
4 0.9046875 0.88125 0.190625 0.2375
5 0.9046875 0.71484375 0.190625 0.5703125