0 0.3046875 0.059375 0.0828125 0.0515625
0 0.16953125 0.08671875 0.078125 0.1046875
3 0.16875 0.10390625 0.0421875 0.04375
3 0.2984375 0.146875 0.05 0.0609375
4 0.33046875 0.27890625 0.1546875 0.2203125
7 0.1171875 0.265625 0.175 0.246875
5 0.115625 0.203125 0.23125 0.371875
5 0.340625 0.19453125 0.253125 0.3890625
5 0.825 0.19453125 0.35 0.3890625
5 0.18515625 0.671875 0.0890625 0.225
5 0.33671875 0.6734375 0.1078125 0.2390625
4 0.17421875 0.62109375 0.0328125 0.0484375
4 0.35234375 0.62734375 0.0390625 0.065625
3 0.18203125 0.59453125 0.0046875 0.0109375
3 0.3484375 0.59296875 0.00625 0.0078125
0 0.3546875 0.5703125 0.025 0.0265625
0 0.17890625 0.575 0.0234375 0.0296875
8 0.825 0.6484375 0.35 0.51875