2 0.95390625 0.2234375 0.0109375 0.009375
2 0.903125 0.203125 0.0125 0.0125
2 0.88984375 0.21484375 0.0109375 0.009375
4 0.95 0.26171875 0.0234375 0.0359375
4 0.90546875 0.2390625 0.0171875 0.0328125
4 0.88359375 0.246875 0.025 0.0359375
5 0.88125 0.27109375 0.046875 0.1296875
5 0.9046875 0.2296875 0.0296875 0.0640625
5 0.93046875 0.2453125 0.0359375 0.0765625
4 0.93203125 0.24609375 0.025 0.040625
4 0.94765625 0.2734375 0.0390625 0.1140625
7 0.9328125 0.32578125 0.134375 0.3671875
5 0.92890625 0.2546875 0.1421875 0.509375
6 0.528125 0.43046875 0.0390625 0.0671875
6 0.28125 0.3609375 0.025 0.0546875
6 0.15625 0.33671875 0.021875 0.04375
6 0.03203125 0.353125 0.01875 0.0421875
4 0.46953125 0.2484375 0.0125 0.0265625
5 0.46796875 0.2578125 0.021875 0.0703125
1 0.890625 0.615625 0.21875 0.2125
4 0.890625 0.8125 0.21875 0.375
5 0.890625 0.7546875 0.21875 0.490625
5 0.45546875 0.6296875 0.046875 0.0953125
8 0.2140625 0.671875 0.096875 0.115625
8 0.45546875 0.68671875 0.4578125 0.3546875