0 0.33203125 0.2671875 0.0890625 0.1078125
0 0.67109375 0.3171875 0.1578125 0.21875
0 0.46875 0.3171875 0.0921875 0.1015625
0 0.05390625 0.0875 0.1078125 0.1625
2 0.20390625 0.26796875 0.0890625 0.071875
2 0.584375 0.32734375 0.06875 0.0859375
3 0.02734375 0.22578125 0.0546875 0.1046875
3 0.18046875 0.3625 0.046875 0.0703125
3 0.3234375 0.35390625 0.0453125 0.04375
3 0.4640625 0.4078125 0.0484375 0.0515625
3 0.58984375 0.4421875 0.0515625 0.0625
3 0.66171875 0.44453125 0.0640625 0.0671875
4 0.6609375 0.49140625 0.178125 0.1953125
4 0.584375 0.5265625 0.1 0.125
4 0.4546875 0.50078125 0.15 0.1765625
4 0.2953125 0.47578125 0.159375 0.2265625
4 0.10390625 0.47578125 0.1640625 0.2265625
5 0.0609375 0.29453125 0.121875 0.5890625
5 0.14765625 0.4015625 0.2953125 0.375
5 0.28125 0.39453125 0.296875 0.3890625
5 0.4515625 0.42421875 0.271875 0.3296875
5 0.5671875 0.43515625 0.240625 0.3078125
5 0.62578125 0.3984375 0.2484375 0.38125
8 0.88203125 0.36171875 0.2359375 0.4546875
8 0.45546875 0.79453125 0.5890625 0.4109375
0 0.57578125 0.88125 0.0328125 0.0328125
0 0.290625 0.83203125 0.0484375 0.046875
0 0.2515625 0.81796875 0.034375 0.0390625
0 0.21875 0.78125 0.0484375 0.05
0 0.10859375 0.79296875 0.03125 0.0359375
0 0.0953125 0.753125 0.034375 0.0375
0 0.0359375 0.81796875 0.034375 0.0296875
3 0.20078125 0.815625 0.0140625 0.015625
3 0.2515625 0.85 0.0203125 0.0203125
3 0.2765625 0.871875 0.021875 0.021875
1 0.56796875 0.91171875 0.0234375 0.0203125
7 0.56171875 0.96015625 0.0703125 0.0796875
7 0.30234375 0.93046875 0.0890625 0.1390625
7 0.24609375 0.9078125 0.0625 0.121875
7 0.2 0.88828125 0.084375 0.134375
7 0.10546875 0.93046875 0.040625 0.0828125
7 0.0796875 0.8734375 0.0796875 0.15625
7 0.02421875 0.90625 0.0484375 0.14375
5 0.03046875 0.8984375 0.0609375 0.203125
5 0.06875 0.8625 0.1375 0.275
5 0.09453125 0.8859375 0.1171875 0.228125
5 0.18515625 0.875 0.1421875 0.25
5 0.23515625 0.896875 0.1078125 0.20625
5 0.284375 0.903125 0.15 0.19375
5 0.54375 0.92734375 0.134375 0.1453125
0 0.7875 0.73671875 0.075 0.0578125
0 0.90546875 0.79140625 0.084375 0.10625
3 0.90234375 0.80859375 0.04375 0.0453125
3 0.7734375 0.82109375 0.046875 0.0640625
7 0.903125 0.92265625 0.19375 0.1546875
5 0.87890625 0.86328125 0.2421875 0.2734375
5 0.8078125 0.79453125 0.115625 0.4109375