8 0.740625 0.259375 0.51875 0.51875
7 0.7140625 0.31796875 0.1859375 0.378125
0 0.72265625 0.08046875 0.08125 0.0921875
5 0.78046875 0.26953125 0.4171875 0.4984375
8 0.2828125 0.43359375 0.396875 0.1703125
8 0.240625 0.259375 0.48125 0.51875
8 0.72890625 0.759375 0.4953125 0.48125
8 0.921875 0.78359375 0.15625 0.4328125
7 0.95234375 0.8625 0.028125 0.040625
5 0.95078125 0.8609375 0.034375 0.05
8 0.240625 0.80859375 0.48125 0.3828125
8 0.38125 0.91328125 0.2 0.1734375
0 0.178125 0.846875 0.034375 0.03125
3 0.17890625 0.87890625 0.01875 0.0234375
7 0.2 0.90390625 0.0640625 0.0875
5 0.1859375 0.91328125 0.1125 0.1734375