0 0.49296875 0.090625 0.1046875 0.18125
0 0.62578125 0.13828125 0.159375 0.1765625
0 0.9203125 0.165625 0.1375 0.1296875
3 0.9140625 0.2953125 0.0875 0.075
3 0.6546875 0.29765625 0.0984375 0.0875
3 0.46953125 0.37578125 0.0578125 0.1484375
4 0.903125 0.390625 0.19375 0.11875
5 0.87265625 0.2734375 0.2546875 0.353125
5 0.68125 0.246875 0.325 0.40625
5 0.51484375 0.225 0.1484375 0.45
1 0.2203125 0.2421875 0.440625 0.340625
4 0.2203125 0.40078125 0.440625 0.0984375
5 0.2203125 0.225 0.440625 0.45
4 0.8203125 0.5984375 0.278125 0.296875
0 0.6828125 0.48125 0.09375 0.0625
5 0.7703125 0.725 0.459375 0.55
8 0.08828125 0.725 0.1765625 0.55