0 0.54375 0.13515625 0.0546875 0.0640625
0 0.440625 0.146875 0.0609375 0.05625
3 0.54609375 0.19921875 0.0265625 0.0234375
3 0.43671875 0.20234375 0.0265625 0.03125
7 0.4046875 0.31171875 0.121875 0.209375
7 0.54921875 0.3 0.1421875 0.19375
5 0.5453125 0.31484375 0.165625 0.4296875
5 0.41015625 0.3203125 0.1546875 0.41875
3 0.98671875 0.2765625 0.0265625 0.053125
7 0.90234375 0.30703125 0.178125 0.175
0 0.99296875 0.23515625 0.0140625 0.1015625
5 0.89765625 0.35 0.2046875 0.359375
8 0.353125 0.69765625 0.553125 0.3359375
3 0.88515625 0.646875 0.0265625 0.034375
2 0.89140625 0.56640625 0.0625 0.0640625
4 0.88359375 0.74765625 0.115625 0.196875
5 0.871875 0.76484375 0.175 0.4703125