0 0.9828125 0.07578125 0.034375 0.1140625
4 0.6578125 0.2234375 0.165625 0.2734375
4 0.97734375 0.334375 0.0453125 0.28125
3 0.6921875 0.0890625 0.05 0.040625
3 0.98984375 0.18359375 0.0203125 0.0484375
5 0.921875 0.296875 0.15625 0.565625
5 0.69296875 0.28984375 0.3421875 0.5796875
7 0.3625 0.09140625 0.096875 0.1828125
5 0.3546875 0.26875 0.1125 0.5375
8 0.70546875 0.78984375 0.5890625 0.4203125
7 0.90546875 0.7359375 0.0265625 0.03125
5 0.91328125 0.73203125 0.0453125 0.04375
0 0.2203125 0.6109375 0.1 0.0625
1 0.228125 0.70625 0.071875 0.0828125
7 0.2375 0.8703125 0.19375 0.259375
5 0.23515625 0.78984375 0.3515625 0.4203125