6 0.26953125 0.259375 0.3765625 0.51875
6 0.0359375 0.30703125 0.071875 0.4234375
6 0.91796875 0.259375 0.1640625 0.51875
5 0.7546875 0.259375 0.490625 0.51875
4 0.71796875 0.48203125 0.2890625 0.0734375
3 0.74609375 0.38984375 0.140625 0.1375
2 0.74765625 0.07421875 0.1765625 0.1484375
2 0.46328125 0.65625 0.0921875 0.275
5 0.359375 0.759375 0.3 0.48125
1 0.4703125 0.8953125 0.078125 0.15625
0 0.66171875 0.784375 0.15 0.2578125
4 0.86640625 0.8625 0.2671875 0.275
3 0.7421875 0.834375 0.0671875 0.1328125
5 0.7859375 0.81953125 0.428125 0.3609375