5 0.4484375 0.16015625 0.521875 0.3203125
0 0.98515625 0.128125 0.0296875 0.05
7 0.96875 0.20703125 0.0625 0.1265625
5 0.9796875 0.30234375 0.040625 0.3796875
5 0.9203125 0.265625 0.159375 0.409375
6 0.6828125 0.67890625 0.025 0.0515625
6 0.51171875 0.65859375 0.03125 0.0578125
6 0.57890625 0.59453125 0.015625 0.0328125
6 0.071875 0.6890625 0.0484375 0.084375
6 0.73125 0.66171875 0.0125 0.03125
6 0.65 0.61171875 0.0140625 0.0265625
6 0.59453125 0.578125 0.0109375 0.0234375
6 0.55625 0.56171875 0.0109375 0.021875
6 0.1625 0.5671875 0.0203125 0.040625
6 0.21875 0.534375 0.015625 0.03125
6 0.26015625 0.525 0.0109375 0.0125
6 0.5203125 0.54453125 0.009375 0.021875
6 0.4640625 0.5296875 0.009375 0.0203125
6 0.3984375 0.52265625 0.009375 0.0078125
6 0.415625 0.571875 0.01875 0.040625
6 0.36640625 0.53828125 0.0140625 0.0296875
6 0.42109375 0.5375 0.0125 0.0265625
6 0.490625 0.55703125 0.0125 0.0265625
9 0.3171875 0.825 0.58125 0.35
8 0.88984375 0.66640625 0.2203125 0.2953125