5 0.37265625 0.096875 0.4578125 0.19375
4 0.378125 0.025 0.2625 0.05
3 0.4265625 0.52109375 0.11875 0.0359375
4 0.465625 0.434375 0.29375 0.209375
5 0.39375 0.26953125 0.65 0.5390625
3 0.2078125 0.58828125 0.009375 0.009375
0 0.20390625 0.56875 0.0203125 0.0234375
4 0.221875 0.60078125 0.034375 0.0421875
4 0.15234375 0.64609375 0.0328125 0.0640625
5 0.146875 0.64609375 0.065625 0.128125
5 0.21875 0.62421875 0.0796875 0.14375
8 0.859375 0.7953125 0.28125 0.409375
5 0.90078125 0.81484375 0.021875 0.0359375
8 0.78984375 0.8921875 0.125 0.103125