3 0.60703125 0.45546875 0.1015625 0.0671875
3 0.81171875 0.42421875 0.1234375 0.1296875
2 0.79296875 0.32578125 0.1109375 0.0484375
2 0.628125 0.34453125 0.11875 0.071875
5 0.7140625 0.3890625 0.571875 0.2
0 0.3078125 0.146875 0.175 0.103125
4 0.33828125 0.3734375 0.1640625 0.23125
5 0.08359375 0.33046875 0.1671875 0.3171875
5 0.28671875 0.28671875 0.2671875 0.4046875
3 0.28046875 0.2453125 0.0734375 0.0609375
0 0.49609375 0.53984375 0.1515625 0.1015625
0 0.478125 0.5984375 0.115625 0.134375
0 0.94375 0.628125 0.1125 0.196875
0 0.54765625 0.77734375 0.1765625 0.2015625
0 0.915625 0.92890625 0.15 0.1421875
0 0.575 0.9328125 0.20625 0.134375
5 0.671875 0.51640625 0.23125 0.0546875
2 0.4390625 0.86015625 0.0375 0.1296875
3 0.459375 0.89609375 0.0296875 0.0453125
0 0.92265625 0.821875 0.1546875 0.128125
4 0.92421875 0.73515625 0.103125 0.125
4 0.78671875 0.81484375 0.178125 0.2328125
2 0.7953125 0.66015625 0.103125 0.1
3 0.71640625 0.721875 0.040625 0.046875
5 0.5171875 0.60234375 0.19375 0.2265625
4 0.55390625 0.5734375 0.078125 0.159375
4 0.44375 0.7625 0.046875 0.190625
4 0.82578125 0.96796875 0.1296875 0.0640625
5 0.853125 0.92890625 0.29375 0.1421875
5 0.9234375 0.70390625 0.153125 0.2703125
5 0.76953125 0.76640625 0.33125 0.3578125
5 0.45390625 0.89609375 0.0671875 0.2078125
5 0.54765625 0.7765625 0.1734375 0.2078125
5 0.47890625 0.70078125 0.1171875 0.3484375
8 0.359375 0.625 0.121875 0.246875
6 0.2265625 0.64609375 0.0125 0.084375
8 0.17734375 0.53515625 0.1859375 0.0921875