5 0.16484375 0.13984375 0.3296875 0.2796875
8 0.66484375 0.13984375 0.6703125 0.2796875
8 0.47734375 0.13984375 0.2953125 0.2796875
8 0.246875 0.50625 0.165625 0.453125
8 0.1328125 0.828125 0.265625 0.34375
1 0.840625 0.68125 0.1203125 0.1265625
1 0.528125 0.453125 0.15 0.184375
2 0.5453125 0.31875 0.159375 0.078125
2 0.8109375 0.38359375 0.084375 0.0640625
3 0.77109375 0.471875 0.0453125 0.0453125
3 0.66875 0.70546875 0.078125 0.0796875
2 0.67734375 0.51015625 0.1875 0.1484375
2 0.83671875 0.5 0.134375 0.140625
4 0.5875 0.84765625 0.325 0.3046875
4 0.46953125 0.70078125 0.2796875 0.5984375
4 0.809375 0.85859375 0.284375 0.2828125
5 0.940625 0.63984375 0.11875 0.7203125
5 0.80078125 0.43828125 0.1140625 0.178125
5 0.8171875 0.70859375 0.365625 0.5828125
5 0.6421875 0.68828125 0.484375 0.6234375
5 0.48515625 0.63984375 0.3109375 0.7203125