8 0.215625 0.26484375 0.43125 0.5296875
5 0.678125 0.65625 0.0375 0.0921875
8 0.46171875 0.73828125 0.0609375 0.1078125
8 0.671875 0.70078125 0.40625 0.3421875
8 0.215625 0.74921875 0.43125 0.4390625
7 0.11875 0.71953125 0.2375 0.3421875
7 0.1375 0.75703125 0.275 0.2359375
3 0.0390625 0.5390625 0.078125 0.01875
7 0.1765625 0.61171875 0.11875 0.115625
2 0.16171875 0.5375 0.0515625 0.015625
5 0.1921875 0.60234375 0.14375 0.1453125
5 0.2671875 0.7875 0.1109375 0.2578125
5 0.12734375 0.76484375 0.2546875 0.4703125