4 0.6421875 0.34609375 0.14375 0.1265625
4 0.81796875 0.365625 0.1328125 0.0875
4 0.9484375 0.36953125 0.103125 0.0796875
2 0.853125 0.225 0.0859375 0.0859375
3 0.83828125 0.315625 0.0578125 0.0546875
5 0.77734375 0.278125 0.3859375 0.2625
5 0.42890625 0.1609375 0.2828125 0.321875
0 0.659375 0.42421875 0.10625 0.0296875
0 0.77265625 0.4421875 0.0984375 0.065625
0 0.709375 0.5046875 0.0328125 0.034375
0 0.80390625 0.50625 0.0390625 0.040625
0 0.85625 0.5234375 0.040625 0.04375
0 0.98515625 0.55078125 0.0296875 0.0421875
3 0.97734375 0.5765625 0.0109375 0.0171875
3 0.846875 0.55234375 0.01875 0.0203125
3 0.64375 0.46484375 0.053125 0.0515625
3 0.759375 0.51015625 0.046875 0.05
5 0.978125 0.675 0.04375 0.23125
5 0.95625 0.69140625 0.0875 0.3234375
5 0.98203125 0.690625 0.0359375 0.28125
5 0.8390625 0.665625 0.1203125 0.334375
5 0.79609375 0.66015625 0.146875 0.35
5 0.7078125 0.5078125 0.0375 0.0484375
5 0.653125 0.7046875 0.165625 0.590625
5 0.72734375 0.7046875 0.3140625 0.590625
7 0.97109375 0.6359375 0.0578125 0.13125
7 0.84765625 0.6140625 0.06875 0.1265625
7 0.7375 0.68203125 0.2421875 0.3796875
7 0.80859375 0.575 0.0734375 0.090625
7 0.6390625 0.5984375 0.1375 0.359375
7 0.1890625 0.7046875 0.378125 0.590625
5 0.21875 0.7046875 0.4375 0.590625