8 0.27890625 0.28984375 0.5421875 0.5796875
7 0.31171875 0.26484375 0.0234375 0.0375
7 0.08203125 0.22734375 0.0234375 0.04375
4 0.17421875 0.05859375 0.0234375 0.0390625
0 0.171875 0.02421875 0.015625 0.0265625
0 0.0734375 0.1859375 0.0140625 0.0234375
5 0.17421875 0.07109375 0.046875 0.1265625
5 0.084375 0.259375 0.046875 0.16875
5 0.3078125 0.25703125 0.034375 0.0625
8 0.79140625 0.11015625 0.2140625 0.1890625
8 0.9515625 0.225 0.096875 0.4125
7 0.77421875 0.17421875 0.0109375 0.0125
5 0.775 0.17109375 0.0125 0.0203125
8 0.76875 0.19296875 0.090625 0.109375
8 0.140625 0.7578125 0.28125 0.35625
8 0.34140625 0.78984375 0.4171875 0.4203125
8 0.775 0.7921875 0.45 0.415625
5 0.79140625 0.6390625 0.0515625 0.11875