8 0.05625 0.11640625 0.1125 0.2296875
8 0.253125 0.31953125 0.29375 0.6390625
4 0.7 0.5578125 0.6 0.1625
1 0.70390625 0.34453125 0.5546875 0.3828125
2 0.67421875 0.15625 0.4140625 0.1203125
5 0.7 0.34453125 0.6 0.5890625
5 0.175 0.88359375 0.190625 0.2328125
5 0.0671875 0.94375 0.134375 0.1125
5 0.025 0.90390625 0.05 0.1921875
4 0.0078125 0.92265625 0.015625 0.1046875
4 0.06796875 0.97890625 0.0609375 0.0421875
4 0.14375 0.9375 0.09375 0.125
3 0.03515625 0.95625 0.0109375 0.0125
3 0.16015625 0.86796875 0.021875 0.0328125
0 0.03828125 0.925 0.05 0.0625
0 0.140625 0.809375 0.071875 0.0734375
1 0.5890625 0.9234375 0.128125 0.153125
3 0.5171875 0.675 0.08125 0.071875
4 0.56796875 0.83046875 0.3171875 0.3390625
5 0.59609375 0.81953125 0.3921875 0.3609375