8 0.5578125 0.115625 0.1625 0.23125
8 0.2265625 0.3 0.453125 0.6
7 0.14296875 0.54609375 0.021875 0.0375
7 0.0375 0.10703125 0.01875 0.040625
4 0.02734375 0.328125 0.0203125 0.0390625
0 0.02734375 0.29375 0.0140625 0.0265625
5 0.0359375 0.12890625 0.0375 0.1390625
5 0.02578125 0.340625 0.0421875 0.125
5 0.13984375 0.53828125 0.03125 0.0609375
4 0.31953125 0.8953125 0.6390625 0.209375
1 0.2828125 0.6734375 0.546875 0.146875
5 0.31953125 0.8 0.6390625 0.4
5 0.940625 0.82890625 0.0171875 0.0359375
5 0.9265625 0.6171875 0.025 0.034375
4 0.9171875 0.6078125 0.009375 0.015625
4 0.9390625 0.83515625 0.0109375 0.0140625
2 0.9421875 0.8140625 0.009375 0.00625
8 0.71953125 0.615625 0.1546875 0.03125
8 0.9015625 0.65703125 0.196875 0.1140625
8 0.809375 0.871875 0.340625 0.25625
8 0.7375 0.725 0.196875 0.25