8 0.51328125 0.334375 0.2515625 0.23125
9 0.18671875 0.225 0.3734375 0.45
7 0.1765625 0.12265625 0.028125 0.0625
0 0.1640625 0.07578125 0.0171875 0.021875
5 0.18046875 0.1421875 0.0546875 0.165625
8 0.95078125 0.2578125 0.0984375 0.278125
8 0.76796875 0.32421875 0.2578125 0.2328125
8 0.740625 0.221875 0.1140625 0.1078125
6 0.44765625 0.728125 0.021875 0.0421875
6 0.35 0.8078125 0.0359375 0.06875
6 0.14375 0.98359375 0.0875 0.0328125
6 0.634375 0.6734375 0.009375 0.025
6 0.17578125 0.73046875 0.0171875 0.0359375
6 0.325 0.684375 0.0109375 0.0265625
6 0.38984375 0.665625 0.009375 0.0203125
6 0.42578125 0.65546875 0.00625 0.0125
6 0.48984375 0.6921875 0.015625 0.0328125
6 0.4984375 0.67109375 0.0078125 0.0203125
6 0.47890625 0.6640625 0.009375 0.021875
6 0.51328125 0.67265625 0.0109375 0.025
6 0.56484375 0.64609375 0.0078125 0.01875
6 0.571875 0.65078125 0.0078125 0.01875
6 0.60859375 0.653125 0.0078125 0.0171875
5 0.9765625 0.653125 0.046875 0.40625