6 0.3484375 0.5421875 0.240625 0.175
2 0.4546875 0.4796875 0.028125 0.09375
5 0.34375 0.515625 0.25 0.228125
5 0.98828125 0.5625 0.0234375 0.090625
8 0.89140625 0.40625 0.2140625 0.328125
8 0.7828125 0.31484375 0.434375 0.6296875
9 0.7796875 0.178125 0.0234375 0.0609375
9 0.8078125 0.1890625 0.0578125 0.0765625
8 0.65 0.07421875 0.034375 0.0515625
9 0.7125 0.046875 0.0109375 0.0125
9 0.696875 0.0671875 0.015625 0.0203125
9 0.709375 0.0765625 0.0171875 0.021875
1 0.159375 0.796875 0.31875 0.334375
4 0.234375 0.91015625 0.46875 0.1796875
5 0.234375 0.81484375 0.46875 0.3703125
1 0.71484375 0.92421875 0.4921875 0.1515625
0 0.7078125 0.8421875 0.440625 0.1625
5 0.734375 0.84921875 0.53125 0.3015625