6 0.08125 0.18359375 0.1625 0.3671875
3 0.2125 0.3296875 0.084375 0.0890625
2 0.24921875 0.16796875 0.109375 0.1
4 0.17578125 0.46171875 0.2109375 0.1765625
5 0.184375 0.30546875 0.36875 0.4890625
5 0.67265625 0.275 0.3859375 0.55
8 0.23984375 0.775 0.4796875 0.45
1 0.803125 0.91015625 0.0578125 0.0578125
1 0.8484375 0.978125 0.09375 0.04375
3 0.940625 0.66171875 0.075 0.0640625
1 0.740625 0.64609375 0.0703125 0.084375
2 0.94140625 0.58359375 0.1171875 0.0671875
2 0.87734375 0.88828125 0.0984375 0.071875
2 0.8390625 0.81484375 0.0609375 0.0609375
2 0.92421875 0.965625 0.0546875 0.06875
2 0.73046875 0.5640625 0.1109375 0.028125
4 0.65234375 0.83046875 0.2046875 0.3390625
4 0.89375 0.79765625 0.2125 0.2859375
4 0.76640625 0.96484375 0.1046875 0.0703125
2 0.53671875 0.97265625 0.0921875 0.0546875
5 0.9609375 0.63359375 0.078125 0.1671875
5 0.85078125 0.775 0.2984375 0.45
5 0.7625 0.8796875 0.24375 0.240625
5 0.78984375 0.9109375 0.2890625 0.178125
5 0.878125 0.95703125 0.146875 0.0859375
5 0.78359375 0.6390625 0.3109375 0.178125
5 0.67890625 0.775 0.3578125 0.45
5 0.56640625 0.9625 0.1734375 0.075
5 0.56171875 0.72265625 0.1640625 0.3453125
5 0.5875 0.6484375 0.215625 0.196875