6 0.2796875 0.06953125 0.203125 0.1390625
6 0.0953125 0.30390625 0.190625 0.4703125
1 0.65625 0.35078125 0.453125 0.2515625
2 0.71484375 0.0671875 0.5703125 0.134375
4 0.71484375 0.44453125 0.5703125 0.1890625
5 0.71484375 0.26953125 0.5703125 0.5390625
8 0.384375 0.74375 0.090625 0.409375
8 0.3515625 0.8125 0.15625 0.30625
9 0.13671875 0.97109375 0.090625 0.0375
8 0.871875 0.8640625 0.25625 0.271875
8 0.6375 0.83671875 0.2296875 0.165625
7 0.5015625 0.9078125 0.0171875 0.040625
5 0.5 0.903125 0.0265625 0.06875
0 0.5 0.87578125 0.0109375 0.0125