6 0.08125 0.34296875 0.1625 0.2296875
6 0.48515625 0.15078125 0.053125 0.0625
6 0.4328125 0.16484375 0.0484375 0.0625
6 0.35546875 0.1734375 0.06875 0.09375
6 0.31171875 0.1859375 0.08125 0.0984375
6 0.26875 0.20625 0.109375 0.10625
6 0.2078125 0.2578125 0.165625 0.153125
5 0.03125 0.06640625 0.046875 0.0625
4 0.03671875 0.065625 0.0328125 0.0265625
6 0.528125 0.13203125 0.04375 0.0390625
6 0.54765625 0.12578125 0.0046875 0.0421875
1 0.74609375 0.14609375 0.3921875 0.2765625
4 0.775 0.43046875 0.45 0.3390625
5 0.775 0.3 0.45 0.6
3 0.2140625 0.659375 0.040625 0.0390625
2 0.48671875 0.76015625 0.06875 0.0640625
2 0.2140625 0.61171875 0.046875 0.0234375
4 0.22890625 0.79296875 0.125 0.234375
5 0.41015625 0.8609375 0.2265625 0.278125
5 0.21171875 0.8 0.1671875 0.4
6 0.93203125 0.61640625 0.00625 0.0234375
6 0.853125 0.625 0.00625 0.0234375
6 0.778125 0.63203125 0.00625 0.025
6 0.72421875 0.6421875 0.00625 0.025
6 0.7125 0.69453125 0.0140625 0.0484375
6 0.6734375 0.6546875 0.0078125 0.0296875
6 0.6484375 0.684375 0.0109375 0.040625
6 0.64296875 0.66796875 0.0078125 0.0359375
6 0.846875 0.69765625 0.015625 0.05625
6 0.7875 0.753125 0.0265625 0.08125
6 0.5640625 0.73515625 0.01875 0.065625
6 0.5890625 0.659375 0.0078125 0.03125
6 0.66640625 0.64140625 0.0078125 0.0234375
6 0.73984375 0.62890625 0.0046875 0.021875
6 0.83828125 0.6171875 0.00625 0.021875
6 0.93984375 0.61015625 0.0078125 0.0203125