6 0.34453125 0.0734375 0.4484375 0.146875
2 0.95703125 0.0671875 0.0671875 0.0515625
1 0.92578125 0.1328125 0.0375 0.05625
3 0.8796875 0.03203125 0.071875 0.0640625
4 0.9484375 0.19921875 0.078125 0.1015625
4 0.77734375 0.234375 0.2921875 0.46875
4 0.61484375 0.11953125 0.0734375 0.2390625
5 0.6203125 0.234375 0.103125 0.46875
5 0.78515625 0.234375 0.4296875 0.46875
5 0.9421875 0.1484375 0.115625 0.228125
0 0.20390625 0.72265625 0.16875 0.2078125
7 0.0609375 0.7359375 0.121875 0.528125
7 0.44296875 0.7859375 0.2515625 0.428125
3 0.49375 0.53984375 0.09375 0.0875
3 0.18359375 0.93359375 0.0890625 0.09375
3 0.01953125 0.50078125 0.0390625 0.0640625
5 0.1046875 0.734375 0.209375 0.53125
5 0.2078125 0.80703125 0.396875 0.3859375
5 0.41953125 0.734375 0.2984375 0.53125
5 0.80078125 0.54609375 0.0953125 0.1546875