7 0.81484375 0.18984375 0.3703125 0.3796875
5 0.771875 0.18984375 0.45625 0.3796875
0 0.5671875 0.51328125 0.196875 0.1984375
2 0.72109375 0.78671875 0.0109375 0.0109375
2 0.7765625 0.778125 0.0140625 0.0140625
2 0.78828125 0.79296875 0.0109375 0.0109375
4 0.71640625 0.82734375 0.0234375 0.0390625
4 0.7671875 0.8140625 0.015625 0.0359375
4 0.7875 0.828125 0.0234375 0.0375
5 0.784375 0.853125 0.04375 0.1375
5 0.7703125 0.8046875 0.028125 0.06875
5 0.740625 0.815625 0.034375 0.0796875
4 0.7390625 0.81484375 0.025 0.04375
4 0.71484375 0.83984375 0.0359375 0.1203125
7 0.565625 0.8390625 0.3625 0.321875
3 0.5515625 0.6890625 0.109375 0.103125
5 0.57890625 0.69140625 0.3984375 0.6171875