0 0.0515625 0.303125 0.0875 0.084375
2 0.246875 0.58515625 0.134375 0.0828125
2 0.34296875 0.50859375 0.0953125 0.1015625
2 0.30234375 0.140625 0.0421875 0.0265625
3 0.03828125 0.3609375 0.04375 0.0375
3 0.29609375 0.16875 0.025 0.0203125
3 0.35078125 0.61796875 0.0765625 0.0484375
4 0.12890625 0.43515625 0.16875 0.1625
4 0.18203125 0.64375 0.3640625 0.090625
4 0.340625 0.6265625 0.1 0.125
4 0.3 0.21484375 0.084375 0.0796875
5 0.2859375 0.26875 0.1421875 0.3
5 0.1140625 0.45703125 0.228125 0.4015625
5 0.1953125 0.6015625 0.390625 0.175
5 0.30625 0.5609375 0.16875 0.25625
5 0.365625 0.3015625 0.05 0.4875
8 0.6953125 0.84453125 0.609375 0.3109375
4 0.1 0.98046875 0.0203125 0.0359375
2 0.103125 0.953125 0.00625 0.009375
5 0.08828125 0.971875 0.0359375 0.05625
8 0.1625 0.84453125 0.325 0.3109375