3 0.5046875 0.203125 0.115625 0.1109375
3 0.7109375 0.18671875 0.140625 0.146875
2 0.70859375 0.0875 0.115625 0.065625
2 0.54375 0.08125 0.128125 0.0890625
4 0.6625 0.2875 0.39375 0.184375
4 0.44296875 0.29296875 0.2484375 0.1734375
5 0.4703125 0.18984375 0.303125 0.3796875
5 0.65703125 0.18984375 0.6765625 0.3796875
8 0.15 0.58046875 0.2375 0.275
8 0.1953125 0.77265625 0.246875 0.4296875
8 0.02265625 0.4484375 0.0453125 0.1375
6 0.43671875 0.46640625 0.0453125 0.071875
6 0.709375 0.47265625 0.0265625 0.0578125
6 0.84453125 0.4859375 0.0234375 0.046875
6 0.96640625 0.54140625 0.021875 0.04375
6 0.98984375 0.8078125 0.0203125 0.140625
9 0.60078125 0.7390625 0.5640625 0.521875