7 0.040625 0.9046875 0.08125 0.190625
7 0.1796875 0.74609375 0.0515625 0.1
7 0.14765625 0.78515625 0.08125 0.1359375
7 0.22265625 0.7640625 0.0703125 0.1234375
7 0.26640625 0.75390625 0.05 0.0984375
7 0.3015625 0.79609375 0.090625 0.171875
7 0.33203125 0.71015625 0.0546875 0.09375
7 0.37578125 0.78046875 0.08125 0.1265625
7 0.396875 0.73125 0.0375 0.075
7 0.4171875 0.77578125 0.04375 0.1921875
0 0.428125 0.64140625 0.021875 0.0515625
0 0.3796875 0.671875 0.0203125 0.0265625
0 0.35859375 0.6671875 0.0375 0.040625
0 0.3453125 0.65078125 0.0203125 0.0171875
0 0.3171875 0.63671875 0.0265625 0.028125
0 0.28828125 0.65859375 0.046875 0.0484375
0 0.26484375 0.6796875 0.01875 0.021875
0 0.20078125 0.67265625 0.0359375 0.0359375
0 0.140625 0.67265625 0.0171875 0.0203125
0 0.13203125 0.68125 0.0375 0.03125
3 0.146875 0.7140625 0.0171875 0.01875
3 0.20390625 0.7046875 0.015625 0.015625
3 0.2734375 0.7015625 0.0125 0.0140625
3 0.29921875 0.69921875 0.0203125 0.0203125
3 0.32421875 0.665625 0.015625 0.0140625
3 0.3765625 0.6828125 0.00625 0.009375
3 0.3703125 0.70234375 0.0140625 0.0140625
5 0.09609375 0.8125 0.1921875 0.375
5 0.18359375 0.8046875 0.10625 0.296875
5 0.159375 0.8296875 0.140625 0.340625
5 0.2328125 0.81328125 0.1453125 0.3328125
5 0.271875 0.7765625 0.0796875 0.21875
5 0.321875 0.81484375 0.165625 0.3703125
5 0.3421875 0.76484375 0.0984375 0.290625
5 0.34609375 0.65859375 0.021875 0.0359375
5 0.39921875 0.753125 0.0625 0.1953125
5 0.3796875 0.79140625 0.11875 0.2953125
5 0.4109375 0.80546875 0.05625 0.3890625
8 0.73671875 0.8046875 0.5265625 0.390625
8 0.8390625 0.8515625 0.321875 0.296875