8 0.80078125 0.17890625 0.3984375 0.3578125
8 0.76484375 0.2046875 0.4703125 0.409375
8 0.26484375 0.6203125 0.5296875 0.421875
6 0.8015625 0.8296875 0.05625 0.09375
6 0.990625 0.8515625 0.01875 0.084375
6 0.96875 0.7484375 0.0203125 0.0390625
6 0.8296875 0.715625 0.01875 0.0375
6 0.71875 0.68671875 0.01875 0.0328125
6 0.6171875 0.6671875 0.0171875 0.0328125
6 0.55078125 0.64921875 0.015625 0.03125
6 0.54140625 0.63984375 0.015625 0.0328125
6 0.85703125 0.709375 0.015625 0.0328125
6 0.75234375 0.68671875 0.015625 0.0328125
6 0.67109375 0.67109375 0.015625 0.0328125
9 0.76484375 0.88984375 0.4703125 0.2203125