6 0.73828125 0.00546875 0.0078125 0.0109375
6 0.6859375 0.01328125 0.0078125 0.025
6 0.68125 0.06640625 0.015625 0.046875
6 0.63828125 0.03125 0.009375 0.0296875
6 0.6171875 0.06171875 0.0125 0.0390625
6 0.61015625 0.046875 0.009375 0.034375
6 0.81328125 0.05546875 0.0171875 0.05625
6 0.97421875 0.0265625 0.0171875 0.053125
6 0.76171875 0.115625 0.0265625 0.0796875
6 0.53984375 0.1203125 0.021875 0.065625
6 0.47734375 0.09921875 0.0140625 0.0453125
6 0.49921875 0.071875 0.0109375 0.0375
6 0.55703125 0.04296875 0.009375 0.0296875
6 0.63046875 0.01953125 0.0078125 0.0234375
6 0.7 0.0046875 0.00625 0.009375
1 0.153125 0.22109375 0.30625 0.2796875
4 0.190625 0.353125 0.38125 0.1125
5 0.190625 0.2046875 0.38125 0.409375
7 0.08515625 0.5421875 0.1703125 0.265625
5 0.103125 0.7046875 0.20625 0.590625