6 0.2921875 0.5078125 0.04375 0.103125
6 0.1609375 0.32890625 0.0171875 0.04375
6 0.03671875 0.296875 0.0140625 0.040625
6 0.4125 0.37421875 0.0140625 0.0375
6 0.32109375 0.3609375 0.0140625 0.0390625
6 0.315625 0.34296875 0.009375 0.028125
6 0.23359375 0.3265625 0.0125 0.0328125
6 0.1 0.29921875 0.0109375 0.0296875
6 0.34765625 0.34453125 0.0125 0.03125
6 0.00546875 0.26796875 0.009375 0.0234375
6 0.01328125 0.271875 0.009375 0.021875
6 0.07265625 0.28203125 0.009375 0.021875
6 0.09453125 0.28828125 0.0078125 0.021875
6 0.15390625 0.30078125 0.0078125 0.0234375
6 0.203125 0.31015625 0.0078125 0.01875
6 0.2140625 0.31015625 0.0078125 0.01875
6 0.19765625 0.29453125 0.00625 0.015625
6 0.22734375 0.30078125 0.00625 0.0125
6 0.25859375 0.3203125 0.0078125 0.0203125
6 0.2734375 0.32109375 0.0078125 0.0203125
6 0.3125 0.32578125 0.00625 0.01875
6 0.296875 0.3140625 0.00625 0.0140625
6 0.3234375 0.33125 0.0078125 0.021875
6 0.36796875 0.34296875 0.009375 0.0265625
6 0.38046875 0.34375 0.0109375 0.0234375
6 0.24921875 0.30390625 0.0078125 0.0140625
6 0.3984375 0.34375 0.0109375 0.0265625
6 0.4046875 0.340625 0.0078125 0.0203125
6 0.4359375 0.35234375 0.009375 0.021875
6 0.4578125 0.378125 0.003125 0.03125
1 0.74375 0.4625 0.50625 0.19375
0 0.74765625 0.23515625 0.5046875 0.2203125
5 0.7296875 0.32578125 0.540625 0.4671875
8 0.2296875 0.7796875 0.459375 0.440625
1 0.80546875 0.609375 0.3890625 0.1
4 0.7296875 0.846875 0.540625 0.30625
5 0.7296875 0.7796875 0.540625 0.440625