6 0.0453125 0.4828125 0.0375 0.071875
6 0.0421875 0.346875 0.0109375 0.025
6 0.0515625 0.3546875 0.0125 0.0296875
6 0.12109375 0.32734375 0.015625 0.03125
6 0.24609375 0.28671875 0.0171875 0.0390625
6 0.37421875 0.27265625 0.0203125 0.0484375
6 0.528125 0.29453125 0.0390625 0.0703125
6 0.1 0.30546875 0.009375 0.021875
9 0.4140625 0.41953125 0.409375 0.1984375
6 0.1484375 0.27578125 0.009375 0.0171875
6 0.17734375 0.253125 0.0078125 0.015625
9 0.1515625 0.2296875 0.028125 0.0390625
7 0.80546875 0.259375 0.3734375 0.51875
5 0.79921875 0.259375 0.3609375 0.51875
0 0.56171875 0.77109375 0.0171875 0.0171875
4 0.55546875 0.8109375 0.0375 0.059375
0 0.04765625 0.71484375 0.0390625 0.046875
0 0.01875 0.728125 0.0375 0.05
7 0.059375 0.790625 0.0703125 0.11875
7 0.01796875 0.82109375 0.0359375 0.1390625
5 0.03203125 0.85 0.0640625 0.3
5 0.09296875 0.82734375 0.1734375 0.3453125
4 0.56953125 0.81640625 0.075 0.1140625
7 0.71640625 0.59921875 0.040625 0.096875
7 0.67890625 0.634375 0.065625 0.128125
7 0.7546875 0.6234375 0.0578125 0.1171875
7 0.79921875 0.61953125 0.0390625 0.0953125
7 0.8296875 0.66484375 0.0703125 0.1640625
7 0.86953125 0.58359375 0.04375 0.090625
7 0.90390625 0.65859375 0.0671875 0.11875
7 0.93125 0.61328125 0.028125 0.0734375
7 0.9671875 0.665625 0.065625 0.18125
0 0.98203125 0.5359375 0.0359375 0.034375
0 0.921875 0.55234375 0.01875 0.025
0 0.90078125 0.54453125 0.034375 0.0375
0 0.890625 0.5265625 0.0203125 0.015625
0 0.83203125 0.534375 0.0421875 0.03125
0 0.80703125 0.54453125 0.0171875 0.0203125
0 0.74453125 0.53203125 0.0328125 0.0265625
0 0.6859375 0.525 0.015625 0.0125
0 0.675 0.53046875 0.034375 0.0234375
3 0.6859375 0.56328125 0.015625 0.0171875
3 0.74296875 0.56171875 0.015625 0.0140625
3 0.8125 0.56796875 0.0109375 0.0125
3 0.83828125 0.56875 0.01875 0.0171875
3 0.86875 0.5390625 0.0140625 0.0140625
3 0.91640625 0.5625 0.00625 0.0078125
3 0.9078125 0.58125 0.0125 0.0125
3 0.99140625 0.58046875 0.0171875 0.0234375
5 0.7109375 0.6609375 0.071875 0.284375
5 0.68359375 0.68984375 0.1015625 0.3421875
5 0.75859375 0.6765625 0.1078125 0.315625
5 0.803125 0.64140625 0.053125 0.215625
5 0.8421875 0.72890625 0.115625 0.4203125
5 0.871875 0.65078125 0.065625 0.2640625
5 0.890625 0.534375 0.01875 0.03125
5 0.93046875 0.63515625 0.0390625 0.19375
5 0.90859375 0.671875 0.0875 0.2890625
5 0.9640625 0.72578125 0.071875 0.4140625