6 0.04296875 0.28515625 0.0171875 0.0390625
6 0.234375 0.27421875 0.0171875 0.0375
6 0.3375 0.33203125 0.0265625 0.0625
6 0.5609375 0.51015625 0.05625 0.1296875
6 0.05 0.25625 0.0109375 0.021875
9 0.29453125 0.5859375 0.5890625 0.228125
6 0.48203125 0.23203125 0.0125 0.0328125
6 0.3390625 0.215625 0.0078125 0.025
6 0.27578125 0.20859375 0.00625 0.0171875
6 0.24140625 0.2046875 0.0046875 0.0125
6 0.1890625 0.2484375 0.0109375 0.0296875
6 0.178125 0.23046875 0.0046875 0.01875
6 0.19453125 0.22109375 0.00625 0.0203125
6 0.1640625 0.23515625 0.0078125 0.021875
6 0.1125 0.21953125 0.0046875 0.0171875
6 0.10703125 0.22421875 0.0046875 0.0171875
6 0.07421875 0.23125 0.0046875 0.015625
6 0.01484375 0.2296875 0.00625 0.015625
9 0.9296875 0.5 0.140625 0.165625
0 0.81015625 0.2734375 0.0609375 0.1015625
3 0.78203125 0.309375 0.021875 0.0625
0 0.73203125 0.30546875 0.0296875 0.05
7 0.73984375 0.43125 0.0609375 0.1703125
7 0.790625 0.49375 0.11875 0.2953125
5 0.7921875 0.4125 0.146875 0.575
5 0.74453125 0.45703125 0.1015625 0.4859375
5 0.39296875 0.85 0.3921875 0.3