9 0.2 0.21953125 0.4 0.4390625
8 0.68046875 0.1421875 0.2234375 0.1546875
4 0.5890625 0.2171875 0.0359375 0.0546875
2 0.57890625 0.175 0.015625 0.0125
3 0.58046875 0.1875 0.0140625 0.0125
5 0.5859375 0.23828125 0.065625 0.1453125
9 0.90078125 0.13984375 0.1625 0.059375
3 0.50859375 0.54296875 0.009375 0.009375
0 0.50625 0.5234375 0.0203125 0.0234375
4 0.49921875 0.56015625 0.034375 0.0421875
4 0.578125 0.5796875 0.03125 0.0640625
5 0.584375 0.57734375 0.065625 0.128125
5 0.509375 0.58125 0.0765625 0.14375