6 0.82734375 0.27734375 0.0765625 0.175
6 0.7 0.1390625 0.0359375 0.0921875
6 0.61953125 0.07421875 0.0265625 0.065625
6 0.5515625 0.04609375 0.0203125 0.0515625
6 0.50703125 0.03046875 0.015625 0.046875
9 0.73515625 0.3109375 0.5296875 0.3375
5 0.371875 0.29609375 0.034375 0.0890625
4 0.3828125 0.25859375 0.0109375 0.0109375
3 0.38046875 0.26796875 0.0046875 0.009375
4 0.3828125 0.28359375 0.0109375 0.0234375
9 0.4265625 0.09921875 0.034375 0.01875
9 0.459375 0.096875 0.021875 0.01875
9 0.35546875 0.1546875 0.0171875 0.01875
9 0.41796875 0.15625 0.0234375 0.015625
9 0.42890625 0.1625 0.0265625 0.01875
8 0.09140625 0.21875 0.1421875 0.11875
8 0.1 0.42578125 0.2 0.1078125
8 0.23515625 0.24453125 0.4703125 0.4703125
9 0.43203125 0.171875 0.015625 0.0125
9 0.2171875 0.153125 0.0296875 0.025
9 0.228125 0.16875 0.0234375 0.01875
9 0.2375 0.17109375 0.0265625 0.0125
9 0.25234375 0.16796875 0.025 0.015625
9 0.26171875 0.17421875 0.021875 0.0078125
8 0.73515625 0.73984375 0.5296875 0.5203125
5 0.86796875 0.49296875 0.0546875 0.0265625
3 0.271875 0.51640625 0.2 0.0734375
4 0.23515625 0.565625 0.4703125 0.171875
5 0.23515625 0.571875 0.4703125 0.184375
3 0.159375 0.90859375 0.240625 0.1671875
2 0.1796875 0.70234375 0.2421875 0.1046875
5 0.23515625 0.81953125 0.4703125 0.3609375