6 0.38359375 0.07265625 0.0328125 0.0921875
6 0.196875 0.03359375 0.046875 0.0671875
6 0.0359375 0.0125 0.040625 0.025
9 0.2 0.18046875 0.4 0.3171875
2 0.7 0.24140625 0.6 0.1953125
5 0.7 0.21640625 0.6 0.2453125
8 0.2 0.66953125 0.4 0.6609375
8 0.33203125 0.74296875 0.1359375 0.4765625
4 0.17734375 0.5171875 0.040625 0.0578125
2 0.1828125 0.46875 0.01875 0.025
5 0.18046875 0.5015625 0.0546875 0.096875
3 0.7890625 0.8171875 0.103125 0.1
3 0.615625 0.73984375 0.1265625 0.1328125
2 0.64765625 0.65546875 0.1046875 0.0578125
2 0.79140625 0.70078125 0.115625 0.0796875
4 0.58984375 0.875 0.3578125 0.25
4 0.8296875 0.921875 0.30625 0.15625
5 0.81328125 0.82734375 0.3734375 0.3453125
5 0.68515625 0.79140625 0.5703125 0.4171875