6 0.0765625 0.3828125 0.034375 0.0125
6 0.00703125 0.346875 0.0140625 0.034375
6 0.5140625 0.3703125 0.053125 0.0375
6 0.02578125 0.3125 0.0125 0.0234375
6 0.41640625 0.284375 0.0234375 0.040625
6 0.35703125 0.25703125 0.0171875 0.0328125
6 0.31484375 0.24453125 0.0125 0.025
6 0.06015625 0.2921875 0.0109375 0.021875
6 0.115625 0.27265625 0.009375 0.0203125
6 0.17890625 0.25625 0.0109375 0.01875
6 0.2640625 0.2421875 0.009375 0.01875
6 0.16640625 0.3109375 0.021875 0.040625
6 0.21328125 0.2734375 0.015625 0.0296875
6 0.15859375 0.27734375 0.0140625 0.025
6 0.090625 0.303125 0.015625 0.0265625
4 0.21953125 0.20234375 0.009375 0.01875
5 0.22109375 0.20703125 0.015625 0.0421875
8 0.28984375 0.69453125 0.5796875 0.6109375
5 0.45625 0.925 0.075 0.15
7 0.45390625 0.9390625 0.0421875 0.078125
3 0.44765625 0.89140625 0.0125 0.015625
0 0.44453125 0.86953125 0.0234375 0.0265625
5 0.71171875 0.66953125 0.0546875 0.1234375
4 0.70625 0.65703125 0.028125 0.0484375
0 0.69296875 0.621875 0.0109375 0.0109375