6 0.978125 0.28203125 0.0265625 0.0578125
6 0.6984375 0.30234375 0.0296875 0.05
6 0.73515625 0.2578125 0.0140625 0.053125
6 0.8453125 0.21484375 0.0109375 0.0265625
6 0.64765625 0.2359375 0.0078125 0.025
6 0.6390625 0.23671875 0.0109375 0.0125
6 0.70390625 0.2125 0.0078125 0.0140625
6 0.75390625 0.20078125 0.00625 0.015625
6 0.76953125 0.21328125 0.00625 0.0203125
6 0.77734375 0.21484375 0.0125 0.0140625
6 0.784375 0.22890625 0.0109375 0.021875
6 0.80546875 0.2 0.00625 0.0140625
6 0.81015625 0.1953125 0.003125 0.0109375
6 0.86640625 0.1921875 0.003125 0.0109375
6 0.87734375 0.19609375 0.0046875 0.0125
6 0.915625 0.19453125 0.0046875 0.015625
6 0.92890625 0.209375 0.00625 0.021875
6 0.96484375 0.24453125 0.0109375 0.0296875
8 0.02578125 0.303125 0.0515625 0.1875
8 0.4296875 0.26484375 0.203125 0.3296875
8 0.17734375 0.33671875 0.2984375 0.1859375
8 0.25 0.128125 0.090625 0.25
7 0.2265625 0.28828125 0.0140625 0.0234375
5 0.225 0.2875 0.0171875 0.0296875
0 0.2203125 0.27890625 0.00625 0.009375
8 0.309375 0.4 0.265625 0.059375
0 0.11640625 0.2546875 0.00625 0.0078125
0 0.12578125 0.253125 0.00625 0.00625
0 0.10859375 0.253125 0.0078125 0.00625
0 0.09453125 0.2703125 0.00625 0.0078125
7 0.0953125 0.28046875 0.0125 0.0125
7 0.109375 0.26875 0.0125 0.0203125
7 0.11640625 0.2640625 0.0046875 0.009375
7 0.1265625 0.26171875 0.009375 0.009375
5 0.12578125 0.25859375 0.0109375 0.01875
5 0.1171875 0.259375 0.0078125 0.01875
5 0.1078125 0.26484375 0.0140625 0.03125
5 0.09453125 0.27734375 0.0140625 0.025
6 0.946875 0.571875 0.034375 0.065625
6 0.690625 0.55234375 0.0203125 0.053125
6 0.5625 0.55234375 0.01875 0.04375
9 0.765625 0.7984375 0.46875 0.403125
5 0.85234375 0.4390625 0.0171875 0.01875
3 0.5078125 0.79609375 0.046875 0.2203125
0 0.44375 0.546875 0.175 0.234375
7 0.396875 0.89921875 0.26875 0.2015625
5 0.3796875 0.71484375 0.303125 0.5703125