6 0.96953125 0.32421875 0.034375 0.1
6 0.79765625 0.15078125 0.0234375 0.059375
6 0.50859375 0.14765625 0.028125 0.05
6 0.55078125 0.1046875 0.0125 0.0546875
9 0.72109375 0.3546875 0.5421875 0.109375
6 0.6671875 0.06953125 0.009375 0.028125
6 0.46171875 0.07578125 0.00625 0.0265625
6 0.45390625 0.07578125 0.0078125 0.0140625
6 0.52109375 0.05625 0.00625 0.015625
6 0.57421875 0.0484375 0.0046875 0.015625
6 0.5890625 0.06328125 0.0046875 0.0203125
6 0.596875 0.06484375 0.0109375 0.0140625
6 0.603125 0.08046875 0.009375 0.021875
6 0.628125 0.05234375 0.0046875 0.0140625
6 0.63203125 0.046875 0.003125 0.0109375
6 0.690625 0.0484375 0.003125 0.0109375
6 0.70234375 0.05390625 0.0046875 0.0125
6 0.74140625 0.05625 0.0046875 0.015625
6 0.75390625 0.07265625 0.00625 0.021875
6 0.83046875 0.08203125 0.0046875 0.0171875
6 0.7875 0.11171875 0.009375 0.0296875
6 0.87578125 0.11328125 0.0109375 0.034375
6 0.91484375 0.096875 0.00625 0.0234375
6 0.94296875 0.08515625 0.0046875 0.0140625
6 0.9859375 0.14453125 0.0109375 0.03125
0 0.41171875 0.35859375 0.0171875 0.0171875
4 0.403125 0.3890625 0.0375 0.040625
4 0.41484375 0.37890625 0.0703125 0.0609375
8 0.9171875 0.49453125 0.165625 0.1703125
5 0.95625 0.4328125 0.040625 0.046875
8 0.225 0.703125 0.45 0.5875