6 0.965625 0.1640625 0.0640625 0.1421875
9 0.68203125 0.24453125 0.5421875 0.4890625
8 0.67578125 0.73828125 0.5296875 0.4984375
5 0.93125 0.74921875 0.0734375 0.1328125
6 0.79296875 0.9453125 0.0890625 0.109375
7 0.9421875 0.7484375 0.034375 0.0734375
5 0.15625 0.6296875 0.0453125 0.0921875
4 0.153125 0.58984375 0.0109375 0.0125
3 0.15234375 0.6 0.0046875 0.009375
4 0.14765625 0.615625 0.0140625 0.025
9 0.19765625 0.49453125 0.0203125 0.0109375
9 0.1234375 0.49296875 0.028125 0.0078125
8 0.028125 0.55078125 0.05625 0.1234375
8 0.3921875 0.6015625 0.0375 0.134375
8 0.34453125 0.875 0.1328125 0.25
8 0.20546875 0.68203125 0.4109375 0.3859375
9 0.11796875 0.4953125 0.0171875 0.0125
9 0.3359375 0.51484375 0.03125 0.028125
9 0.3234375 0.528125 0.0265625 0.0203125
9 0.31171875 0.52890625 0.028125 0.015625
9 0.29765625 0.52265625 0.0265625 0.01875
9 0.2875 0.528125 0.0234375 0.0109375