6 0.33359375 0.2625 0.01875 0.0421875
6 0.40390625 0.36328125 0.040625 0.0796875
6 0.13125 0.271875 0.01875 0.040625
6 0.02578125 0.34375 0.0296875 0.065625
6 0.3234375 0.2328125 0.0125 0.0234375
9 0.25 0.6140625 0.5 0.290625
6 0.0140625 0.22109375 0.0078125 0.0265625
6 0.08046875 0.20703125 0.0078125 0.01875
6 0.115625 0.2 0.0046875 0.0125
6 0.175 0.240625 0.0125 0.03125
6 0.1859375 0.2203125 0.00625 0.0203125
6 0.1671875 0.2125 0.00625 0.021875
6 0.2 0.2234375 0.009375 0.0234375
6 0.25390625 0.20078125 0.00625 0.01875
6 0.26015625 0.20546875 0.00625 0.01875
6 0.2953125 0.209375 0.00625 0.0171875
6 0.48515625 0.19140625 0.00625 0.015625
6 0.4375 0.1890625 0.00625 0.0171875
6 0.44140625 0.19453125 0.0078125 0.015625
6 0.41015625 0.2015625 0.0078125 0.0203125
6 0.3578125 0.20078125 0.0078125 0.015625
8 0.74140625 0.3796875 0.4828125 0.759375
2 0.6796875 0.14296875 0.03125 0.0359375
4 0.6765625 0.1953125 0.059375 0.0359375
5 0.67578125 0.16875 0.0828125 0.0890625
4 0.45 0.8671875 0.1 0.2125
3 0.40703125 0.7671875 0.0265625 0.015625
5 0.3765625 0.8796875 0.246875 0.240625
9 0.75 0.8796875 0.5 0.240625