9 0.78515625 0.284375 0.4296875 0.56875
0 0.459375 0.315625 0.09375 0.0578125
0 0.2640625 0.290625 0.071875 0.059375
0 0.3859375 0.3640625 0.040625 0.0421875
0 0.11796875 0.0953125 0.0984375 0.0890625
3 0.09453125 0.14140625 0.05625 0.040625
3 0.24609375 0.32578125 0.0296875 0.0234375
3 0.396875 0.396875 0.025 0.025
3 0.45859375 0.34453125 0.0515625 0.03125
7 0.49609375 0.4546875 0.1484375 0.140625
4 0.409375 0.4390625 0.06875 0.0640625
4 0.23125 0.39375 0.109375 0.13125
4 0.03359375 0.18125 0.0671875 0.2625
5 0.0984375 0.278125 0.196875 0.534375
5 0.4390625 0.41796875 0.2625 0.3015625
5 0.41328125 0.4109375 0.1046875 0.1421875
5 0.25625 0.4109375 0.221875 0.315625
5 0.78515625 0.7890625 0.4296875 0.421875
1 0.6734375 0.93203125 0.20625 0.1359375
2 0.725 0.69296875 0.309375 0.2015625
8 0.35625 0.809375 0.428125 0.38125
5 0.4703125 0.884375 0.0265625 0.046875