9 0.8046875 0.075 0.390625 0.15
6 0.2296875 0.5890625 0.04375 0.078125
6 0.39140625 0.5265625 0.021875 0.0515625
6 0.52890625 0.5140625 0.0203125 0.034375
6 0.58046875 0.46484375 0.0109375 0.0203125
6 0.5953125 0.45859375 0.00625 0.015625
4 0.08125 0.421875 0.009375 0.01875
5 0.08359375 0.42890625 0.0140625 0.0546875
9 0.35234375 0.78828125 0.5140625 0.4234375
9 0.596875 0.434375 0.025 0.0375
6 0.87421875 0.45234375 0.0171875 0.0375
6 0.77578125 0.515625 0.0265625 0.0609375
9 0.8046875 0.82265625 0.390625 0.3546875
6 0.625 0.42734375 0.0140625 0.0328125
6 0.76484375 0.40078125 0.0078125 0.025
6 0.82734375 0.38984375 0.0078125 0.0171875
6 0.8609375 0.38359375 0.0046875 0.0125
6 0.91640625 0.42265625 0.0109375 0.0296875
6 0.9265625 0.4046875 0.00625 0.01875
6 0.909375 0.396875 0.00625 0.0203125
6 0.93984375 0.40859375 0.0078125 0.021875
6 0.98984375 0.38984375 0.00625 0.0171875
6 0.99609375 0.39375 0.00625 0.0171875