4 0.03046875 0.06640625 0.0609375 0.1328125
5 0.0703125 0.2109375 0.140625 0.421875
6 0.7125 0.209375 0.075 0.13125
6 0.87890625 0.115625 0.075 0.09375
9 0.7546875 0.23984375 0.490625 0.4796875
2 0.26328125 0.559375 0.4921875 0.159375
3 0.25625 0.8109375 0.50625 0.303125
5 0.2546875 0.73984375 0.509375 0.5203125
8 0.6859375 0.50703125 0.2375 0.0546875
4 0.5953125 0.53203125 0.0390625 0.0578125
2 0.58359375 0.4890625 0.0171875 0.0140625
3 0.58515625 0.50234375 0.0140625 0.0125
5 0.59140625 0.5546875 0.0734375 0.15