5 0.090625 0.18359375 0.18125 0.3671875
4 0.92890625 0.178125 0.1421875 0.35625
4 0.85625 0.11796875 0.090625 0.2359375
4 0.70390625 0.06875 0.1453125 0.1375
4 0.53203125 0.0578125 0.1546875 0.115625
5 0.4734375 0.19453125 0.146875 0.3890625
5 0.54296875 0.19453125 0.2828125 0.3890625
5 0.7234375 0.19453125 0.25625 0.3890625
5 0.840625 0.19453125 0.221875 0.3890625
5 0.88828125 0.19453125 0.2234375 0.3890625
9 0.2 0.69453125 0.4 0.6109375
8 0.7 0.83515625 0.6 0.3296875
8 0.896875 0.903125 0.20625 0.19375
2 0.78515625 0.84140625 0.0171875 0.021875
3 0.78125 0.86171875 0.0125 0.009375
4 0.778125 0.87578125 0.0296875 0.040625
5 0.78203125 0.91484375 0.0640625 0.1703125