4 0.28828125 0.021875 0.2453125 0.04375
5 0.2484375 0.1265625 0.346875 0.253125
9 0.759375 0.19453125 0.48125 0.3890625
8 0.13984375 0.6484375 0.2796875 0.51875
0 0.12578125 0.621875 0.0484375 0.0484375
0 0.16875 0.61875 0.034375 0.0390625
0 0.2109375 0.59296875 0.0484375 0.05
0 0.3171875 0.63515625 0.03125 0.0375
0 0.340625 0.6 0.034375 0.0375
0 0.38125 0.68046875 0.0359375 0.0296875
3 0.21953125 0.63125 0.0140625 0.015625
3 0.159375 0.65078125 0.0203125 0.0203125
3 0.128125 0.66640625 0.021875 0.0234375
7 0.08359375 0.7234375 0.0890625 0.159375
7 0.14921875 0.70859375 0.0640625 0.1234375
7 0.19921875 0.70390625 0.084375 0.1390625
7 0.28046875 0.77109375 0.0421875 0.084375
7 0.321875 0.72265625 0.0796875 0.1609375
7 0.37265625 0.77265625 0.059375 0.146875
7 0.5015625 0.76328125 0.034375 0.1609375
5 0.4796875 0.80859375 0.078125 0.3828125
5 0.36640625 0.8109375 0.0921875 0.3
5 0.31953125 0.78671875 0.1484375 0.4265625
5 0.284375 0.79296875 0.115625 0.3625
5 0.19296875 0.77890625 0.1390625 0.4296875
5 0.1375 0.78671875 0.1046875 0.3875
5 0.08203125 0.79609375 0.1484375 0.4078125
1 0.84140625 0.79453125 0.3171875 0.3796875
2 0.80703125 0.5140625 0.3859375 0.25
4 0.759375 0.9015625 0.48125 0.196875
5 0.759375 0.69453125 0.48125 0.6109375