0 0.50859375 0.3921875 0.0671875 0.0515625
2 0.534375 0.26484375 0.059375 0.0328125
2 0.7796875 0.01015625 0.1 0.0203125
4 0.4984375 0.33515625 0.084375 0.0984375
4 0.765625 0.06953125 0.1625 0.1390625
3 0.7765625 0.0375 0.0671875 0.028125
3 0.53984375 0.2828125 0.03125 0.01875
5 0.5125 0.371875 0.203125 0.253125
5 0.76796875 0.1578125 0.2734375 0.315625
5 0.20546875 0.2796875 0.4109375 0.559375
4 0.2640625 0.30703125 0.29375 0.5046875
1 0.22890625 0.0375 0.2296875 0.075
6 0.61171875 0.6 0.0671875 0.08125
9 0.70546875 0.7796875 0.5890625 0.440625
5 0.06953125 0.625 0.1390625 0.13125
5 0.34765625 0.7796875 0.1265625 0.440625