8 0.38359375 0.23984375 0.3921875 0.4796875
8 0.05234375 0.3421875 0.1046875 0.225
8 0.78984375 0.24765625 0.4203125 0.4640625
2 0.6734375 0.11015625 0.0328125 0.0265625
3 0.66953125 0.1359375 0.0171875 0.0125
4 0.65078125 0.17109375 0.046875 0.084375
5 0.67734375 0.19453125 0.115625 0.2
8 0.78984375 0.73984375 0.4203125 0.5203125
5 0.615625 0.628125 0.071875 0.296875
7 0.603125 0.57578125 0.046875 0.1609375
7 0.8859375 0.87578125 0.184375 0.2484375
0 0.88359375 0.71015625 0.078125 0.0890625
5 0.80859375 0.8234375 0.3828125 0.353125