8 0.6953125 0.19453125 0.609375 0.3890625
4 0.375 0.075 0.03125 0.125
5 0.184375 0.11171875 0.36875 0.2234375
5 0.3609375 0.15234375 0.059375 0.3046875
0 0.6625 0.6796875 0.096875 0.065625
0 0.48359375 0.6796875 0.11875 0.08125
0 0.8078125 0.734375 0.1125 0.075
4 0.809375 0.89609375 0.165625 0.18125
4 0.628125 0.82578125 0.140625 0.153125
4 0.4640625 0.82109375 0.146875 0.1546875
0 0.68984375 0.421875 0.084375 0.0609375
5 0.8453125 0.40546875 0.084375 0.0328125
5 0.51328125 0.40234375 0.1046875 0.0265625
3 0.4859375 0.7390625 0.0578125 0.0359375
3 0.66015625 0.7390625 0.046875 0.0375
3 0.78203125 0.78984375 0.046875 0.034375
5 0.6921875 0.4140625 0.1 0.05
5 0.48203125 0.8140625 0.1828125 0.371875
5 0.45390625 0.75 0.1265625 0.5
5 0.6546875 0.81875 0.271875 0.3625
5 0.796875 0.84453125 0.234375 0.3109375
3 0.02109375 0.8578125 0.0421875 0.09375
3 0.18046875 0.83203125 0.11875 0.1265625
2 0.17265625 0.74140625 0.103125 0.0515625
2 0.0390625 0.74453125 0.078125 0.0734375
4 0.1578125 0.92578125 0.315625 0.1484375
5 0.1953125 0.840625 0.390625 0.31875