8 0.21953125 0.225 0.4390625 0.45
1 0.82890625 0.2984375 0.3421875 0.303125
2 0.80390625 0.0609375 0.3921875 0.121875
5 0.71953125 0.225 0.5609375 0.45
0 0.31171875 0.9453125 0.2015625 0.109375
0 0.40390625 0.77890625 0.0703125 0.1859375
5 0.8453125 0.9 0.103125 0.2
5 0.9609375 0.87421875 0.078125 0.2296875
4 0.82421875 0.86484375 0.034375 0.046875
4 0.9828125 0.82890625 0.034375 0.0640625
3 0.82578125 0.83828125 0.00625 0.0109375
3 0.9765625 0.7984375 0.0078125 0.0078125
0 0.9765625 0.77734375 0.025 0.028125
0 0.81875 0.82109375 0.0234375 0.0296875