8 0.765625 0.259375 0.46875 0.51875
8 0.2859375 0.3015625 0.490625 0.434375
5 0.50078125 0.21328125 0.009375 0.0453125
1 0.6890625 0.85 0.1703125 0.0953125
1 0.959375 0.79453125 0.08125 0.0734375
1 0.86640625 0.7328125 0.09375 0.0796875
2 0.753125 0.725 0.265625 0.090625
2 0.834375 0.64140625 0.1296875 0.0703125
2 0.95859375 0.64921875 0.0828125 0.0828125
5 0.95859375 0.7734375 0.0828125 0.328125
5 0.87109375 0.68125 0.1515625 0.1515625
5 0.765625 0.83671875 0.46875 0.3265625
5 0.59453125 0.803125 0.1265625 0.39375
1 0.30078125 0.9296875 0.4609375 0.140625
2 0.31640625 0.70234375 0.4296875 0.1140625
5 0.265625 0.815625 0.53125 0.36875