8 0.35390625 0.12109375 0.1703125 0.2046875
8 0.9484375 0.359375 0.103125 0.3
8 0.71953125 0.3140625 0.5609375 0.390625
4 0.534375 0.28671875 0.025 0.05
5 0.53984375 0.27890625 0.0515625 0.071875
0 0.26875 0.6046875 0.2125 0.190625
7 0.06640625 0.72734375 0.1328125 0.3953125
3 0.1796875 0.62109375 0.109375 0.153125
5 0.19609375 0.71953125 0.3921875 0.4203125
0 0.9203125 0.6265625 0.159375 0.159375
3 0.8609375 0.68125 0.0859375 0.0671875
4 0.8515625 0.83046875 0.2625 0.3390625
5 0.8390625 0.7546875 0.321875 0.490625