8 0.23359375 0.36171875 0.4671875 0.5953125
8 0.2875 0.33359375 0.3625 0.6515625
5 0.0140625 0.39609375 0.028125 0.1015625
8 0.5265625 0.2296875 0.115625 0.196875
8 0.915625 0.1765625 0.16875 0.353125
8 0.70703125 0.26328125 0.309375 0.2421875
8 0.75703125 0.07890625 0.1109375 0.1578125
7 0.74921875 0.1921875 0.015625 0.0234375
5 0.74765625 0.190625 0.01875 0.0296875
0 0.7421875 0.1828125 0.00625 0.009375
0 0.878125 0.3515625 0.0125 0.0140625
3 0.88125 0.3625 0.0078125 0.009375
7 0.8875 0.3703125 0.0234375 0.0265625
5 0.8859375 0.3625 0.0265625 0.0390625
9 0.9515625 0.4140625 0.096875 0.1375
9 0.89453125 0.45859375 0.1890625 0.184375
9 0.81328125 0.39453125 0.090625 0.053125
9 0.771875 0.4703125 0.1625 0.178125
9 0.665625 0.49453125 0.14375 0.140625
9 0.590625 0.45703125 0.184375 0.184375
9 0.5140625 0.54375 0.090625 0.146875
8 0.515625 0.48515625 0.09375 0.2078125
8 0.84453125 0.33125 0.2703125 0.1546875
0 0.63828125 0.16875 0.00625 0.0078125
0 0.64765625 0.165625 0.0078125 0.0078125
0 0.63046875 0.1671875 0.0078125 0.0078125
0 0.61796875 0.18515625 0.0078125 0.009375
7 0.6203125 0.1953125 0.0140625 0.0125
7 0.6328125 0.1828125 0.0140625 0.021875
7 0.63984375 0.178125 0.0046875 0.009375
7 0.64921875 0.175 0.009375 0.0109375
5 0.6484375 0.171875 0.0125 0.01875
5 0.63984375 0.1734375 0.009375 0.01875
5 0.63125 0.1796875 0.015625 0.03125
5 0.61953125 0.1921875 0.015625 0.025
8 0.271875 0.83203125 0.39375 0.3359375
5 0.2796875 0.7296875 0.0625 0.140625