8 0.5265625 0.14921875 0.20625 0.2984375
8 0.06328125 0.20234375 0.1265625 0.4046875
6 0.9453125 0.096875 0.109375 0.19375
6 0.84609375 0.05390625 0.1234375 0.1078125
6 0.746875 0.021875 0.10625 0.04375
9 0.2546875 0.75859375 0.1765625 0.3171875
2 0.1265625 0.6734375 0.2234375 0.2390625
2 0.034375 0.75078125 0.06875 0.4015625
2 0.53046875 0.61640625 0.1421875 0.1234375
3 0.01015625 0.578125 0.0203125 0.025
3 0.18984375 0.5625 0.0265625 0.025
3 0.11640625 0.8328125 0.1125 0.121875
4 0.028125 0.66640625 0.05625 0.1484375
4 0.21796875 0.65390625 0.0953125 0.1546875
4 0.159375 0.90703125 0.31875 0.1859375
4 0.49765625 0.88125 0.2640625 0.2375
3 0.5328125 0.74921875 0.1015625 0.078125
5 0.46875 0.775 0.321875 0.45
5 0.08828125 0.775 0.1765625 0.45
5 0.03515625 0.66640625 0.0703125 0.2328125
5 0.221875 0.74375 0.19375 0.3875
5 0.18203125 0.7765625 0.3640625 0.446875