8 0.78359375 0.2 0.4328125 0.4
0 0.18125 0.2 0.3625 0.4
5 0.28828125 0.2 0.4453125 0.4
8 0.72265625 0.7 0.4234375 0.6
7 0.8015625 0.67890625 0.04375 0.046875
5 0.803125 0.67265625 0.075 0.0703125
7 0.5625 0.65 0.0546875 0.0578125
5 0.565625 0.6375 0.0578125 0.084375
0 0.071875 0.4921875 0.0421875 0.065625
3 0.01328125 0.43046875 0.021875 0.0234375
4 0.0671875 0.5859375 0.059375 0.1125
4 0.01953125 0.48359375 0.0390625 0.1046875
3 0.0578125 0.52265625 0.0125 0.015625
5 0.06015625 0.62734375 0.1203125 0.3546875
5 0.02890625 0.54296875 0.0578125 0.2859375