8 0.3 0.21484375 0.6 0.4296875
5 0.27734375 0.1046875 0.040625 0.1234375
8 0.8 0.234375 0.4 0.390625
0 0.99609375 0.11015625 0.0078125 0.0234375
7 0.9859375 0.165625 0.028125 0.046875
5 0.97265625 0.15234375 0.0546875 0.1078125
8 0.3 0.67890625 0.6 0.4984375
8 0.496875 0.5734375 0.20625 0.2875
5 0.184375 0.446875 0.034375 0.034375
7 0.96171875 0.68984375 0.0765625 0.2796875
7 0.8421875 0.6578125 0.05625 0.175
0 0.9640625 0.47265625 0.05 0.078125
0 0.85703125 0.51484375 0.021875 0.04375
5 0.83359375 0.73828125 0.0765625 0.5234375
5 0.9140625 0.71484375 0.171875 0.5703125