8 0.3 0.2 0.6 0.4
5 0.221875 0.0203125 0.065625 0.040625
2 0.93359375 0.2078125 0.0140625 0.025
2 0.92734375 0.2484375 0.01875 0.021875
3 0.9265625 0.21796875 0.0125 0.021875
3 0.93515625 0.25859375 0.0078125 0.009375
4 0.9296875 0.28203125 0.028125 0.040625
4 0.9015625 0.2234375 0.046875 0.065625
5 0.9125 0.2765625 0.0875 0.1828125
5 0.93359375 0.30078125 0.05 0.1296875
1 0.4828125 0.80625 0.234375 0.28125
2 0.40625 0.5359375 0.3875 0.259375
4 0.303125 0.93671875 0.59375 0.1265625
5 0.3 0.7 0.6 0.6
4 0.91796875 0.68125 0.009375 0.0140625
4 0.85390625 0.70703125 0.0296875 0.0546875
2 0.9171875 0.6734375 0.003125 0.00625
2 0.853125 0.6734375 0.0171875 0.0171875
5 0.91796875 0.68359375 0.0109375 0.0296875
5 0.85625 0.70625 0.04375 0.084375