8 0.23046875 0.325 0.4609375 0.209375
6 0.7640625 0.17890625 0.025 0.0546875
6 0.90625 0.13359375 0.0234375 0.0484375
6 0.9984375 0.10546875 0.003125 0.0390625
6 0.6921875 0.14375 0.015625 0.040625
6 0.77421875 0.11484375 0.0140625 0.03125
6 0.8421875 0.09609375 0.009375 0.0265625
6 0.6078125 0.159375 0.0140625 0.034375
6 0.6765625 0.13828125 0.0125 0.0328125
6 0.90234375 0.0890625 0.0140625 0.034375
9 0.8 0.2234375 0.4 0.4125
0 0.3546875 0.52265625 0.2875 0.1859375
3 0.3578125 0.66171875 0.19375 0.334375
7 0.2953125 0.825 0.44375 0.35
5 0.31640625 0.71484375 0.5546875 0.5703125
0 0.92890625 0.73828125 0.1421875 0.5234375
5 0.85390625 0.73125 0.2921875 0.5375