8 0.7953125 0.08359375 0.409375 0.1671875
7 0.2109375 0.184375 0.421875 0.36875
5 0.2953125 0.2046875 0.590625 0.409375
8 0.9 0.80703125 0.2 0.2328125
2 0.0328125 0.7515625 0.0609375 0.053125
2 0.1640625 0.7203125 0.053125 0.0546875
2 0.25859375 0.7015625 0.0625 0.053125
2 0.334375 0.875 0.0515625 0.05625
0 0.41015625 0.70234375 0.078125 0.08125
0 0.5796875 0.70546875 0.021875 0.0796875
3 0.57734375 0.80625 0.0265625 0.04375
3 0.403125 0.7984375 0.04375 0.0515625
3 0.24765625 0.8046875 0.034375 0.0453125
3 0.153125 0.83046875 0.0453125 0.053125
3 0.028125 0.86328125 0.040625 0.0484375
4 0.1296875 0.92734375 0.134375 0.1453125
4 0.23203125 0.91796875 0.1296875 0.1640625
7 0.38828125 0.90234375 0.1546875 0.1953125
7 0.54296875 0.91015625 0.0953125 0.1796875
5 0.06171875 0.8578125 0.1234375 0.284375
5 0.12890625 0.8421875 0.2203125 0.315625
5 0.234375 0.83359375 0.215625 0.3328125
5 0.321875 0.91640625 0.20625 0.1671875
5 0.4 0.8265625 0.234375 0.346875
5 0.52421875 0.82578125 0.1328125 0.3484375