8 0.7703125 0.35859375 0.459375 0.2015625
8 0.19609375 0.2296875 0.3921875 0.459375
7 0.14375 0.31328125 0.025 0.0515625
5 0.1578125 0.3296875 0.0515625 0.125
4 0.8859375 0.553125 0.228125 0.1875
5 0.84375 0.68671875 0.3125 0.4546875
0 0.28203125 0.63984375 0.0734375 0.0953125
0 0.4234375 0.6671875 0.0796875 0.0875
2 0.15859375 0.66015625 0.078125 0.059375
2 0.52421875 0.65859375 0.0328125 0.0765625
3 0.15078125 0.75546875 0.0359375 0.0625
3 0.2875 0.725 0.040625 0.0375
3 0.43203125 0.75546875 0.040625 0.04375
4 0.4484375 0.8828125 0.109375 0.234375
4 0.28359375 0.8671875 0.11875 0.246875
4 0.10625 0.88515625 0.1125 0.2296875
5 0.146875 0.8125 0.2 0.375
5 0.28515625 0.79375 0.1796875 0.4125
5 0.45859375 0.80859375 0.1609375 0.3828125