8 0.15078125 0.29296875 0.196875 0.203125
8 0.5125 0.3765625 0.2125 0.4
8 0.309375 0.2984375 0.61875 0.5625
3 0.21015625 0.2625 0.0078125 0.0109375
2 0.2046875 0.246875 0.0125 0.0171875
4 0.2078125 0.28515625 0.0171875 0.0375
5 0.21328125 0.278125 0.0375 0.0859375
1 0.7828125 0.36015625 0.328125 0.3890625
2 0.771875 0.06328125 0.30625 0.1265625
5 0.809375 0.28984375 0.38125 0.5796875
8 0.309375 0.83671875 0.61875 0.3265625
0 0.3609375 0.915625 0.0359375 0.03125
3 0.36328125 0.946875 0.01875 0.0234375
7 0.38359375 0.9625 0.0671875 0.075
5 0.36953125 0.946875 0.1171875 0.10625
5 0.809375 0.7546875 0.38125 0.35