8 0.2546875 0.234375 0.509375 0.46875
8 0.165625 0.37109375 0.33125 0.1953125
4 0.4390625 0.296875 0.04375 0.0609375
2 0.434375 0.24296875 0.0203125 0.0265625
5 0.43515625 0.27890625 0.05625 0.1046875
7 0.69375 0.29609375 0.025 0.046875
5 0.7109375 0.3375 0.0796875 0.20625
8 0.7546875 0.234375 0.490625 0.46875
4 0.14609375 0.54296875 0.2671875 0.1484375
5 0.246875 0.734375 0.49375 0.53125
8 0.759375 0.734375 0.48125 0.53125
7 0.66171875 0.7171875 0.0453125 0.05
5 0.659375 0.71171875 0.0796875 0.071875
7 0.909375 0.6875 0.0578125 0.0609375
5 0.90546875 0.67421875 0.0609375 0.0890625