8 0.303125 0.2046875 0.60625 0.409375
5 0.125 0.384375 0.040625 0.05
9 0.70078125 0.34375 0.0796875 0.13125
9 0.8640625 0.33203125 0.0875 0.08125
7 0.78203125 0.29140625 0.0921875 0.2359375
3 0.7828125 0.15546875 0.028125 0.040625
0 0.778125 0.08984375 0.0375 0.053125
5 0.77109375 0.2046875 0.1140625 0.409375
1 0.32578125 0.884375 0.3359375 0.23125
2 0.27578125 0.6640625 0.309375 0.0984375
5 0.309375 0.8015625 0.61875 0.396875
4 0.65703125 0.86796875 0.0765625 0.1296875
2 0.65234375 0.77890625 0.04375 0.021875
5 0.6734375 0.8828125 0.109375 0.234375