8 0.775 0.31953125 0.45 0.6390625
5 0.69296875 0.1625 0.025 0.034375
3 0.103125 0.26953125 0.0234375 0.0171875
2 0.109375 0.25390625 0.03125 0.021875
4 0.09453125 0.30234375 0.0625 0.0546875
5 0.0765625 0.34921875 0.153125 0.2375
0 0.940625 0.7703125 0.11875 0.20625
0 0.6421875 0.71171875 0.184375 0.1453125
0 0.69609375 0.6875 0.0609375 0.096875
2 0.8328125 0.72890625 0.103125 0.103125
3 0.65625 0.78203125 0.03125 0.0421875
3 0.5828125 0.853125 0.065625 0.11875
3 0.81796875 0.8484375 0.046875 0.059375
4 0.79921875 0.95078125 0.0453125 0.0984375
4 0.6953125 0.9046875 0.203125 0.190625
4 0.68203125 0.91015625 0.0796875 0.1796875
4 0.61640625 0.89375 0.1328125 0.2125
0 0.72265625 0.71796875 0.059375 0.0859375
3 0.7046875 0.79140625 0.0375 0.040625
0 0.77265625 0.790625 0.0234375 0.0390625
5 0.7828125 0.8828125 0.128125 0.234375
5 0.70859375 0.77421875 0.0953125 0.2140625
5 0.65 0.81953125 0.2 0.3609375
5 0.6328125 0.81953125 0.165625 0.3609375
5 0.7125 0.82890625 0.325 0.3421875
0 0.81640625 0.821875 0.3671875 0.35625
9 0.775 0.81953125 0.45 0.3609375