8 0.2546875 0.28984375 0.509375 0.5796875
8 0.7546875 0.28671875 0.490625 0.5734375
0 0.11796875 0.678125 0.0875 0.078125
7 0.3296875 0.89375 0.0703125 0.1453125
1 0.35703125 0.81640625 0.021875 0.0375
1 0.09765625 0.76171875 0.03125 0.0484375
1 0.475 0.715625 0.0359375 0.03125
2 0.47421875 0.65625 0.0703125 0.05625
4 0.45859375 0.784375 0.0796875 0.1328125
4 0.5 0.59140625 0.01875 0.0234375
5 0.49609375 0.6109375 0.0265625 0.0625
5 0.44609375 0.76640625 0.1265625 0.2828125
5 0.31953125 0.87265625 0.1015625 0.2546875
5 0.1234375 0.8125 0.196875 0.375
0 0.34921875 0.7671875 0.0421875 0.053125
7 0.1234375 0.8875 0.1375 0.225