8 0.96171875 0.14609375 0.0765625 0.1546875
8 0.73515625 0.29453125 0.5296875 0.5890625
4 0.8125 0.18671875 0.0296875 0.053125
2 0.825 0.1375 0.0140625 0.015625
5 0.8125 0.17109375 0.0453125 0.0890625
8 0.6421875 0.11953125 0.140625 0.10625
1 0.1265625 0.4328125 0.253125 0.3125
2 0.14921875 0.18671875 0.2984375 0.2296875
5 0.23515625 0.30703125 0.4703125 0.5640625
9 0.95078125 0.71640625 0.053125 0.0484375
9 0.93046875 0.69921875 0.0640625 0.0671875
9 0.90390625 0.68984375 0.0640625 0.0703125
9 0.871875 0.68828125 0.0328125 0.0453125
9 0.859375 0.678125 0.0609375 0.0640625
9 0.6984375 0.734375 0.0421875 0.0390625
9 0.575 0.753125 0.0625 0.046875
9 0.58125 0.72734375 0.040625 0.034375
9 0.59765625 0.74921875 0.0484375 0.0453125
9 0.49375 0.7546875 0.046875 0.05
8 0.79921875 0.90078125 0.109375 0.1359375
8 0.80703125 0.62734375 0.0265625 0.034375
9 0.75234375 0.64375 0.0265625 0.0234375
9 0.734375 0.63984375 0.0234375 0.0234375
9 0.69765625 0.628125 0.0109375 0.0203125
9 0.71171875 0.63359375 0.0296875 0.025