8 0.309375 0.08984375 0.61875 0.1796875
6 0.6328125 0.16484375 0.009375 0.01875
7 0.59296875 0.6078125 0.03125 0.05625
5 0.01484375 0.425 0.0296875 0.078125
7 0.01953125 0.4125 0.0171875 0.034375
0 0.01640625 0.3921875 0.009375 0.0109375
5 0.59296875 0.61953125 0.0515625 0.1203125
6 0.5734375 0.659375 0.0125 0.0359375
9 0.50625 0.29609375 0.0125 0.0125
8 0.49375 0.31171875 0.0265625 0.034375
9 0.4484375 0.28203125 0.00625 0.0078125
9 0.4421875 0.28359375 0.009375 0.009375
9 0.44296875 0.29609375 0.0125 0.01875
9 0.4359375 0.30234375 0.0140625 0.01875
9 0.4234375 0.28203125 0.009375 0.0125
9 0.41953125 0.28828125 0.0125 0.015625
9 0.42109375 0.31171875 0.015625 0.0203125
0 0.60078125 0.57109375 0.0140625 0.0171875
8 0.125 0.56171875 0.2109375 0.3078125
8 0.2484375 0.58203125 0.496875 0.8046875
7 0.9703125 0.6015625 0.059375 0.21875
5 0.94140625 0.690625 0.1171875 0.4125