8 0.23984375 0.21484375 0.4796875 0.4296875
5 0.08984375 0.7796875 0.1140625 0.215625
5 0.234375 0.74140625 0.1125 0.2265625
4 0.06875 0.7375 0.034375 0.05
4 0.23671875 0.69609375 0.040625 0.0640625
0 0.06171875 0.69296875 0.0234375 0.028125
3 0.06953125 0.71015625 0.00625 0.009375
3 0.2234375 0.665625 0.0046875 0.0078125
0 0.2234375 0.6453125 0.0234375 0.025
2 0.5875 0.8125 0.06875 0.0859375
3 0.5984375 0.859375 0.0359375 0.0390625
4 0.653125 0.92265625 0.140625 0.1546875
5 0.6453125 0.8734375 0.2 0.253125