8 0.41640625 0.13984375 0.3859375 0.2796875
0 0.5984375 0.559375 0.021875 0.0625
0 0.4328125 0.5265625 0.0765625 0.0625
0 0.55859375 0.60859375 0.0421875 0.0453125
0 0.284375 0.32109375 0.103125 0.0828125
3 0.259375 0.36328125 0.059375 0.04375
3 0.4125 0.56328125 0.03125 0.0265625
3 0.56796875 0.64296875 0.0265625 0.0265625
4 0.5765625 0.6875 0.065625 0.065625
4 0.3953125 0.6328125 0.115625 0.1375
4 0.1140625 0.40859375 0.228125 0.2578125
5 0.1796875 0.53203125 0.359375 0.5046875
5 0.5421875 0.67890625 0.134375 0.3390625
5 0.56953125 0.65703125 0.0796875 0.1484375
5 0.41953125 0.68515625 0.2359375 0.396875
8 0.87265625 0.63203125 0.2546875 0.5265625