8 0.4359375 0.121875 0.196875 0.24375
8 0.415625 0.23828125 0.30625 0.4609375
6 0.65546875 0.240625 0.1734375 0.45625
2 0.70390625 0.384375 0.0921875 0.0921875
5 0.7125 0.396875 0.2875 0.14375
1 0.11953125 0.89765625 0.2390625 0.2046875
2 0.1984375 0.6703125 0.396875 0.278125
5 0.284375 0.753125 0.56875 0.49375
6 0.9265625 0.6953125 0.0203125 0.040625
6 0.8109375 0.74375 0.034375 0.0671875
6 0.58046875 0.909375 0.0234375 0.14375
9 0.784375 0.9375 0.43125 0.125
6 0.66796875 0.62265625 0.0171875 0.0359375
6 0.821875 0.6203125 0.009375 0.0265625
6 0.8890625 0.6203125 0.009375 0.01875
6 0.92578125 0.6203125 0.0046875 0.0125
6 0.97734375 0.67265625 0.0140625 0.0328125
6 0.990625 0.6546875 0.0078125 0.0203125
6 0.975 0.64375 0.0078125 0.021875