8 0.74375 0.384375 0.265625 0.53125
0 0.44375 0.28984375 0.1578125 0.08125
0 0.41328125 0.10859375 0.1203125 0.090625
0 0.2046875 0.13828125 0.0640625 0.03125
3 0.42109375 0.13515625 0.04375 0.0296875
3 0.47265625 0.3484375 0.0296875 0.0328125
4 0.19296875 0.20390625 0.0671875 0.0703125
4 0.34140625 0.221875 0.203125 0.1921875
4 0.40859375 0.45390625 0.225 0.209375
5 0.203125 0.18828125 0.084375 0.1296875
5 0.3671875 0.2359375 0.2421875 0.3578125
5 0.44453125 0.4515625 0.3328125 0.396875
9 0.80546875 0.82734375 0.3890625 0.3453125
8 0.0828125 0.71328125 0.0359375 0.0625
6 0.028125 0.775 0.00625 0.015625
6 0.021875 0.85234375 0.0046875 0.021875
6 0.003125 0.87265625 0.00625 0.0265625
6 0.00625 0.79609375 0.0046875 0.015625
0 0.4921875 0.7921875 0.0046875 0.003125
7 0.49296875 0.80078125 0.0046875 0.009375
5 0.49296875 0.8046875 0.00625 0.028125
0 0.43125 0.8875 0.0046875 0.0046875
5 0.43046875 0.903125 0.009375 0.0359375
0 0.3 0.940625 0.00625 0.00625
0 0.2734375 0.9453125 0.0046875 0.0046875
7 0.27421875 0.95703125 0.00625 0.0109375
7 0.30078125 0.95234375 0.009375 0.0125
5 0.3 0.94765625 0.0109375 0.0234375
5 0.27421875 0.95390625 0.009375 0.021875
5 0.06796875 0.80234375 0.009375 0.025
0 0.1296875 0.76328125 0.0046875 0.003125
5 0.1296875 0.77109375 0.009375 0.01875
6 0.0375 0.78515625 0.00625 0.0125
7 0.0375 0.74921875 0.00625 0.0078125
5 0.03671875 0.753125 0.0078125 0.0203125
8 0.534375 0.67421875 0.0140625 0.0140625
7 0.39140625 0.80078125 0.0078125 0.0109375
5 0.390625 0.80859375 0.0125 0.0375
7 0.33125 0.82109375 0.00625 0.0109375
5 0.33046875 0.82578125 0.009375 0.028125
8 0.01484375 0.73515625 0.0203125 0.0359375
9 0.0359375 0.71015625 0.0234375 0.0203125
9 0.0578125 0.72734375 0.0265625 0.0234375
7 0.259375 0.82421875 0.0046875 0.009375
5 0.25859375 0.8265625 0.00625 0.01875