8 0.690625 0.16484375 0.61875 0.3296875
8 0.1171875 0.16640625 0.234375 0.3265625
8 0.0796875 0.16484375 0.159375 0.3296875
0 0.0734375 0.22265625 0.0046875 0.00625
7 0.078125 0.2421875 0.009375 0.0234375
5 0.0796875 0.24921875 0.0203125 0.0625
9 0.084375 0.240625 0.046875 0.0578125
8 0.128125 0.20703125 0.046875 0.0484375
8 0.1890625 0.22421875 0.0578125 0.0609375
8 0.246875 0.20546875 0.0390625 0.065625
8 0.26796875 0.20625 0.0484375 0.0671875
8 0.2984375 0.19765625 0.053125 0.078125
8 0.3328125 0.19609375 0.0640625 0.0796875
8 0.37109375 0.17578125 0.0203125 0.1046875
9 0.6671875 0.6390625 0.109375 0.16875
9 0.75390625 0.61640625 0.115625 0.1015625
7 0.59375 0.62734375 0.1515625 0.3109375
7 0.44921875 0.6140625 0.0890625 0.1953125
0 0.5484375 0.3984375 0.06875 0.090625
0 0.44140625 0.46015625 0.0296875 0.0484375
5 0.46328125 0.70859375 0.1640625 0.5828125
5 0.56640625 0.66484375 0.3703125 0.6703125
7 0.1953125 0.84140625 0.365625 0.3171875
0 0.2453125 0.53828125 0.21875 0.2359375
3 0.28359375 0.721875 0.09375 0.0953125
5 0.190625 0.696875 0.38125 0.60625
9 0.10234375 0.83359375 0.2046875 0.3328125