8 0.15390625 0.42265625 0.3078125 0.2734375
2 0.5734375 0.25703125 0.153125 0.1828125
0 0.784375 0.0953125 0.1203125 0.1578125
3 0.6234375 0.42578125 0.0578125 0.146875
3 0.79296875 0.21953125 0.0734375 0.0609375
3 0.99296875 0.234375 0.0140625 0.05
4 0.96484375 0.384375 0.0703125 0.35
4 0.7671875 0.40390625 0.1625 0.3109375
5 0.58984375 0.35859375 0.2015625 0.4015625
5 0.7609375 0.28515625 0.234375 0.5484375
5 0.9453125 0.290625 0.109375 0.5375
0 0.08046875 0.73515625 0.1609375 0.3515625
5 0.17421875 0.7796875 0.3484375 0.440625
8 0.74453125 0.7796875 0.5109375 0.440625
8 0.74140625 0.86953125 0.3703125 0.2609375