8 0.76953125 0.325 0.4609375 0.209375
6 0.2359375 0.17890625 0.025 0.0546875
6 0.09375 0.13359375 0.0234375 0.0484375
6 0.0015625 0.10546875 0.003125 0.0390625
6 0.3078125 0.14375 0.015625 0.040625
6 0.22578125 0.11484375 0.0140625 0.03125
6 0.1578125 0.09609375 0.009375 0.0265625
6 0.3921875 0.159375 0.0140625 0.034375
6 0.3234375 0.13828125 0.0125 0.0328125
6 0.09765625 0.0890625 0.0140625 0.034375
9 0.2 0.2234375 0.4 0.4125
0 0.6453125 0.52265625 0.2875 0.1859375
3 0.6421875 0.66171875 0.19375 0.334375
7 0.7046875 0.825 0.44375 0.35
5 0.68359375 0.71484375 0.5546875 0.5703125
0 0.07109375 0.73828125 0.1421875 0.5234375
5 0.14609375 0.73125 0.2921875 0.5375