8 0.209375 0.334375 0.41875 0.66875
2 0.175 0.18359375 0.0125 0.0140625
3 0.178125 0.203125 0.00625 0.0109375
4 0.1734375 0.225 0.0171875 0.040625
5 0.1828125 0.22578125 0.0375 0.1
0 0.69453125 0.1875 0.1125 0.19375
3 0.6796875 0.30625 0.0328125 0.0671875
4 0.5515625 0.42109375 0.265625 0.4953125
5 0.58671875 0.371875 0.3359375 0.59375
1 0.178125 0.940625 0.35625 0.11875
2 0.11328125 0.846875 0.2265625 0.0625
5 0.209375 0.9 0.41875 0.2
1 0.67890625 0.91796875 0.4421875 0.1640625
2 0.78515625 0.81640625 0.4296875 0.1296875
5 0.709375 0.87109375 0.58125 0.2578125