8 0.5234375 0.22421875 0.2125 0.4296875
8 0.81484375 0.14140625 0.3703125 0.2828125
0 0.20546875 0.50390625 0.034375 0.0359375
0 0.121875 0.4875 0.0375 0.0390625
0 0.03515625 0.46796875 0.0390625 0.0375
0 0.25078125 0.53671875 0.0375 0.0375
0 0.46796875 0.5578125 0.0359375 0.0375
0 0.42265625 0.52578125 0.0328125 0.0359375
0 0.15234375 0.52890625 0.0390625 0.0421875
0 0.38125 0.55390625 0.0359375 0.0390625
0 0.290625 0.528125 0.0328125 0.0375
0 0.08125 0.53046875 0.040625 0.0375
0 0.328125 0.51796875 0.0328125 0.0375
0 0.51171875 0.61171875 0.05 0.084375
0 0.33828125 0.559375 0.0375 0.04375
0 0.0140625 0.50546875 0.028125 0.0453125
3 0.00703125 0.54765625 0.0140625 0.0203125
3 0.03125 0.50234375 0.0234375 0.021875
3 0.0796875 0.565625 0.0203125 0.0171875
3 0.1171875 0.52265625 0.0265625 0.0203125
3 0.146875 0.56875 0.028125 0.021875
3 0.19921875 0.5390625 0.0234375 0.0203125
3 0.24375 0.575 0.0296875 0.021875
3 0.2859375 0.56171875 0.0234375 0.0203125
3 0.32109375 0.5484375 0.0203125 0.0203125
3 0.3296875 0.5984375 0.0265625 0.025
3 0.378125 0.58515625 0.021875 0.0234375
3 0.415625 0.559375 0.0234375 0.021875
3 0.41953125 0.61875 0.0234375 0.021875
3 0.4609375 0.59765625 0.025 0.021875
3 0.49296875 0.5921875 0.0171875 0.0171875
3 0.50625 0.634375 0.021875 0.021875
3 0.55 0.6265625 0.021875 0.0203125
3 0.5875 0.62265625 0.028125 0.0234375
0 0.59453125 0.5796875 0.0390625 0.0390625
0 0.55390625 0.5859375 0.0390625 0.0375
0 0.51328125 0.59140625 0.0390625 0.0375
0 0.5 0.55625 0.0328125 0.0328125
0 0.42421875 0.5796875 0.0390625 0.0390625
7 0.6171875 0.7015625 0.025 0.16875
7 0.603125 0.7640625 0.053125 0.171875
7 0.57421875 0.703125 0.10625 0.159375
7 0.53515625 0.68984375 0.0640625 0.1421875
7 0.4953125 0.7109375 0.1 0.15625
7 0.48125 0.621875 0.03125 0.0421875
7 0.4546875 0.6703125 0.0796875 0.14375
7 0.4078125 0.69296875 0.09375 0.1484375
7 0.4140625 0.59921875 0.0640625 0.0625
7 0.3640625 0.65390625 0.0765625 0.1203125
7 0.3125 0.66640625 0.103125 0.1453125
7 0.3078125 0.57734375 0.0265625 0.025
7 0.28828125 0.59375 0.059375 0.0515625
7 0.23671875 0.640625 0.096875 0.1328125
7 0.18671875 0.61015625 0.08125 0.121875
7 0.10546875 0.56484375 0.0328125 0.03125
7 0.02890625 0.55859375 0.0546875 0.075
7 0.01640625 0.63046875 0.0328125 0.1640625
7 0.05703125 0.63828125 0.09375 0.15
5 0.0375 0.6421875 0.075 0.396875
5 0.0234375 0.69375 0.046875 0.425
5 0.05703125 0.68359375 0.1140625 0.3578125
5 0.09609375 0.6546875 0.1109375 0.375
5 0.11875 0.6921875 0.1421875 0.384375
5 0.1796875 0.66875 0.1328125 0.375
5 0.22109375 0.7 0.15625 0.3890625
5 0.2671875 0.68515625 0.1203125 0.3609375
5 0.31875 0.5453125 0.0515625 0.0984375
5 0.30703125 0.72578125 0.1578125 0.39375
5 0.3546875 0.71171875 0.1171875 0.3625
5 0.41875 0.56484375 0.0765625 0.1203125
5 0.39296875 0.746875 0.15 0.390625
5 0.44375 0.72734375 0.1265625 0.38125
5 0.47890625 0.71875 0.1109375 0.365625
5 0.48515625 0.7625 0.140625 0.39375
5 0.51484375 0.75 0.128125 0.375
5 0.55703125 0.76640625 0.1453125 0.4234375
5 0.58203125 0.80078125 0.0953125 0.3984375
5 0.5984375 0.7734375 0.0625 0.45