8 0.859375 0.128125 0.2421875 0.228125
8 0.715625 0.234375 0.56875 0.46875
2 0.86484375 0.0953125 0.015625 0.0171875
3 0.859375 0.11328125 0.0125 0.015625
5 0.846875 0.134375 0.0546875 0.1109375
4 0.85234375 0.1421875 0.021875 0.0453125
9 0.328125 0.1703125 0.1828125 0.321875
2 0.240625 0.08125 0.228125 0.1625
2 0.0875 0.1109375 0.175 0.221875
3 0.17109375 0.1890625 0.1140625 0.121875
4 0.13203125 0.03359375 0.1015625 0.0671875
4 0.3328125 0.0671875 0.096875 0.134375
4 0.146875 0.31640625 0.29375 0.3046875
5 0.34765625 0.25625 0.1671875 0.425
5 0.0859375 0.234375 0.171875 0.46875
5 0.13359375 0.053125 0.1234375 0.10625
5 0.31328125 0.17109375 0.1984375 0.3421875
5 0.178125 0.234375 0.35625 0.46875
8 0.48671875 0.89921875 0.1109375 0.2015625
9 0.6609375 0.69140625 0.0359375 0.0359375
8 0.7421875 0.734375 0.515625 0.53125
6 0.08671875 0.73984375 0.1734375 0.4796875
3 0.2171875 0.94921875 0.0796875 0.0828125
2 0.253125 0.79453125 0.1046875 0.09375
5 0.18515625 0.84765625 0.3703125 0.3046875