8 0.1375 0.340625 0.275 0.496875
5 0.00390625 0.24296875 0.0078125 0.0359375
6 0.93359375 0.221875 0.015625 0.0421875
6 0.81484375 0.19375 0.0140625 0.0390625
6 0.66796875 0.15234375 0.0140625 0.0375
6 0.9984375 0.21875 0.003125 0.03125
6 0.87578125 0.19453125 0.0109375 0.028125
6 0.70625 0.4625 0.06875 0.18125
6 0.634375 0.14296875 0.0125 0.03125
6 0.77578125 0.16953125 0.0125 0.034375
6 0.621875 0.13984375 0.0109375 0.03125
6 0.47109375 0.0984375 0.009375 0.021875
6 0.53515625 0.11015625 0.009375 0.0203125
6 0.59375 0.12109375 0.009375 0.0203125
6 0.6453125 0.1421875 0.009375 0.021875
6 0.66171875 0.13359375 0.009375 0.01875
6 0.71328125 0.14296875 0.009375 0.0171875
6 0.7234375 0.1703125 0.015625 0.034375
6 0.7203125 0.15859375 0.0078125 0.0234375
6 0.71796875 0.15546875 0.00625 0.0203125
6 0.76015625 0.15390625 0.009375 0.0171875
6 0.78515625 0.1671875 0.0078125 0.021875
6 0.79296875 0.16953125 0.009375 0.021875
6 0.84921875 0.17890625 0.009375 0.021875
6 0.86953125 0.184375 0.0078125 0.021875
6 0.92734375 0.19453125 0.0078125 0.021875
6 0.97421875 0.203125 0.0078125 0.0171875
6 0.984375 0.203125 0.0078125 0.0171875
6 0.96796875 0.1890625 0.00625 0.0140625
6 0.996875 0.19453125 0.00625 0.0125
1 0.19765625 0.9140625 0.3953125 0.171875
2 0.2296875 0.70234375 0.459375 0.2265625
4 0.2296875 0.9546875 0.459375 0.090625
5 0.2296875 0.79453125 0.459375 0.4109375