3 0.1609375 0.10625 0.278125 0.2125
7 0.15 0.31484375 0.3 0.3890625
5 0.15 0.2546875 0.3 0.509375
0 0.67421875 0.0765625 0.0234375 0.0359375
0 0.5828125 0.04921875 0.025 0.040625
0 0.73828125 0.278125 0.021875 0.0328125
0 0.80546875 0.2890625 0.01875 0.0328125
7 0.80078125 0.296875 0.040625 0.0578125
7 0.67109375 0.09140625 0.0359375 0.059375
7 0.590625 0.0671875 0.059375 0.0828125
5 0.60546875 0.0328125 0.0734375 0.065625
5 0.60703125 0.0890625 0.0921875 0.1296875
5 0.67734375 0.11171875 0.0625 0.1046875
5 0.73828125 0.29765625 0.0375 0.0859375
5 0.8015625 0.31171875 0.04375 0.0875
1 0.20234375 0.85703125 0.1953125 0.2859375
2 0.1859375 0.5859375 0.228125 0.153125
5 0.15 0.7546875 0.3 0.490625
6 0.796875 0.7546875 0.40625 0.490625
4 0.63359375 0.95390625 0.1609375 0.0921875
3 0.70234375 0.7859375 0.109375 0.15
5 0.6453125 0.7546875 0.34375 0.490625