1 0.190625 0.2359375 0.38125 0.30625
2 0.19921875 0.0296875 0.3984375 0.059375
4 0.27421875 0.4328125 0.5484375 0.2125
5 0.31015625 0.26953125 0.6203125 0.5390625
9 0.93515625 0.6296875 0.1296875 0.18125
6 0.453125 0.75234375 0.0515625 0.103125
6 0.26640625 0.63984375 0.0265625 0.059375
6 0.15859375 0.60078125 0.0171875 0.04375
6 0.11328125 0.5828125 0.0125 0.034375
6 0.009375 0.6421875 0.01875 0.06875
6 0.3859375 0.60859375 0.009375 0.0265625
6 0.45546875 0.61875 0.009375 0.0265625
6 0.51171875 0.62421875 0.0078125 0.025
6 0.35 0.5921875 0.009375 0.021875
6 0.08515625 0.5734375 0.009375 0.0203125
9 0.2984375 0.8390625 0.596875 0.321875