8 0.94921875 0.26953125 0.1015625 0.3859375
8 0.71875 0.31484375 0.496875 0.6296875
5 0.6703125 0.54140625 0.0859375 0.134375
5 0.659375 0.30625 0.03125 0.0578125
7 0.65625 0.29921875 0.0109375 0.0203125
7 0.68671875 0.52890625 0.034375 0.0578125
3 0.6828125 0.49296875 0.0125 0.0109375
2 0.68046875 0.4796875 0.0125 0.009375
0 0.65 0.28671875 0.009375 0.0109375
9 0.23515625 0.31484375 0.4703125 0.6296875
3 0.153125 0.1078125 0.1125 0.2
5 0.23515625 0.31484375 0.4703125 0.6296875
7 0.24375 0.3265625 0.453125 0.60625
7 0.25 0.82734375 0.021875 0.0171875
5 0.24765625 0.81953125 0.028125 0.0359375
8 0.2921875 0.81484375 0.35625 0.3703125