8 0.8421875 0.24765625 0.315625 0.4421875
7 0.821875 0.365625 0.0203125 0.025
5 0.8234375 0.3734375 0.034375 0.05625
8 0.6359375 0.4203125 0.15 0.096875
6 0.1171875 0.1796875 0.234375 0.359375
3 0.29453125 0.321875 0.08125 0.0828125
2 0.32421875 0.165625 0.1046875 0.0921875
4 0.2609375 0.41875 0.20625 0.1
5 0.22109375 0.27109375 0.4421875 0.3953125
8 0.85625 0.59375 0.2875 0.25
8 0.68984375 0.7078125 0.2578125 0.478125
9 0.97265625 0.5890625 0.0546875 0.046875
5 0.58828125 0.55390625 0.0546875 0.0921875
8 0.28046875 0.734375 0.5609375 0.53125