8 0.29453125 0.2421875 0.5890625 0.453125
2 0.08671875 0.26171875 0.0328125 0.01875
5 0.10859375 0.31953125 0.121875 0.1390625
4 0.6953125 0.02890625 0.2125 0.0578125
4 0.64609375 0.25546875 0.1140625 0.1890625
0 0.640625 0.140625 0.103125 0.0625
2 0.86015625 0.0234375 0.0765625 0.046875
3 0.81171875 0.034375 0.0390625 0.0328125
5 0.7453125 0.09453125 0.3125 0.1890625
5 0.68125 0.284375 0.184375 0.36875
7 0.28671875 0.5125 0.0171875 0.03125
0 0.28828125 0.48984375 0.00625 0.009375
5 0.2828125 0.528125 0.03125 0.0859375
9 0.575 0.48984375 0.028125 0.0421875
8 0.428125 0.66484375 0.209375 0.340625
5 0.32578125 0.75859375 0.053125 0.0984375
8 0.29453125 0.734375 0.5890625 0.53125
3 0.87109375 0.78828125 0.0078125 0.0171875
2 0.684375 0.72890625 0.0125 0.0140625
2 0.6578125 0.72421875 0.0109375 0.0125
2 0.8890625 0.7671875 0.015625 0.0203125
2 0.87578125 0.77734375 0.0125 0.0171875
3 0.68203125 0.740625 0.0078125 0.0109375
3 0.65546875 0.740625 0.0078125 0.0078125
4 0.871875 0.83828125 0.028125 0.078125
4 0.8828125 0.83359375 0.0203125 0.0703125
4 0.89140625 0.821875 0.021875 0.0796875
2 0.88359375 0.78046875 0.009375 0.015625
5 0.8875 0.840625 0.059375 0.1703125
5 0.87734375 0.8515625 0.0671875 0.159375
5 0.859375 0.85546875 0.06875 0.1734375
5 0.64609375 0.79921875 0.0515625 0.171875
5 0.66640625 0.81015625 0.0578125 0.184375