8 0.39921875 0.38828125 0.2203125 0.0609375
7 0.9515625 0.12421875 0.096875 0.2453125
5 0.9546875 0.209375 0.090625 0.41875
9 0.53984375 0.053125 0.0609375 0.10625
1 0.20078125 0.59609375 0.4015625 0.2515625
4 0.2546875 0.8375 0.509375 0.325
5 0.2546875 0.709375 0.509375 0.58125
7 0.96171875 0.7015625 0.0765625 0.265625
7 0.7515625 0.77578125 0.1125 0.259375
3 0.81953125 0.6921875 0.0265625 0.0671875
0 0.9890625 0.4953125 0.021875 0.075
0 0.8265625 0.634375 0.0609375 0.103125
5 0.78515625 0.7890625 0.1859375 0.421875
5 0.9328125 0.72734375 0.134375 0.5453125