9 0.1625 0.01484375 0.05 0.0296875
0 0.61953125 0.2234375 0.0234375 0.0125
9 0.01171875 0.6078125 0.0234375 0.03125
9 0.07734375 0.5828125 0.03125 0.0265625
9 0.04921875 0.59609375 0.0296875 0.025
8 0.3359375 0.5609375 0.0296875 0.0328125
9 0.3078125 0.575 0.0328125 0.0296875
3 0.3703125 0.62734375 0.0078125 0.0109375
0 0.37109375 0.6078125 0.01875 0.0328125
5 0.36640625 0.7046875 0.04375 0.228125
4 0.2265625 0.59765625 0.025 0.0578125
0 0.2234375 0.55390625 0.015625 0.0203125
5 0.2265625 0.640625 0.04375 0.196875
1 0.75078125 0.48359375 0.4984375 0.3296875
0 0.740625 0.28046875 0.45625 0.1015625
4 0.7046875 0.821875 0.590625 0.35625
5 0.7046875 0.61484375 0.590625 0.7703125