8 0.62578125 0.16875 0.1484375 0.259375
8 0.3953125 0.19375 0.2390625 0.20625
8 0.3890625 0.08984375 0.103125 0.096875
7 0.2046875 0.05859375 0.0078125 0.015625
0 0.20390625 0.04453125 0.00625 0.00625
5 0.2046875 0.05546875 0.0125 0.034375
6 0.13828125 0.790625 0.0359375 0.1
6 0.31640625 0.625 0.025 0.059375
6 0.60546875 0.634375 0.028125 0.05
6 0.56484375 0.58984375 0.0140625 0.0546875
9 0.3984375 0.884375 0.603125 0.23125
6 0.4515625 0.55 0.0109375 0.028125
6 0.6546875 0.56484375 0.00625 0.0265625
6 0.66328125 0.565625 0.009375 0.0125
6 0.59609375 0.5421875 0.00625 0.015625
6 0.54375 0.5328125 0.0046875 0.015625
6 0.52890625 0.54765625 0.0046875 0.0203125
6 0.52109375 0.5484375 0.0109375 0.0140625
6 0.5140625 0.56328125 0.009375 0.021875
6 0.48984375 0.53515625 0.0046875 0.0140625
6 0.48671875 0.5296875 0.003125 0.0109375
6 0.42890625 0.528125 0.003125 0.0109375
6 0.41640625 0.5328125 0.0046875 0.0125
6 0.37734375 0.53359375 0.0046875 0.015625
6 0.36484375 0.54921875 0.00625 0.021875
6 0.2875 0.55625 0.0046875 0.0171875
6 0.3296875 0.58671875 0.009375 0.0296875
6 0.24140625 0.584375 0.0125 0.034375
6 0.203125 0.56796875 0.0078125 0.0234375
6 0.175 0.5546875 0.0046875 0.0140625
6 0.10078125 0.58984375 0.00625 0.0234375
6 0.13046875 0.61171875 0.0125 0.03125
6 0.02421875 0.64296875 0.0171875 0.0375
8 0.85 0.90390625 0.3 0.1921875