6 0.0125 0.20703125 0.025 0.0609375
6 0.16953125 0.265625 0.0375 0.103125
6 0.178125 0.20234375 0.0203125 0.059375
6 0.28671875 0.1953125 0.0234375 0.0640625
6 0.371875 0.19375 0.025 0.059375
4 0.2125 0.21640625 0.03125 0.053125
2 0.2171875 0.16953125 0.0171875 0.021875
5 0.21796875 0.21640625 0.0625 0.121875
4 0.7046875 0.3046875 0.590625 0.128125
1 0.61015625 0.09296875 0.4015625 0.1859375
5 0.7046875 0.184375 0.590625 0.36875
7 0.075 0.71171875 0.025 0.059375
3 0.075 0.67890625 0.00625 0.0140625
0 0.071875 0.6546875 0.0203125 0.028125
8 0.2046875 0.684375 0.409375 0.63125
9 0.98203125 0.7984375 0.0359375 0.159375
0 0.48984375 0.48125 0.05625 0.06875
4 0.471875 0.63828125 0.08125 0.184375
5 0.471875 0.72265625 0.09375 0.5546875