8 0.57109375 0.21640625 0.4203125 0.4078125
8 0.16953125 0.21953125 0.3390625 0.4390625
2 0.2140625 0.0765625 0.01875 0.0171875
3 0.21171875 0.10234375 0.015625 0.01875
7 0.1875 0.13515625 0.025 0.0671875
5 0.196875 0.15625 0.103125 0.1828125
3 0.9484375 0.509375 0.0609375 0.0609375
3 0.66640625 0.465625 0.0640625 0.053125
3 0.390625 0.52578125 0.059375 0.0671875
4 0.39921875 0.678125 0.0765625 0.303125
7 0.64296875 0.68515625 0.2625 0.4765625
4 0.9046875 0.746875 0.190625 0.48125
5 0.8296875 0.71953125 0.340625 0.5609375
5 0.6109375 0.71953125 0.43125 0.5609375
5 0.44921875 0.71953125 0.1765625 0.5609375