8 0.7875 0.334375 0.425 0.66875
9 0.796875 0.6203125 0.3875 0.096875
9 0.73125 0.5140625 0.321875 0.309375
9 0.30703125 0.00390625 0.0453125 0.0078125
9 0.4328125 0.0171875 0.0625 0.034375
9 0.409375 0.0140625 0.05 0.028125
9 0.5203125 0.01953125 0.05625 0.0390625
8 0.2015625 0.15859375 0.1125 0.1390625
8 0.51171875 0.284375 0.1171875 0.25625
5 0.78515625 0.834375 0.4296875 0.33125
4 0.28515625 0.8671875 0.5703125 0.265625
1 0.23515625 0.76171875 0.4703125 0.1859375
5 0.28515625 0.834375 0.5703125 0.33125