2 0.7890625 0.14140625 0.028125 0.0265625
3 0.7859375 0.17109375 0.015625 0.0203125
4 0.81640625 0.23828125 0.059375 0.11875
5 0.809375 0.2453125 0.1 0.2390625
1 0.32265625 0.41171875 0.4171875 0.4546875
2 0.39140625 0.15546875 0.2796875 0.2546875
5 0.265625 0.32578125 0.53125 0.6265625
4 0.8765625 0.81953125 0.246875 0.3609375
5 0.85 0.81953125 0.3 0.3609375
0 0.403125 0.8109375 0.146875 0.1375
0 0.13515625 0.921875 0.1140625 0.1203125
3 0.42890625 0.95078125 0.084375 0.0796875
5 0.36328125 0.8609375 0.3359375 0.278125
5 0.175 0.9234375 0.35 0.153125