8 0.20859375 0.2890625 0.325 0.3734375
8 0.2984375 0.284375 0.38125 0.56875
0 0.20078125 0.31640625 0.0046875 0.00625
7 0.1953125 0.334375 0.0109375 0.021875
5 0.19375 0.3421875 0.021875 0.0609375
9 0.1890625 0.3328125 0.046875 0.05625
8 0.15 0.29921875 0.0453125 0.0484375
8 0.0921875 0.31328125 0.0578125 0.059375
8 0.03828125 0.29296875 0.040625 0.0625
8 0.0203125 0.290625 0.040625 0.065625
8 0.00703125 0.2828125 0.0140625 0.078125
8 0.74453125 0.284375 0.5109375 0.56875
8 0.88671875 0.309375 0.2265625 0.51875
5 0.5609375 0.03671875 0.05 0.0734375
3 0.4546875 0.60078125 0.06875 0.0640625
7 0.31875 0.81171875 0.340625 0.3765625
5 0.29453125 0.784375 0.3890625 0.43125
3 0.65078125 0.75234375 0.1859375 0.3140625
7 0.59375 0.784375 0.209375 0.43125
0 0.8328125 0.771875 0.334375 0.40625
5 0.74453125 0.784375 0.5109375 0.43125