7 0.74609375 0.06015625 0.1296875 0.1203125
7 0.5171875 0.06953125 0.134375 0.1390625
5 0.53828125 0.134375 0.1953125 0.26875
5 0.753125 0.134375 0.196875 0.26875
6 0.23984375 0.77421875 0.03125 0.0453125
9 0.1328125 0.69375 0.265625 0.6125
3 0.3296875 0.5078125 0.05 0.1125
0 0.34453125 0.3796875 0.1296875 0.1375
7 0.33828125 0.7515625 0.1421875 0.496875
5 0.32109375 0.65234375 0.1765625 0.6953125
3 0.525 0.309375 0.0796875 0.0609375
4 0.53984375 0.46875 0.190625 0.26875
5 0.59453125 0.6046875 0.3703125 0.671875