8 0.471875 0.20546875 0.1375 0.1390625
8 0.25234375 0.23046875 0.10625 0.1125
8 0.14140625 0.17265625 0.0609375 0.0953125
9 0.16953125 0.1234375 0.028125 0.0328125
9 0.10703125 0.10859375 0.0328125 0.0328125
9 0.0734375 0.11171875 0.0203125 0.0203125
9 0.05703125 0.13203125 0.0359375 0.0390625
9 0.8546875 0.225 0.290625 0.45
1 0.42734375 0.8 0.2140625 0.240625
2 0.54765625 0.565625 0.2953125 0.23125
5 0.41796875 0.725 0.5828125 0.55
7 0.7890625 0.61796875 0.159375 0.2140625
3 0.79609375 0.52734375 0.0375 0.05
0 0.80234375 0.4703125 0.0609375 0.040625
5 0.80859375 0.725 0.1984375 0.55