0 0.659375 0.0921875 0.103125 0.0828125
1 0.67421875 0.190625 0.078125 0.0828125
7 0.69453125 0.3484375 0.2078125 0.2671875
5 0.71640625 0.31796875 0.4421875 0.5640625
0 0.165625 0.2890625 0.2140625 0.3296875
3 0.16015625 0.47109375 0.059375 0.096875
7 0.121875 0.45078125 0.24375 0.2984375
5 0.17265625 0.359375 0.3453125 0.48125
6 0.76953125 0.6109375 0.0265625 0.021875
6 0.73515625 0.65703125 0.0359375 0.059375
6 0.64921875 0.78671875 0.0609375 0.109375
0 0.07109375 0.8 0.1421875 0.4
5 0.19140625 0.8 0.3828125 0.4