8 0.790625 0.25390625 0.41875 0.5078125
5 0.671875 0.034375 0.084375 0.06875
1 0.54765625 0.03125 0.0390625 0.0390625
1 0.10703125 0.01640625 0.0578125 0.0328125
1 0.1984375 0.04921875 0.021875 0.01875
1 0.23046875 0.03046875 0.0203125 0.0125
2 0.228125 0.00546875 0.025 0.0109375
2 0.19453125 0.0078125 0.0328125 0.015625
4 0.20390625 0.1046875 0.0609375 0.134375
5 0.2296875 0.01953125 0.03125 0.0390625
5 0.203125 0.0875 0.0625 0.175
5 0.121875 0.26484375 0.196875 0.5296875
5 0.334375 0.26484375 0.215625 0.5296875
5 0.44609375 0.26484375 0.1890625 0.5296875
5 0.54375 0.26484375 0.075 0.5296875
4 0.55703125 0.10546875 0.0484375 0.1390625
4 0.41875 0.12109375 0.10625 0.2421875
4 0.30703125 0.1390625 0.128125 0.2515625
4 0.12109375 0.1875 0.128125 0.29375
5 0.38515625 0.76484375 0.3140625 0.4703125