8 0.72578125 0.30703125 0.0671875 0.1796875
8 0.665625 0.4828125 0.1875 0.19375
6 0.66640625 0.35390625 0.0078125 0.0203125
7 0.60703125 0.38828125 0.0109375 0.0234375
0 0.60703125 0.37109375 0.00625 0.0078125
5 0.61015625 0.3921875 0.0171875 0.0515625
0 0.25390625 0.37734375 0.00625 0.00625
0 0.246875 0.3828125 0.0078125 0.009375
7 0.25625 0.39140625 0.009375 0.0140625
7 0.2484375 0.3984375 0.0125 0.021875
5 0.2484375 0.39921875 0.0140625 0.0421875
5 0.25859375 0.39765625 0.01875 0.05
8 0.8796875 0.40546875 0.240625 0.3484375
8 0.7953125 0.03359375 0.071875 0.0671875
5 0.88046875 0.35625 0.034375 0.05625
7 0.0078125 0.91875 0.015625 0.06875
5 0.68671875 0.97890625 0.0578125 0.0421875
4 0.6953125 0.99140625 0.025 0.0171875
8 0.5171875 0.8546875 0.2125 0.290625
8 0.47109375 0.78984375 0.5765625 0.4203125
7 0.68125 0.74296875 0.0171875 0.040625
0 0.66953125 0.721875 0.009375 0.0109375
5 0.6796875 0.75703125 0.03125 0.0859375
9 0.33125 0.6859375 0.0234375 0.065625
9 0.3640625 0.6890625 0.05625 0.08125
5 0.009375 0.93359375 0.01875 0.1203125
6 0.02109375 0.9796875 0.009375 0.0359375
8 0.16484375 0.621875 0.0359375 0.0546875
9 0.21015625 0.60078125 0.015625 0.021875
9 0.22578125 0.60546875 0.0171875 0.0234375
4 0.8796875 0.8609375 0.240625 0.278125
1 0.921875 0.67734375 0.15625 0.1953125
5 0.8796875 0.78984375 0.240625 0.4203125