1 0.0359375 0.0640625 0.071875 0.084375
7 0.06171875 0.234375 0.1234375 0.271875
5 0.10546875 0.2046875 0.2109375 0.409375
5 0.84765625 0.2046875 0.3046875 0.409375
5 0.67734375 0.2046875 0.3546875 0.409375
7 0.31328125 0.56015625 0.1359375 0.3015625
5 0.3171875 0.7046875 0.175 0.590625
5 0.4734375 0.7046875 0.053125 0.590625
8 0.5734375 0.61015625 0.146875 0.3265625
8 0.75 0.7046875 0.5 0.590625
2 0.7546875 0.49765625 0.0109375 0.0140625
4 0.75546875 0.5375 0.0171875 0.0421875
5 0.7453125 0.5328125 0.04375 0.0890625
3 0.75 0.51328125 0.009375 0.0109375