8 0.68046875 0.35078125 0.6390625 0.2359375
2 0.40546875 0.4046875 0.0171875 0.0234375
3 0.4078125 0.425 0.0125 0.009375
4 0.41015625 0.43828125 0.0296875 0.0390625
5 0.4046875 0.43125 0.065625 0.075
6 0.14609375 0.365625 0.1828125 0.20625
6 0.28671875 0.353125 0.1171875 0.23125
6 0.3484375 0.3140625 0.025 0.209375
8 0.7375 0.734375 0.525 0.53125
8 0.65078125 0.73515625 0.5796875 0.5296875
8 0.21171875 0.734375 0.2984375 0.53125
7 0.3296875 0.62890625 0.04375 0.040625
5 0.3296875 0.6296875 0.05625 0.075