8 0.11953125 0.27890625 0.2390625 0.5578125
8 0.11953125 0.2125 0.2390625 0.425
0 0.10625 0.190625 0.0140625 0.0125
3 0.10703125 0.20546875 0.009375 0.009375
4 0.10546875 0.221875 0.0171875 0.0328125
5 0.09921875 0.2265625 0.040625 0.084375
2 0.5203125 0.01875 0.071875 0.0375
4 0.7828125 0.0859375 0.125 0.171875
5 0.58984375 0.13984375 0.2265625 0.2796875
5 0.79921875 0.1390625 0.1640625 0.278125
8 0.11953125 0.70234375 0.2390625 0.2453125
1 0.66953125 0.76484375 0.48125 0.225
4 0.61953125 0.91953125 0.7609375 0.1609375
5 0.61953125 0.78984375 0.7609375 0.4203125