8 0.321875 0.24375 0.209375 0.1328125
4 0.22265625 0.30703125 0.0296875 0.053125
2 0.21796875 0.26328125 0.0140625 0.0109375
3 0.21796875 0.2765625 0.0125 0.0109375
5 0.2171875 0.3265625 0.05 0.140625
9 0.51875 0.27109375 0.121875 0.0421875
8 0.98515625 0.07421875 0.0296875 0.1484375
8 0.66640625 0.3625 0.1734375 0.353125
8 0.34453125 0.815625 0.3359375 0.36875
8 0.1109375 0.78828125 0.221875 0.3921875
7 0.76796875 0.871875 0.1953125 0.25625
1 0.7734375 0.715625 0.071875 0.06875
0 0.77109375 0.6046875 0.090625 0.078125
5 0.78984375 0.77734375 0.4203125 0.4453125