8 0.234375 0.31953125 0.46875 0.4984375
2 0.68828125 0.06328125 0.3765625 0.1265625
3 0.70859375 0.46328125 0.3328125 0.2109375
5 0.734375 0.284375 0.53125 0.56875
5 0.234375 0.7671875 0.46875 0.396875
6 0.61796875 0.9875 0.0140625 0.025
6 0.5984375 0.97109375 0.0109375 0.0171875
6 0.5875 0.9609375 0.00625 0.0140625
6 0.58046875 0.95546875 0.0046875 0.0125
6 0.57578125 0.95234375 0.0046875 0.0109375
6 0.56953125 0.94609375 0.00625 0.015625
6 0.475 0.97578125 0.0109375 0.01875
6 0.49921875 0.96015625 0.00625 0.0140625
6 0.50703125 0.95546875 0.0046875 0.0109375
6 0.51015625 0.953125 0.0046875 0.009375
6 0.51328125 0.94921875 0.003125 0.0140625
6 0.5671875 0.946875 0.003125 0.009375
6 0.5640625 0.9453125 0.003125 0.00625
6 0.55390625 0.94453125 0.0046875 0.00625
6 0.5375 0.94375 0.003125 0.00625
6 0.5203125 0.94375 0.003125 0.00625
6 0.50859375 0.94765625 0.003125 0.0078125
6 0.50625 0.94609375 0.003125 0.0078125
6 0.496875 0.9453125 0.003125 0.00625
6 0.484375 0.9453125 0.003125 0.00625
6 0.67734375 0.92734375 0.003125 0.00625
6 0.67421875 0.92265625 0.003125 0.0078125
2 0.73984375 0.9140625 0.00625 0.0046875
2 0.7140625 0.90390625 0.003125 0.0046875
2 0.703125 0.9203125 0.003125 0.0046875
2 0.69765625 0.9265625 0.003125 0.0046875
2 0.66796875 0.8953125 0.00625 0.00625
4 0.66640625 0.9125 0.009375 0.01875
4 0.71484375 0.91484375 0.0046875 0.0140625
4 0.74296875 0.925 0.00625 0.0109375
4 0.7140625 0.9265625 0.00625 0.0109375
5 0.73984375 0.93046875 0.015625 0.0390625
5 0.715625 0.91171875 0.009375 0.0203125
5 0.709375 0.93203125 0.0203125 0.034375
5 0.70390625 0.925 0.0078125 0.0125
5 0.6984375 0.9328125 0.0109375 0.01875
5 0.678125 0.934375 0.0046875 0.0234375
5 0.66796875 0.925 0.01875 0.0671875