8 0.06015625 0.175 0.1203125 0.209375
6 0.03671875 0.04765625 0.009375 0.0203125
7 0.09140625 0.08359375 0.0125 0.0234375
0 0.09296875 0.0671875 0.00625 0.00625
5 0.0890625 0.0875 0.0203125 0.0484375
0 0.428125 0.09375 0.0078125 0.00625
0 0.43359375 0.09921875 0.00625 0.009375
7 0.425 0.10625 0.009375 0.0140625
7 0.43046875 0.11328125 0.0125 0.021875
5 0.43125 0.1140625 0.0171875 0.040625
5 0.42109375 0.11171875 0.0203125 0.046875
7 0.775 0.103125 0.45 0.20625
5 0.775 0.10859375 0.45 0.2171875
5 0.275 0.63984375 0.55 0.7203125
4 0.20859375 0.84921875 0.4171875 0.3015625
1 0.26015625 0.67421875 0.221875 0.259375
2 0.325 0.36640625 0.234375 0.1734375
9 0.92578125 0.47734375 0.1484375 0.3203125
2 0.8546875 0.37578125 0.225 0.1921875
2 0.66875 0.4046875 0.2375 0.25
3 0.78671875 0.496875 0.1140625 0.121875
3 0.58671875 0.65234375 0.0734375 0.1953125
4 0.746875 0.32734375 0.1 0.0953125
4 0.946875 0.365625 0.096875 0.1546875
4 0.7296875 0.72890625 0.3515625 0.5125
5 0.93828125 0.67421875 0.1234375 0.6515625
5 0.66640625 0.63984375 0.2328125 0.7203125
5 0.74765625 0.346875 0.1234375 0.134375
5 0.915625 0.4640625 0.16875 0.36875
5 0.75703125 0.63984375 0.4140625 0.7203125