0 0.065625 0.15546875 0.059375 0.1015625
0 0.15703125 0.0328125 0.1328125 0.065625
7 0.1234375 0.29296875 0.228125 0.3125
5 0.04375 0.25 0.0875 0.284375
4 0.0328125 0.27890625 0.065625 0.1515625
5 0.13984375 0.234375 0.2796875 0.46875
9 0.95078125 0.04296875 0.0984375 0.0859375
7 0.89296875 0.0609375 0.1578125 0.121875
5 0.7359375 0.14765625 0.190625 0.2953125
5 0.821875 0.234375 0.35625 0.46875
9 0.1734375 0.92109375 0.109375 0.1578125
9 0.3453125 0.9359375 0.1078125 0.1046875
7 0.26796875 0.87421875 0.1453125 0.2515625
7 0.06015625 0.821875 0.09375 0.1796875
3 0.296875 0.7375 0.0375 0.046875
3 0.071875 0.7078125 0.0109375 0.0265625
0 0.09375 0.6765625 0.05625 0.0734375
0 0.30546875 0.66875 0.05 0.0625
5 0.24296875 0.7421875 0.2984375 0.515625
5 0.075 0.7859375 0.15 0.428125
8 0.84296875 0.734375 0.3140625 0.53125
4 0.96796875 0.49921875 0.0265625 0.0546875
5 0.96328125 0.49921875 0.0421875 0.0609375