8 0.17109375 0.19453125 0.3421875 0.3890625
2 0.31875 0.009375 0.05 0.01875
2 0.0796875 0.01015625 0.04375 0.0203125
3 0.0796875 0.034375 0.0234375 0.01875
4 0.0546875 0.09609375 0.0625 0.1046875
4 0.32109375 0.07578125 0.1046875 0.1515625
5 0.31640625 0.18671875 0.2546875 0.3734375
5 0.2734375 0.05234375 0.15 0.1046875
5 0.07890625 0.1640625 0.1578125 0.328125
5 0.85859375 0.19453125 0.2828125 0.3890625
8 0.5828125 0.5328125 0.246875 0.2875
2 0.86171875 0.5609375 0.028125 0.0265625
3 0.84765625 0.58671875 0.015625 0.0203125
4 0.8515625 0.659375 0.0609375 0.1171875
5 0.84296875 0.66328125 0.1015625 0.2375