8 0.4203125 0.19375 0.51875 0.3875
5 0.553125 0.08828125 0.0328125 0.0546875
8 0.76796875 0.26953125 0.1765625 0.5390625
8 0.83984375 0.19375 0.3203125 0.3875
7 0.79296875 0.20234375 0.03125 0.0421875
5 0.79140625 0.2015625 0.0375 0.0515625
0 0.590625 0.9515625 0.178125 0.096875
0 0.96640625 0.9671875 0.0671875 0.065625
0 0.9484375 0.80078125 0.103125 0.1078125
0 0.75234375 0.86015625 0.0703125 0.040625
3 0.97578125 0.828125 0.0484375 0.0375
4 0.7484375 0.93125 0.0765625 0.08125
4 0.89296875 0.90859375 0.2140625 0.1828125
5 0.75703125 0.91328125 0.103125 0.14375
5 0.8921875 0.87109375 0.215625 0.2578125