8 0.43671875 0.33984375 0.2640625 0.4546875
2 0.51796875 0.27109375 0.0171875 0.0171875
3 0.5203125 0.296875 0.0078125 0.0109375
4 0.52421875 0.321875 0.040625 0.0484375
5 0.5125 0.334375 0.0875 0.1453125
5 0.390625 0.17421875 0.034375 0.0796875
8 0.85625 0.409375 0.2875 0.7
7 0.92421875 0.31796875 0.0390625 0.0375
5 0.925 0.31875 0.0515625 0.06875
4 0.284375 0.8796875 0.56875 0.240625
5 0.284375 0.8796875 0.56875 0.240625
0 0.76484375 0.79609375 0.1984375 0.0734375
4 0.6109375 0.859375 0.084375 0.2
4 0.9625 0.93203125 0.075 0.1171875
5 0.63125 0.8796875 0.125 0.240625
5 0.77578125 0.8796875 0.2421875 0.240625
5 0.9578125 0.85625 0.084375 0.19375
5 0.953125 0.8796875 0.09375 0.240625