8 0.14921875 0.228125 0.2984375 0.315625
0 0.12421875 0.8703125 0.053125 0.0484375
5 0.1171875 0.9203125 0.16875 0.159375
3 0.13515625 0.90234375 0.028125 0.0234375
4 0.1046875 0.95390625 0.09375 0.0921875
0 0.7765625 0.540625 0.2125 0.18125
0 0.384375 0.61640625 0.109375 0.2109375
0 0.67421875 0.80546875 0.1578125 0.15625
0 0.39296875 0.803125 0.1265625 0.225
0 0.36953125 0.94609375 0.0796875 0.1078125
0 0.696875 0.703125 0.165625 0.1375
4 0.70625 0.62109375 0.1109375 0.1296875
4 0.56796875 0.68125 0.1953125 0.240625
2 0.5921875 0.53515625 0.109375 0.1078125
3 0.51171875 0.58359375 0.04375 0.0484375
4 0.375 0.4765625 0.090625 0.053125
4 0.58203125 0.85703125 0.1359375 0.128125
4 0.56796875 0.96953125 0.1609375 0.0609375
5 0.5953125 0.9625 0.30625 0.075
5 0.6234375 0.82421875 0.321875 0.221875
5 0.74765625 0.59609375 0.25625 0.2828125
5 0.55546875 0.634375 0.3546875 0.36875
5 0.38359375 0.6140625 0.1078125 0.215625