8 0.21640625 0.21484375 0.4328125 0.4296875
8 0.41484375 0.2734375 0.6140625 0.3125
7 0.190625 0.1171875 0.0328125 0.040625
5 0.18828125 0.1140625 0.0375 0.05
8 0.890625 0.7296875 0.190625 0.271875
5 0.8125 0.99140625 0.01875 0.0171875
6 0.640625 0.58984375 0.053125 0.0859375
6 0.45859375 0.559375 0.028125 0.05625
6 0.31328125 0.5765625 0.025 0.0390625
6 0.18359375 0.62578125 0.021875 0.0375
6 0.11328125 0.6578125 0.0171875 0.0328125
6 0.10625 0.6453125 0.0140625 0.0328125
6 0.16875 0.5984375 0.0125 0.028125
6 0.21640625 0.56328125 0.0125 0.025
6 0.09453125 0.82734375 0.046875 0.09375
6 0.04375 0.77109375 0.025 0.0578125
6 0.00703125 0.71328125 0.0109375 0.028125
6 0.02578125 0.67265625 0.009375 0.028125
6 0.03046875 0.6671875 0.009375 0.0296875
6 0.00859375 0.68046875 0.0109375 0.0296875
6 0.0046875 0.68046875 0.00625 0.028125
6 0.040625 0.6765625 0.009375 0.025
6 0.2484375 0.5375 0.0125 0.021875
6 0.23046875 0.534375 0.0078125 0.0171875
9 0.496875 0.78671875 0.4875 0.4265625
9 0.221875 0.5109375 0.0359375 0.0421875