8 0.221875 0.1953125 0.44375 0.390625
0 0.1984375 0.4765625 0.0796875 0.0390625
0 0.14296875 0.45234375 0.0515625 0.03125
3 0.1375 0.4765625 0.0359375 0.0140625
3 0.17734375 0.5 0.0265625 0.015625
7 0.12890625 0.5328125 0.090625 0.0953125
7 0.2140625 0.5625 0.125 0.1234375
5 0.1859375 0.59609375 0.1875 0.2859375
5 0.09453125 0.5609375 0.1890625 0.271875
0 0.20859375 0.31953125 0.009375 0.0046875
7 0.2078125 0.32890625 0.0171875 0.0140625
5 0.21015625 0.3328125 0.0234375 0.034375
0 0.203125 0.3453125 0.009375 0.0046875
7 0.20625 0.35703125 0.0171875 0.015625
5 0.20390625 0.36015625 0.0234375 0.034375
8 0.73984375 0.36953125 0.5203125 0.7390625
5 0.778125 0.36953125 0.3 0.7390625
7 0.721875 0.23125 0.1171875 0.3328125
2 0.07890625 0.83828125 0.1578125 0.1578125
5 0.16171875 0.87578125 0.3234375 0.2484375
5 0.32734375 0.86953125 0.3046875 0.2609375
0 0.98046875 0.87890625 0.0390625 0.0453125
0 0.83359375 0.86875 0.040625 0.0421875
0 0.80859375 0.8890625 0.025 0.0390625
3 0.80703125 0.909375 0.0109375 0.0140625
3 0.83984375 0.8984375 0.0109375 0.0171875
3 0.98203125 0.91171875 0.0171875 0.0203125
3 0.77734375 0.90859375 0.0140625 0.0140625
5 0.8015625 0.9359375 0.040625 0.128125
5 0.82109375 0.92421875 0.0765625 0.1515625
5 0.765625 0.92734375 0.084375 0.1453125
0 0.7859375 0.88046875 0.0375 0.04375
0 0.49296875 0.8015625 0.0265625 0.05625
7 0.50546875 0.92578125 0.0515625 0.1484375
5 0.51015625 0.8859375 0.0609375 0.228125
5 0.9578125 0.9265625 0.084375 0.146875
7 0.76015625 0.95 0.0515625 0.1
7 0.82421875 0.9453125 0.0609375 0.109375
7 0.96484375 0.9546875 0.0578125 0.090625
7 0.98984375 0.9453125 0.0203125 0.090625