8 0.0875 0.24609375 0.175 0.3453125
5 0.05078125 0.2921875 0.01875 0.0375
7 0.053125 0.296875 0.0171875 0.0234375
6 0.86171875 0.3515625 0.0359375 0.0671875
6 0.59921875 0.32890625 0.0203125 0.0546875
6 0.46953125 0.328125 0.01875 0.04375
9 0.71484375 0.45625 0.5703125 0.165625
4 0.76484375 0.1796875 0.0109375 0.0265625
5 0.765625 0.18984375 0.0171875 0.0703125
4 0.7515625 0.68515625 0.221875 0.2921875
4 0.46328125 0.7265625 0.0671875 0.375
5 0.721875 0.76953125 0.328125 0.4609375
5 0.51796875 0.76953125 0.1765625 0.4609375