8 0.25546875 0.28125 0.4109375 0.4375
4 0.246875 0.32265625 0.0265625 0.03125
0 0.24375 0.29140625 0.0125 0.0109375
3 0.24609375 0.30546875 0.009375 0.009375
5 0.2421875 0.3171875 0.0453125 0.0625
8 0.76484375 0.0984375 0.4703125 0.196875
8 0.31015625 0.81484375 0.3796875 0.3703125
8 0.21484375 0.51875 0.1609375 0.0375
4 0.22421875 0.76953125 0.015625 0.0234375
2 0.21875 0.75078125 0.0078125 0.009375
5 0.2234375 0.76328125 0.0296875 0.0375
9 0.90234375 0.51796875 0.0671875 0.0359375
6 0.8265625 0.54609375 0.0109375 0.015625
6 0.81328125 0.54921875 0.0125 0.015625
6 0.796875 0.553125 0.0109375 0.015625
6 0.78203125 0.55703125 0.0109375 0.01875
6 0.77109375 0.559375 0.0109375 0.0203125
6 0.7625 0.56171875 0.0125 0.01875
9 0.6171875 0.5515625 0.1109375 0.0890625
9 0.7359375 0.5609375 0.040625 0.03125
8 0.7328125 0.64296875 0.128125 0.1234375