8 0.31484375 0.2296875 0.6296875 0.459375
2 0.0859375 0.09921875 0.0234375 0.025
3 0.08984375 0.1234375 0.0171875 0.0171875
4 0.090625 0.1625 0.028125 0.05625
5 0.10234375 0.17421875 0.0671875 0.1796875
1 0.89140625 0.01171875 0.0390625 0.0234375
1 0.6890625 0.09453125 0.0359375 0.0484375
2 0.6875 0.0375 0.0484375 0.0421875
4 0.90859375 0.18125 0.10625 0.290625
4 0.69375 0.23359375 0.1046875 0.225
5 0.915625 0.2296875 0.16875 0.459375
5 0.70078125 0.2359375 0.1421875 0.446875
8 0.31484375 0.7015625 0.6296875 0.484375
4 0.90546875 0.7390625 0.1890625 0.521875
5 0.84140625 0.7296875 0.3171875 0.540625