8 0.74453125 0.28125 0.4109375 0.4375
4 0.753125 0.32265625 0.0265625 0.03125
0 0.75625 0.29140625 0.0125 0.0109375
3 0.75390625 0.30546875 0.009375 0.009375
5 0.7578125 0.3171875 0.0453125 0.0625
8 0.23515625 0.0984375 0.4703125 0.196875
8 0.68984375 0.81484375 0.3796875 0.3703125
8 0.78515625 0.51875 0.1609375 0.0375
4 0.77578125 0.76953125 0.015625 0.0234375
2 0.78125 0.75078125 0.0078125 0.009375
5 0.7765625 0.76328125 0.0296875 0.0375
9 0.09765625 0.51796875 0.0671875 0.0359375
6 0.1734375 0.54609375 0.0109375 0.015625
6 0.18671875 0.54921875 0.0125 0.015625
6 0.203125 0.553125 0.0109375 0.015625
6 0.21796875 0.55703125 0.0109375 0.01875
6 0.22890625 0.559375 0.0109375 0.0203125
6 0.2375 0.56171875 0.0125 0.01875
9 0.3828125 0.5515625 0.1109375 0.0890625
9 0.2640625 0.5609375 0.040625 0.03125
8 0.2671875 0.64296875 0.128125 0.1234375