8 0.353125 0.10859375 0.315625 0.2171875
8 0.4421875 0.109375 0.315625 0.21875
0 0.3546875 0.06171875 0.0046875 0.00625
7 0.3546875 0.08203125 0.0078125 0.0234375
5 0.35546875 0.08984375 0.0171875 0.0640625
9 0.3484375 0.0828125 0.04375 0.05625
8 0.29765625 0.0609375 0.0453125 0.046875
8 0.24296875 0.09296875 0.05625 0.059375
8 0.18203125 0.08984375 0.0359375 0.0640625
8 0.1609375 0.09609375 0.0453125 0.065625
8 0.12890625 0.0953125 0.046875 0.078125
8 0.09453125 0.10234375 0.059375 0.0765625
8 0.03828125 0.09609375 0.0484375 0.103125
8 0.021875 0.1109375 0.04375 0.0875
8 0.00703125 0.11796875 0.0140625 0.0765625
8 0.3328125 0.609375 0.41875 0.78125
8 0.8 0.609375 0.4 0.78125
5 0.93984375 0.609375 0.1203125 0.78125
7 0.95703125 0.62578125 0.0859375 0.3328125
3 0.946875 0.37890625 0.040625 0.0484375
2 0.93125 0.28046875 0.078125 0.1234375