8 0.2265625 0.1203125 0.425 0.240625
8 0.11953125 0.2921875 0.2390625 0.353125
2 0.2671875 0.06484375 0.0125 0.015625
7 0.2890625 0.0796875 0.028125 0.0375
5 0.28203125 0.08359375 0.04375 0.059375
4 0.48046875 0.47734375 0.0828125 0.1046875
0 0.59140625 0.07421875 0.1953125 0.14375
0 0.93125 0.11484375 0.103125 0.1203125
0 0.8703125 0.1015625 0.059375 0.0890625
4 0.86953125 0.30078125 0.1921875 0.1234375
4 0.80078125 0.2546875 0.109375 0.1140625
0 0.5234375 0.49921875 0.028125 0.0609375
0 0.578125 0.51328125 0.021875 0.0328125
0 0.63671875 0.42734375 0.109375 0.0703125
0 0.69140625 0.5078125 0.0765625 0.04375
0 0.803125 0.50625 0.1125 0.046875
5 0.59609375 0.1984375 0.2296875 0.3921875
5 0.82890625 0.1625 0.1734375 0.225
5 0.8640625 0.2265625 0.2609375 0.3375
5 0.93203125 0.19140625 0.1359375 0.3765625
3 0.6265625 0.515625 0.0625 0.028125
5 0.53359375 0.4984375 0.0328125 0.0625
5 0.60234375 0.46171875 0.1734375 0.1359375
5 0.69453125 0.50703125 0.0671875 0.0453125
5 0.08125 0.76484375 0.1625 0.4703125
8 0.71953125 0.76484375 0.5609375 0.4703125
9 0.546875 0.93359375 0.215625 0.1328125