1 0.19609375 0.034375 0.0734375 0.0640625
7 0.1734375 0.19296875 0.1734375 0.2546875
5 0.16875 0.2796875 0.3375 0.559375
6 0.8578125 0.4265625 0.1171875 0.1734375
6 0.63984375 0.121875 0.1203125 0.24375
6 0.940625 0.115625 0.11875 0.23125
6 0.63359375 0.51328125 0.0796875 0.0921875
6 0.79140625 0.52421875 0.0796875 0.0703125
6 0.634375 0.40234375 0.1078125 0.18125
8 0.28984375 0.7796875 0.5796875 0.440625
0 0.5109375 0.65625 0.03125 0.028125
7 0.50546875 0.715625 0.0765625 0.0578125
5 0.49296875 0.7015625 0.115625 0.1265625
4 0.81640625 0.86484375 0.3671875 0.2703125
5 0.78984375 0.7796875 0.4203125 0.440625