8 0.20703125 0.1453125 0.2453125 0.290625
8 0.0484375 0.15234375 0.096875 0.3046875
9 0.3546875 0.259375 0.090625 0.0625
6 0.3796875 0.26640625 0.0171875 0.0375
8 0.82734375 0.0359375 0.2046875 0.071875
8 0.7296875 0.175 0.540625 0.35
5 0.98203125 0.0578125 0.0359375 0.1
4 0.2 0.38671875 0.14375 0.0734375
4 0.2109375 0.503125 0.20625 0.284375
0 0.08359375 0.4296875 0.1109375 0.159375
3 0.109375 0.51640625 0.028125 0.0359375
5 0.346875 0.678125 0.10625 0.64375
5 0.21015625 0.4015625 0.2140625 0.103125
5 0.15546875 0.675 0.3109375 0.65
8 0.85859375 0.5078125 0.2828125 0.315625
8 0.7 0.66640625 0.6 0.6328125
4 0.57734375 0.3703125 0.01875 0.0359375
5 0.58515625 0.378125 0.0453125 0.05625