8 0.6859375 0.2234375 0.45 0.446875
8 0.8640625 0.40703125 0.271875 0.1640625
2 0.67578125 0.2796875 0.0125 0.015625
7 0.65546875 0.29609375 0.0265625 0.0359375
5 0.6625 0.3 0.0421875 0.0578125
8 0.39140625 0.11640625 0.028125 0.0296875
9 0.41875 0.12734375 0.0296875 0.028125
9 0.01953125 0.078125 0.0140625 0.0140625
3 0.3609375 0.1796875 0.0078125 0.0109375
0 0.359375 0.1609375 0.0171875 0.03125
5 0.3703125 0.25390625 0.0390625 0.2171875
4 0.92109375 0.603125 0.1578125 0.228125
5 0.8515625 0.74453125 0.296875 0.5109375
7 0.34921875 0.67421875 0.2234375 0.3703125
5 0.35546875 0.74453125 0.2109375 0.5109375