1 0.2890625 0.15078125 0.48125 0.3015625
4 0.26484375 0.2859375 0.5296875 0.365625
5 0.26484375 0.234375 0.5296875 0.46875
3 0.78125 0.071875 0.05625 0.0484375
0 0.81328125 0.0203125 0.1671875 0.040625
4 0.7390625 0.259375 0.278125 0.41875
5 0.734375 0.234375 0.409375 0.46875
5 0.60390625 0.234375 0.1484375 0.46875
5 0.1734375 0.55859375 0.2 0.1796875
5 0.6484375 0.79921875 0.2375 0.2140625
3 0.63046875 0.83984375 0.2 0.1015625
4 0.73046875 0.9453125 0.4015625 0.109375
5 0.76484375 0.7578125 0.4703125 0.484375