5 0.2546875 0.175 0.509375 0.35
1 0.1515625 0.2703125 0.303125 0.159375
2 0.1859375 0.0671875 0.371875 0.134375
6 0.8640625 0.22109375 0.0515625 0.1046875
6 0.865625 0.1578125 0.028125 0.0609375
6 0.76171875 0.1328125 0.0328125 0.065625
6 0.6796875 0.1171875 0.0328125 0.059375
4 0.8296875 0.16640625 0.0390625 0.05625
2 0.83203125 0.1203125 0.01875 0.0234375
5 0.8234375 0.16484375 0.078125 0.128125
8 0.5703125 0.78203125 0.121875 0.2546875
8 0.78671875 0.38984375 0.2046875 0.0796875
8 0.88203125 0.675 0.2359375 0.65