1 0.74921875 0.3375 0.5015625 0.31875
2 0.75234375 0.075 0.4953125 0.15
5 0.65 0.25 0.7 0.5
8 0.15 0.25 0.3 0.5
4 0.72578125 0.57578125 0.5484375 0.1515625
5 0.65 0.75 0.7 0.5
0 0.06171875 0.64765625 0.0234375 0.0390625
0 0.121875 0.803125 0.021875 0.034375
0 0.0375 0.7671875 0.025 0.0390625
0 0.1671875 0.99375 0.021875 0.0125
7 0.1171875 0.8171875 0.0359375 0.0578125
7 0.04296875 0.784375 0.0578125 0.0796875
7 0.06015625 0.67265625 0.046875 0.075
5 0.01328125 0.62734375 0.0265625 0.2140625
5 0.06484375 0.70625 0.071875 0.1609375
5 0.05703125 0.80703125 0.0890625 0.1265625
5 0.1234375 0.8375 0.0609375 0.1015625
5 0.16484375 0.98984375 0.0359375 0.0203125