1 0.26171875 0.16484375 0.5234375 0.3078125
4 0.36484375 0.38125 0.7296875 0.275
5 0.36484375 0.259375 0.7296875 0.51875
7 0.76171875 0.153125 0.0640625 0.30625
5 0.78828125 0.259375 0.1171875 0.51875
7 0.3953125 0.77734375 0.1203125 0.309375
7 0.234375 0.76328125 0.0859375 0.209375
0 0.37265625 0.53828125 0.0453125 0.0390625
0 0.23359375 0.61171875 0.0453125 0.0734375
5 0.2296875 0.759375 0.159375 0.48125
5 0.37265625 0.759375 0.3078125 0.48125
9 0.4078125 0.8109375 0.1828125 0.171875
9 0.534375 0.78671875 0.1109375 0.096875
4 0.91484375 0.72265625 0.1703125 0.4078125
5 0.79765625 0.759375 0.1359375 0.48125
5 0.87890625 0.759375 0.2421875 0.48125