2 0.2546875 0.265625 0.509375 0.259375
5 0.2546875 0.2671875 0.509375 0.303125
7 0.58671875 0.2328125 0.11875 0.33125
3 0.59921875 0.01015625 0.0390625 0.0203125
5 0.65546875 0.209375 0.2921875 0.41875
8 0.7546875 0.209375 0.490625 0.41875
9 0.34140625 0.57734375 0.29375 0.2890625
9 0.12109375 0.58515625 0.2421875 0.2921875
9 0.05625 0.77578125 0.1125 0.4484375
3 0.94609375 0.45859375 0.0875 0.0453125
7 0.8828125 0.625 0.234375 0.3
7 0.64296875 0.58671875 0.2671875 0.3359375
5 0.85859375 0.709375 0.2828125 0.58125
5 0.6640625 0.709375 0.309375 0.58125