1 0.6703125 0.31953125 0.459375 0.1203125
2 0.6578125 0.18203125 0.434375 0.2078125
5 0.7203125 0.2109375 0.559375 0.3375
2 0.02578125 0.171875 0.0515625 0.05625
2 0.121875 0.15546875 0.0640625 0.0546875
2 0.18984375 0.33359375 0.053125 0.059375
0 0.27578125 0.16015625 0.08125 0.0859375
3 0.43359375 0.27109375 0.0140625 0.0453125
3 0.2640625 0.25703125 0.0453125 0.053125
3 0.10625 0.259375 0.0375 0.0484375
3 0.01640625 0.28203125 0.0328125 0.0546875
4 0.08046875 0.334375 0.1421875 0.090625
7 0.24140625 0.32109375 0.1671875 0.1171875
5 0.10234375 0.24921875 0.2046875 0.2609375
5 0.25 0.2453125 0.2625 0.26875
5 0.36875 0.246875 0.14375 0.265625
1 0.5671875 0.91484375 0.253125 0.1703125
1 0.78984375 0.94609375 0.2515625 0.1078125