0 0.99375 0.1390625 0.0125 0.021875
0 0.9828125 0.1390625 0.0203125 0.0203125
0 0.95078125 0.1265625 0.0359375 0.034375
0 0.9125 0.09296875 0.0265625 0.0265625
0 0.875 0.0609375 0.04375 0.046875
0 0.878125 0.11953125 0.0765625 0.08125
0 0.80859375 0.13515625 0.0234375 0.0265625
0 0.7875 0.1203125 0.0125 0.0109375
7 0.78671875 0.1453125 0.0171875 0.03125
0 0.77265625 0.1171875 0.028125 0.028125
0 0.7328125 0.09140625 0.034375 0.0328125
0 0.66796875 0.096875 0.0265625 0.0265625
0 0.62109375 0.0984375 0.0234375 0.0265625
0 0.56796875 0.0859375 0.040625 0.0328125
0 0.5296875 0.0890625 0.04375 0.04375
7 0.515625 0.22421875 0.090625 0.1640625
7 0.55703125 0.17265625 0.0765625 0.121875
7 0.60859375 0.18125 0.071875 0.103125
7 0.653125 0.18359375 0.0453125 0.1109375
7 0.7140625 0.1859375 0.071875 0.1203125
7 0.75625 0.190625 0.059375 0.103125
7 0.79296875 0.19765625 0.0453125 0.0890625
7 0.90703125 0.17109375 0.0453125 0.0859375
7 0.971875 0.20390625 0.046875 0.078125
7 0.98828125 0.19921875 0.015625 0.0578125
7 0.98515625 0.26015625 0.0296875 0.1734375
7 0.93359375 0.2125 0.08125 0.1140625
7 0.8359375 0.17265625 0.0671875 0.140625
7 0.85546875 0.31953125 0.1265625 0.2625
3 0.99375 0.16171875 0.0078125 0.0109375
3 0.9796875 0.16015625 0.0109375 0.0109375
3 0.9484375 0.15703125 0.0203125 0.01875
0 0.96015625 0.1515625 0.0078125 0.0171875
3 0.91015625 0.11953125 0.015625 0.0140625
3 0.89296875 0.17578125 0.0109375 0.0296875
3 0.80625 0.15625 0.009375 0.0109375
3 0.76796875 0.14453125 0.015625 0.0140625
3 0.72734375 0.12265625 0.0203125 0.0171875
1 0.659375 0.12109375 0.0109375 0.021875
3 0.61640625 0.125 0.0171875 0.015625
3 0.56875 0.11875 0.015625 0.01875
3 0.53125 0.12734375 0.0171875 0.021875
5 0.52890625 0.2296875 0.1171875 0.334375
5 0.54765625 0.22421875 0.1 0.315625
5 0.6046875 0.2203125 0.1 0.2765625
5 0.63515625 0.22421875 0.1109375 0.29375
5 0.71171875 0.23125 0.109375 0.31875
5 0.78515625 0.13671875 0.0234375 0.0453125
5 0.7546875 0.23125 0.0890625 0.2609375
5 0.790625 0.22890625 0.0671875 0.221875
5 0.82734375 0.26875 0.1359375 0.471875
5 0.90859375 0.15859375 0.059375 0.1625
5 0.925 0.275 0.1265625 0.3421875
5 0.9671875 0.2296875 0.065625 0.209375
5 0.97734375 0.22109375 0.0453125 0.1890625
5 0.96875 0.32890625 0.0625 0.4421875
5 0.83984375 0.3109375 0.1890625 0.478125
5 0.28515625 0.275 0.3703125 0.55
4 0.3453125 0.3421875 0.25 0.415625
6 0.83671875 0.775 0.3265625 0.45
6 0.61640625 0.775 0.2921875 0.45
1 0.23515625 0.62734375 0.4703125 0.1546875
4 0.23515625 0.79140625 0.4703125 0.4171875
5 0.23515625 0.775 0.4703125 0.45