1 0.60859375 0.084375 0.2546875 0.16875
4 0.7109375 0.2578125 0.459375 0.384375
5 0.740625 0.225 0.51875 0.45
9 0.3546875 0.15 0.0359375 0.034375
9 0.29140625 0.1171875 0.0328125 0.028125
9 0.3171875 0.13359375 0.0296875 0.0265625
8 0.053125 0.0625 0.03125 0.034375
9 0.078125 0.078125 0.0328125 0.03125
3 0.0125 0.11953125 0.009375 0.0109375
0 0.0140625 0.10078125 0.021875 0.034375
5 0.02109375 0.19140625 0.0421875 0.2171875
4 0.15078125 0.11171875 0.03125 0.05625
0 0.159375 0.07109375 0.0171875 0.021875
5 0.14609375 0.15234375 0.0671875 0.1890625
1 0.70078125 0.64765625 0.4390625 0.3359375
2 0.7125 0.47109375 0.4625 0.0421875
4 0.740625 0.85703125 0.51875 0.2859375
5 0.740625 0.725 0.51875 0.55
8 0.240625 0.725 0.48125 0.55