0 0.2796875 0.1015625 0.0375 0.040625
0 0.371875 0.2203125 0.028125 0.0421875
0 0.41015625 0.37890625 0.025 0.0359375
0 0.33125 0.33515625 0.0296875 0.0421875
3 0.2859375 0.1296875 0.0171875 0.0140625
7 0.40390625 0.3921875 0.0421875 0.059375
7 0.33515625 0.35234375 0.0640625 0.084375
7 0.36640625 0.24453125 0.0546875 0.078125
7 0.28828125 0.15859375 0.0828125 0.1109375
5 0.290625 0.190625 0.1203125 0.2171875
5 0.36640625 0.278125 0.090625 0.1625
5 0.34609375 0.3765625 0.1015625 0.13125
5 0.40546875 0.4125 0.0703125 0.1046875
6 0.59140625 0.29765625 0.0609375 0.10625
6 0.80546875 0.23515625 0.0328125 0.0609375
6 0.921875 0.22578125 0.021875 0.04375
6 0.97109375 0.21953125 0.015625 0.034375
6 0.69609375 0.1734375 0.0109375 0.0265625
6 0.6265625 0.165625 0.0125 0.0265625
6 0.56953125 0.15703125 0.009375 0.025
6 0.7375 0.165625 0.0109375 0.0234375
6 0.9984375 0.215625 0.003125 0.021875
9 0.734375 0.3734375 0.53125 0.253125
5 0.0890625 0.875 0.040625 0.084375
8 0.25234375 0.8234375 0.4328125 0.353125
8 0.14609375 0.81640625 0.2921875 0.3671875
6 0.83359375 0.96171875 0.1328125 0.0765625
5 0.8515625 0.56796875 0.296875 0.1359375