4 0.98671875 0.08203125 0.0265625 0.1640625
4 0.9515625 0.0703125 0.0875 0.140625
4 0.88046875 0.065625 0.0671875 0.13125
4 0.81953125 0.04296875 0.0921875 0.0859375
4 0.7109375 0.06796875 0.11875 0.1359375
7 0.91640625 0.2578125 0.1671875 0.121875
7 0.6890625 0.253125 0.18125 0.13125
1 0.60859375 0.296875 0.0171875 0.04375
0 0.59609375 0.24453125 0.046875 0.0671875
5 0.58828125 0.26328125 0.0703125 0.1109375
5 0.74375 0.253125 0.28125 0.13125
5 0.90859375 0.25859375 0.1828125 0.1203125
5 0.715625 0.075 0.134375 0.15
3 0.49375 0.18125 0.0703125 0.146875
7 0.31640625 0.2140625 0.2578125 0.209375
5 0.36328125 0.159375 0.3546875 0.31875
8 0.3203125 0.52421875 0.440625 0.3546875
0 0.5 0.78828125 0.0734375 0.034375
0 0.446875 0.76796875 0.0484375 0.028125
3 0.44140625 0.78984375 0.034375 0.0125
3 0.4796875 0.8109375 0.0234375 0.0140625
7 0.434375 0.84375 0.084375 0.0859375
7 0.49921875 0.86875 0.0828125 0.1125
5 0.47265625 0.884375 0.1359375 0.23125
5 0.4 0.87265625 0.178125 0.2515625
0 0.50703125 0.63984375 0.0078125 0.0046875
7 0.50703125 0.64921875 0.015625 0.0125
5 0.50859375 0.65390625 0.021875 0.03125
0 0.5015625 0.665625 0.009375 0.0046875
7 0.5046875 0.67578125 0.015625 0.0140625
5 0.503125 0.67890625 0.021875 0.0328125