5 0.1734375 0.55703125 0.346875 0.3234375
7 0.59453125 0.25625 0.0796875 0.146875
1 0.58203125 0.17734375 0.0234375 0.0375
1 0.0484375 0.01796875 0.025 0.025
1 0.07734375 0.00390625 0.0265625 0.0078125
1 0.2984375 0.01171875 0.028125 0.0234375
1 0.1640625 0.0625 0.025 0.025
1 0.2671875 0.1453125 0.034375 0.034375
1 0.4859375 0.05859375 0.0375 0.0328125
2 0.1609375 0.02578125 0.0609375 0.0484375
2 0.2703125 0.08359375 0.0875 0.06875
2 0.4953125 0.015625 0.075 0.03125
4 0.4890625 0.12890625 0.0890625 0.134375
4 0.321875 0.07265625 0.0765625 0.1140625
4 0.21484375 0.2390625 0.1078125 0.190625
4 0.20078125 0.0375 0.0578125 0.075
4 0.13515625 0.1265625 0.0703125 0.140625
4 0.165625 0.00625 0.034375 0.0125
4 0.071875 0.05390625 0.0640625 0.0875
4 0.02578125 0.06953125 0.0515625 0.0953125
5 0.0453125 0.19140625 0.090625 0.3828125
5 0.06796875 0.1765625 0.1234375 0.353125
5 0.1171875 0.20625 0.14375 0.4125
5 0.21328125 0.03671875 0.0984375 0.0734375
5 0.24296875 0.23515625 0.2078125 0.39375
5 0.32734375 0.0921875 0.1515625 0.184375
5 0.496875 0.12734375 0.1625 0.2546875
5 0.5984375 0.2875 0.128125 0.35625
0 0.59921875 0.13046875 0.0453125 0.0546875
4 0.84453125 0.6328125 0.3109375 0.171875
2 0.846875 0.13671875 0.30625 0.2296875
5 0.84453125 0.359375 0.3109375 0.71875
3 0.84453125 0.48671875 0.3109375 0.3515625
8 0.38828125 0.84921875 0.6015625 0.2609375