1 0.778125 0.38125 0.275 0.115625
0 0.81328125 0.215625 0.3453125 0.21875
5 0.8203125 0.253125 0.359375 0.371875
3 0.54296875 0.184375 0.034375 0.0265625
3 0.503125 0.13984375 0.0234375 0.0203125
3 0.4375 0.14296875 0.0296875 0.0234375
3 0.4015625 0.13046875 0.0234375 0.021875
3 0.3421875 0.1484375 0.0234375 0.0234375
3 0.33203125 0.103125 0.01875 0.0203125
3 0.2953125 0.11953125 0.0234375 0.021875
3 0.253125 0.06015625 0.0265625 0.021875
3 0.2484375 0.12578125 0.0234375 0.021875
3 0.184375 0.06015625 0.021875 0.0203125
3 0.1859375 0.1234375 0.025 0.025
3 0.14765625 0.08828125 0.0234375 0.0234375
3 0.08203125 0.04140625 0.025 0.025
3 0.0328125 0.078125 0.0296875 0.025
3 0.11171875 0.10859375 0.0265625 0.0265625
0 0.0375 0.0375 0.0421875 0.0421875
0 0.08828125 0.01015625 0.0359375 0.0203125
0 0.11796875 0.06015625 0.0421875 0.0421875
0 0.153125 0.05078125 0.0359375 0.040625
0 0.1875 0.0265625 0.0328125 0.0359375
0 0.1921875 0.08046875 0.040625 0.0421875
0 0.26015625 0.025 0.0359375 0.034375
0 0.25625 0.08828125 0.0390625 0.0421875
0 0.29921875 0.0828125 0.0390625 0.040625
0 0.3421875 0.065625 0.0359375 0.0375
0 0.353125 0.10625 0.0421875 0.04375
0 0.40703125 0.0890625 0.0421875 0.0390625
0 0.4453125 0.0984375 0.0484375 0.0484375
0 0.509375 0.096875 0.046875 0.05
0 0.553125 0.12890625 0.0578125 0.05625
7 0.040625 0.1546875 0.08125 0.159375
7 0.071875 0.08046875 0.065625 0.0671875
7 0.09765625 0.1875 0.11875 0.1734375
7 0.17734375 0.20390625 0.0921875 0.15
7 0.146875 0.1171875 0.05 0.0640625
7 0.1890625 0.1 0.0671875 0.059375
7 0.2453125 0.109375 0.0828125 0.090625
7 0.2421875 0.21796875 0.090625 0.1609375
7 0.29296875 0.21015625 0.0671875 0.1453125
7 0.321875 0.13671875 0.03125 0.0375
7 0.3328125 0.22890625 0.103125 0.159375
7 0.3953125 0.17265625 0.059375 0.08125
7 0.42734375 0.22578125 0.1296875 0.165625
7 0.4828125 0.221875 0.0984375 0.1609375
7 0.5390625 0.27578125 0.15625 0.2171875
5 0.04609375 0.2234375 0.0921875 0.43125
5 0.05859375 0.190625 0.1171875 0.38125
5 0.08515625 0.23515625 0.1640625 0.4078125
5 0.128125 0.22734375 0.1171875 0.4
5 0.15859375 0.2 0.096875 0.3828125
5 0.16328125 0.2484375 0.1515625 0.38125
5 0.23046875 0.2015625 0.1390625 0.3984375
5 0.23046875 0.25078125 0.1328125 0.3765625
5 0.27421875 0.25 0.1171875 0.378125
5 0.309375 0.2421875 0.109375 0.3921875
5 0.3171875 0.259375 0.15625 0.359375
5 0.375 0.25 0.115625 0.378125
5 0.409375 0.253125 0.190625 0.371875
5 0.46796875 0.2515625 0.1515625 0.375
5 0.5171875 0.265625 0.221875 0.346875
1 0.68671875 0.69375 0.0921875 0.509375
1 0.875 0.75625 0.25 0.271875
8 0.5265625 0.85703125 0.228125 0.2859375
8 0.3546875 0.878125 0.38125 0.24375
8 0.08828125 0.796875 0.1765625 0.184375