1 0.25078125 0.3375 0.5015625 0.31875
2 0.24765625 0.075 0.4953125 0.15
5 0.35 0.25 0.7 0.5
8 0.85 0.25 0.3 0.5
4 0.27421875 0.57578125 0.5484375 0.1515625
5 0.35 0.75 0.7 0.5
0 0.93828125 0.64765625 0.0234375 0.0390625
0 0.878125 0.803125 0.021875 0.034375
0 0.9625 0.7671875 0.025 0.0390625
0 0.8328125 0.99375 0.021875 0.0125
7 0.8828125 0.8171875 0.0359375 0.0578125
7 0.95703125 0.784375 0.0578125 0.0796875
7 0.93984375 0.67265625 0.046875 0.075
5 0.98671875 0.62734375 0.0265625 0.2140625
5 0.93515625 0.70625 0.071875 0.1609375
5 0.94296875 0.80703125 0.0890625 0.1265625
5 0.8765625 0.8375 0.0609375 0.1015625
5 0.83515625 0.98984375 0.0359375 0.0203125