1 0.14453125 0.28515625 0.2890625 0.2828125
2 0.14453125 0.04296875 0.2890625 0.0859375
5 0.14453125 0.21484375 0.2890625 0.4296875
0 0.68359375 0.1578125 0.1625 0.0828125
3 0.6734375 0.0046875 0.046875 0.009375
3 0.70859375 0.21953125 0.03125 0.034375
4 0.43046875 0.0515625 0.06875 0.0734375
4 0.58125 0.0890625 0.2125 0.178125
4 0.63125 0.32265625 0.234375 0.2140625
5 0.440625 0.0515625 0.0875 0.103125
5 0.60703125 0.14140625 0.2515625 0.2828125
5 0.67578125 0.27578125 0.3671875 0.3078125
8 0.14453125 0.71015625 0.2890625 0.5609375
6 0.53203125 0.89140625 0.2734375 0.2171875
3 0.60546875 0.95703125 0.059375 0.0703125
2 0.60859375 0.78046875 0.0984375 0.0859375
5 0.56953125 0.86484375 0.3640625 0.2703125