1 0.3296875 0.31953125 0.459375 0.1203125
2 0.3421875 0.18203125 0.434375 0.2078125
5 0.2796875 0.2109375 0.559375 0.3375
2 0.97421875 0.171875 0.0515625 0.05625
2 0.878125 0.15546875 0.0640625 0.0546875
2 0.81015625 0.33359375 0.053125 0.059375
0 0.72421875 0.16015625 0.08125 0.0859375
3 0.56640625 0.27109375 0.0140625 0.0453125
3 0.7359375 0.25703125 0.0453125 0.053125
3 0.89375 0.259375 0.0375 0.0484375
3 0.98359375 0.28203125 0.0328125 0.0546875
4 0.91953125 0.334375 0.1421875 0.090625
7 0.75859375 0.32109375 0.1671875 0.1171875
5 0.89765625 0.24921875 0.2046875 0.2609375
5 0.75 0.2453125 0.2625 0.26875
5 0.63125 0.246875 0.14375 0.265625
1 0.4328125 0.91484375 0.253125 0.1703125
1 0.21015625 0.94609375 0.2515625 0.1078125