1 0.275 0.1515625 0.55 0.303125
4 0.275 0.29453125 0.55 0.3109375
5 0.275 0.225 0.55 0.45
6 0.99609375 0.20703125 0.0078125 0.0421875
6 0.88125 0.17890625 0.0140625 0.0390625
6 0.734375 0.1359375 0.0140625 0.0375
6 0.9421875 0.18046875 0.0109375 0.028125
6 0.76953125 0.40234375 0.0671875 0.0953125
6 0.7015625 0.125 0.0125 0.03125
6 0.84296875 0.153125 0.0125 0.034375
6 0.6890625 0.12265625 0.0109375 0.03125
6 0.6015625 0.0921875 0.009375 0.0203125
6 0.66015625 0.10390625 0.009375 0.0203125
6 0.7125 0.12421875 0.009375 0.021875
6 0.72890625 0.1171875 0.009375 0.01875
6 0.7796875 0.1265625 0.009375 0.0171875
6 0.78984375 0.153125 0.015625 0.034375
6 0.78671875 0.14140625 0.0078125 0.0234375
6 0.78515625 0.1390625 0.00625 0.0203125
6 0.82734375 0.13671875 0.009375 0.0171875
6 0.85234375 0.15078125 0.0078125 0.021875
6 0.859375 0.1546875 0.009375 0.021875
6 0.915625 0.16328125 0.009375 0.021875
6 0.9359375 0.1703125 0.0078125 0.021875
6 0.99375 0.18125 0.0078125 0.021875
6 0.52265625 0.60625 0.0546875 0.1125