1 0.8265625 0.2328125 0.346875 0.34375
4 0.73046875 0.41171875 0.5390625 0.3140625
5 0.73046875 0.284375 0.5390625 0.56875
7 0.1328125 0.2625 0.1140625 0.3140625
3 0.15625 0.04140625 0.0390625 0.0453125
5 0.10703125 0.284375 0.2140625 0.56875
8 0.23046875 0.284375 0.4609375 0.56875
6 0.99375 0.7765625 0.0125 0.040625
6 0.878125 0.75078125 0.0140625 0.0375
6 0.73203125 0.71015625 0.0125 0.0359375
6 0.9375 0.7515625 0.0109375 0.028125
6 0.7734375 0.9625 0.0625 0.075
6 0.69921875 0.7015625 0.0109375 0.03125
6 0.8390625 0.72578125 0.0109375 0.0328125
6 0.6875 0.6984375 0.0109375 0.0296875
6 0.53828125 0.659375 0.009375 0.0203125
6 0.6015625 0.6703125 0.009375 0.0203125
6 0.659375 0.68046875 0.009375 0.0203125
6 0.7109375 0.7 0.009375 0.021875
6 0.7265625 0.69296875 0.0078125 0.01875
6 0.77734375 0.70078125 0.0078125 0.0171875
6 0.7875 0.728125 0.0140625 0.034375
6 0.784375 0.71640625 0.0078125 0.0234375
6 0.78203125 0.71328125 0.00625 0.0203125
6 0.82421875 0.7109375 0.0078125 0.015625
6 0.8484375 0.72421875 0.0078125 0.021875
6 0.85625 0.7265625 0.0078125 0.0203125
6 0.9109375 0.73515625 0.0078125 0.0203125
6 0.93125 0.74140625 0.0078125 0.0203125
6 0.98828125 0.75078125 0.0078125 0.021875
6 0.16171875 0.96328125 0.0296875 0.04375
9 0.29609375 0.79921875 0.3296875 0.4015625
3 0.0828125 0.7078125 0.0484375 0.10625
0 0.06640625 0.61171875 0.1328125 0.0859375
7 0.06953125 0.8515625 0.1390625 0.296875
5 0.08671875 0.784375 0.1734375 0.43125