1 0.865625 0.29453125 0.26875 0.2296875
2 0.865625 0.1015625 0.26875 0.203125
5 0.865625 0.2046875 0.26875 0.409375
8 0.365625 0.2046875 0.73125 0.409375
8 0.8953125 0.44921875 0.171875 0.0796875
8 0.865625 0.7046875 0.26875 0.590625
0 0.090625 0.43359375 0.0875 0.0484375
2 0.21875 0.77109375 0.06875 0.0875
4 0.05078125 0.57734375 0.1015625 0.2453125
3 0.2109375 0.8203125 0.0359375 0.0390625
3 0.08359375 0.46953125 0.0359375 0.0390625
4 0.2265625 0.9109375 0.1375 0.178125
5 0.22578125 0.86015625 0.1953125 0.2796875
5 0.0875 0.7046875 0.175 0.590625