1 0.8703125 0.184375 0.259375 0.240625
2 0.85390625 0.03828125 0.2265625 0.0765625
5 0.8703125 0.159375 0.259375 0.31875
2 0.77109375 0.490625 0.0609375 0.0875
0 0.92734375 0.46953125 0.09375 0.1
3 0.953125 0.5984375 0.0578125 0.059375
3 0.77109375 0.6078125 0.05 0.0578125
7 0.80390625 0.746875 0.1265625 0.3625
4 0.94375 0.74296875 0.1125 0.2796875
5 0.915625 0.69765625 0.16875 0.6046875
5 0.821875 0.71953125 0.1625 0.5609375
8 0.28828125 0.73828125 0.359375 0.3828125
0 0.384375 0.5828125 0.0203125 0.015625
7 0.3890625 0.62734375 0.0390625 0.059375
5 0.37890625 0.63515625 0.06875 0.1234375