2 0.28671875 0.0265625 0.0359375 0.0265625
4 0.2921875 0.0890625 0.075 0.10625
5 0.2703125 0.15234375 0.171875 0.3046875
3 0.73125 0.27265625 0.0234375 0.021875
3 0.74296875 0.22734375 0.01875 0.0203125
3 0.778125 0.24375 0.021875 0.0203125
3 0.82265625 0.1875 0.025 0.021875
3 0.825 0.25234375 0.021875 0.0203125
3 0.890625 0.1875 0.021875 0.0203125
3 0.88671875 0.25078125 0.0234375 0.0234375
3 0.92578125 0.2171875 0.021875 0.021875
3 0.98984375 0.17109375 0.0203125 0.0234375
3 0.9609375 0.23828125 0.025 0.0265625
0 0.98515625 0.13359375 0.0296875 0.0359375
0 0.95546875 0.190625 0.040625 0.0421875
0 0.921875 0.1796875 0.0359375 0.0390625
0 0.8890625 0.1546875 0.0328125 0.034375
0 0.88359375 0.20859375 0.0390625 0.040625
0 0.81796875 0.15234375 0.034375 0.034375
0 0.81875 0.215625 0.0375 0.040625
0 0.77578125 0.2078125 0.0375 0.0375
0 0.734375 0.190625 0.034375 0.0375
0 0.721875 0.23125 0.040625 0.04375
7 0.98515625 0.2109375 0.0296875 0.065625
7 0.95703125 0.31640625 0.0859375 0.1703125
7 0.8921875 0.33046875 0.0890625 0.1453125
7 0.92578125 0.24609375 0.046875 0.0625
7 0.88515625 0.228125 0.065625 0.05625
7 0.82890625 0.2359375 0.0796875 0.0890625
7 0.82734375 0.34375 0.0859375 0.15625
7 0.77734375 0.33359375 0.0640625 0.1421875
7 0.7515625 0.2609375 0.0296875 0.0359375
7 0.74296875 0.3515625 0.0859375 0.15625
5 0.97890625 0.3125 0.0421875 0.39375
5 0.953125 0.37109375 0.09375 0.4171875
5 0.93984375 0.35546875 0.1046875 0.3953125
5 0.91015625 0.32734375 0.0859375 0.378125
5 0.90234375 0.3828125 0.1390625 0.39375
5 0.8390625 0.328125 0.1265625 0.390625
5 0.83671875 0.38515625 0.1203125 0.3890625
5 0.79453125 0.38359375 0.1046875 0.3921875
5 0.76015625 0.36484375 0.0953125 0.3875
5 0.76015625 0.3921875 0.1203125 0.375
5 0.72265625 0.3734375 0.0453125 0.375
5 0.72265625 0.38515625 0.0453125 0.3890625
8 0.3796875 0.78984375 0.640625 0.4203125