1 0.1140625 0.91953125 0.228125 0.1609375
6 0.87734375 0.85 0.01875 0.0421875
6 0.75859375 0.81484375 0.015625 0.0390625
6 0.61328125 0.7640625 0.015625 0.0375
6 0.94765625 0.8515625 0.0125 0.0328125
6 0.81953125 0.81953125 0.0125 0.0296875
6 0.5796875 0.753125 0.0140625 0.0328125
6 0.721875 0.78828125 0.0140625 0.0359375
6 0.56796875 0.75 0.0125 0.03125
6 0.4828125 0.7140625 0.00625 0.021875
6 0.54140625 0.72890625 0.009375 0.021875
6 0.5921875 0.75234375 0.0109375 0.0234375
6 0.60859375 0.7453125 0.0109375 0.0203125
6 0.66015625 0.7578125 0.009375 0.01875
6 0.66796875 0.78515625 0.0171875 0.0359375
6 0.66640625 0.77421875 0.009375 0.0234375
6 0.66328125 0.7703125 0.0078125 0.0203125
6 0.70703125 0.77109375 0.009375 0.0171875
6 0.73046875 0.7859375 0.009375 0.0234375
6 0.7390625 0.7890625 0.0109375 0.021875
6 0.79375 0.80234375 0.0109375 0.021875
6 0.8140625 0.809375 0.009375 0.021875
6 0.871875 0.82265625 0.009375 0.0234375
6 0.91953125 0.8328125 0.009375 0.01875
6 0.9296875 0.834375 0.009375 0.01875
6 0.9140625 0.81875 0.00625 0.0140625
6 0.9421875 0.8265625 0.00625 0.0125
6 0.971875 0.84609375 0.0078125 0.0203125
6 0.9859375 0.846875 0.0078125 0.01875
6 0.9640625 0.82890625 0.0078125 0.0140625