8 0.63515625 0.6796875 0.2328125 0.253125
8 0.77109375 0.56875 0.4578125 0.478125
5 0.75078125 0.58125 0.040625 0.0640625
2 0.0515625 0.58359375 0.053125 0.0578125
0 0.0890625 0.3953125 0.08125 0.0859375
0 0.2765625 0.36171875 0.065625 0.0640625
0 0.3875 0.36640625 0.046875 0.0734375
3 0.40078125 0.46953125 0.0203125 0.0609375
3 0.28359375 0.45625 0.04375 0.0453125
3 0.103125 0.4921875 0.0453125 0.053125
4 0.021875 0.721875 0.04375 0.3125
4 0.096875 0.8359375 0.15625 0.328125
7 0.12578125 0.66640625 0.1609375 0.3390625
7 0.30859375 0.63046875 0.159375 0.3265625
7 0.38671875 0.65703125 0.0484375 0.3578125
5 0.04921875 0.69609375 0.0984375 0.6078125
5 0.09921875 0.76875 0.1984375 0.4625
5 0.1453125 0.66953125 0.25 0.6609375
5 0.30390625 0.66484375 0.2140625 0.6703125
5 0.36875 0.66484375 0.084375 0.6703125