6 0.61484375 0.5375 0.0234375 0.04375
6 0.56015625 0.48984375 0.0125 0.0234375
6 0.5421875 0.4734375 0.009375 0.015625
6 0.53125 0.4625 0.00625 0.0125
6 0.5265625 0.4578125 0.0046875 0.0109375
6 0.52109375 0.45390625 0.0046875 0.009375
6 0.51640625 0.4484375 0.0046875 0.0140625
6 0.08046875 0.44375 0.0046875 0.0078125
6 0.36484375 0.50859375 0.01875 0.0328125
6 0.4109375 0.4828125 0.0109375 0.021875
6 0.428125 0.47265625 0.009375 0.0171875
6 0.45078125 0.45859375 0.0046875 0.0125
6 0.4578125 0.4546875 0.0046875 0.0109375
6 0.4609375 0.45234375 0.0046875 0.0078125
6 0.46328125 0.4484375 0.003125 0.0125
6 0.1046875 0.44609375 0.0046875 0.009375
6 0.1546875 0.4453125 0.0046875 0.0078125
6 0.5140625 0.44921875 0.003125 0.0078125
6 0.5109375 0.44765625 0.003125 0.00625
6 0.5015625 0.44609375 0.0046875 0.00625
6 0.48671875 0.4453125 0.003125 0.00625
6 0.47109375 0.44375 0.003125 0.00625
6 0.459375 0.44765625 0.0015625 0.0078125
6 0.45703125 0.44609375 0.003125 0.0078125
6 0.44921875 0.4453125 0.003125 0.00625
6 0.4375 0.44453125 0.003125 0.00625
6 0.41640625 0.44296875 0.003125 0.00625
6 0.38359375 0.4421875 0.003125 0.0078125
6 0.35546875 0.4421875 0.003125 0.0078125
6 0.32734375 0.4421875 0.003125 0.0078125
6 0.28125 0.44140625 0.003125 0.00625
6 0.29921875 0.44296875 0.0046875 0.00625
6 0.27265625 0.4421875 0.003125 0.0078125
6 0.246875 0.4421875 0.003125 0.00625
6 0.23046875 0.44375 0.0046875 0.0078125
6 0.203125 0.4421875 0.003125 0.0078125
6 0.190625 0.44453125 0.0046875 0.0078125
6 0.1640625 0.4421875 0.003125 0.0078125
6 0.11484375 0.44296875 0.0046875 0.0078125
6 0.6171875 0.43515625 0.003125 0.00625
6 0.6140625 0.43125 0.003125 0.0078125
9 0.478125 0.73046875 0.790625 0.35
2 0.675 0.4265625 0.0046875 0.0046875
2 0.65234375 0.415625 0.003125 0.0046875
2 0.64140625 0.43046875 0.003125 0.0046875
2 0.63671875 0.4359375 0.003125 0.0046875
2 0.609375 0.40625 0.0046875 0.0046875
4 0.6078125 0.421875 0.0078125 0.0171875
4 0.65234375 0.42578125 0.0046875 0.0125
4 0.678125 0.43671875 0.00625 0.009375
4 0.6515625 0.43671875 0.00625 0.0109375
5 0.67421875 0.4421875 0.0140625 0.0359375
5 0.65390625 0.4234375 0.0078125 0.01875
5 0.64609375 0.44140625 0.015625 0.03125
5 0.64140625 0.434375 0.00625 0.0109375
5 0.6359375 0.44140625 0.0078125 0.0171875
5 0.6171875 0.44140625 0.0046875 0.021875
5 0.60859375 0.43359375 0.0125 0.0625