5 0.72578125 0.34765625 0.1109375 0.6046875
5 0.84453125 0.365625 0.3109375 0.56875
2 0.853125 0.17734375 0.1703125 0.178125
4 0.8453125 0.6046875 0.26875 0.090625
1 0.81796875 0.46328125 0.1625 0.25625
1 0.4375 0.25625 0.2078125 0.2453125
4 0.37109375 0.46015625 0.4328125 0.3796875
5 0.33515625 0.325 0.6703125 0.65
8 0.96484375 0.825 0.0703125 0.35
8 0.88359375 0.7359375 0.2328125 0.171875
7 0.9640625 0.65546875 0.028125 0.0109375
5 0.965625 0.65703125 0.034375 0.0140625
1 0.20078125 0.79765625 0.2015625 0.2328125
5 0.2984375 0.825 0.596875 0.35