5 0.74609375 0.25078125 0.090625 0.3359375
5 0.6875 0.20703125 0.08125 0.3078125
5 0.8171875 0.28828125 0.365625 0.4234375
2 0.871875 0.16953125 0.159375 0.1671875
2 0.77265625 0.0984375 0.0171875 0.025
2 0.703125 0.0671875 0.01875 0.0234375
4 0.69453125 0.13671875 0.046875 0.0984375
4 0.759375 0.196875 0.046875 0.121875
1 0.81640625 0.40390625 0.1359375 0.1921875
4 0.95 0.646875 0.1 0.29375
5 0.85078125 0.75 0.2984375 0.5
1 0.3515625 0.99296875 0.053125 0.0140625
3 0.446875 0.76171875 0.028125 0.0515625
1 0.30625 0.52109375 0.071875 0.0421875
1 0.04921875 0.509375 0.0796875 0.01875
1 0.021875 0.65546875 0.04375 0.0671875
1 0.27109375 0.76328125 0.0625 0.075
2 0.43359375 0.66640625 0.0546875 0.0921875
2 0.41953125 0.97578125 0.0828125 0.0484375
2 0.37890625 0.91796875 0.0546875 0.0546875
2 0.253125 0.65546875 0.103125 0.0765625
2 0.03359375 0.5625 0.0671875 0.06875
4 0.25859375 0.54453125 0.1796875 0.0890625
4 0.20234375 0.89296875 0.1671875 0.2140625
4 0.4 0.8828125 0.121875 0.234375
5 0.25390625 0.56640625 0.2609375 0.1328125
5 0.4296875 0.571875 0.0625 0.14375
5 0.45625 0.66171875 0.009375 0.2953125
5 0.36171875 0.80546875 0.1984375 0.3890625
5 0.31640625 0.9375 0.2109375 0.125
5 0.33828125 0.96796875 0.2453125 0.0640625
5 0.29921875 0.665625 0.2640625 0.33125
5 0.2234375 0.79921875 0.296875 0.4015625
5 0.078125 0.76015625 0.15625 0.4796875
5 0.0953125 0.68359375 0.190625 0.3671875