1 0.54765625 0.03046875 0.071875 0.0421875
1 0.9390625 0.07109375 0.0625 0.0546875
1 0.53828125 0.17421875 0.078125 0.0640625
1 0.56796875 0.34921875 0.0671875 0.0671875
1 0.7390625 0.4078125 0.0546875 0.05625
1 0.7453125 0.159375 0.06875 0.071875
1 0.853125 0.153125 0.0796875 0.0828125
2 0.9875 0.128125 0.025 0.1
2 0.92734375 0.0109375 0.0703125 0.021875
2 0.84609375 0.05625 0.0828125 0.0640625
2 0.740625 0.0703125 0.0828125 0.0609375
2 0.72734375 0.31015625 0.0890625 0.096875
2 0.5578125 0.25390625 0.08125 0.06875
2 0.546875 0.08125 0.096875 0.08125
4 0.609375 0.10703125 0.059375 0.1515625
4 0.575 0.01171875 0.146875 0.0234375
4 0.7359375 0.028125 0.1375 0.05625
4 0.9421875 0.16953125 0.10625 0.153125
4 0.96875 0.3703125 0.0625 0.259375
4 0.8703125 0.34453125 0.20625 0.3109375
4 0.71171875 0.25 0.10625 0.1296875
5 0.4234375 0.0453125 0.065625 0.090625
5 0.4234375 0.1546875 0.065625 0.309375
5 0.54765625 0.35703125 0.2421875 0.2859375
5 0.53671875 0.26484375 0.2703125 0.4703125
5 0.55390625 0.1265625 0.2234375 0.253125
5 0.56015625 0.0484375 0.2234375 0.096875
5 0.7390625 0.07421875 0.221875 0.1484375
5 0.73828125 0.21171875 0.1953125 0.340625
5 0.76796875 0.37578125 0.2828125 0.2484375
5 0.9390625 0.28828125 0.121875 0.4234375
5 0.87421875 0.25546875 0.2453125 0.4890625
5 0.9328125 0.12890625 0.134375 0.2578125
5 0.92265625 0.059375 0.1546875 0.11875
8 0.23125 0.47109375 0.053125 0.0578125
9 0.20859375 0.43515625 0.025 0.03125
9 0.275 0.4265625 0.0296875 0.03125
9 0.309375 0.434375 0.0203125 0.0203125
9 0.32421875 0.45703125 0.034375 0.0375
1 0.73984375 0.79375 0.2078125 0.2859375
2 0.67265625 0.565625 0.1796875 0.13125
5 0.75234375 0.75 0.4953125 0.5
4 0.17890625 0.8671875 0.1734375 0.209375
0 0.20546875 0.71328125 0.1390625 0.0640625
3 0.2578125 0.75078125 0.0375 0.0359375
2 0.3609375 0.53046875 0.059375 0.0609375
5 0.2359375 0.83359375 0.309375 0.3328125