5 0.740625 0.26953125 0.4 0.5390625
5 0.5046875 0.26953125 0.26875 0.5390625
4 0.75625 0.34765625 0.25 0.3828125
4 0.49453125 0.375 0.2484375 0.328125
1 0.5078125 0.121875 0.159375 0.24375
1 0.765625 0.075 0.13125 0.15
2 0.3328125 0.1609375 0.075 0.1875
5 0.28359375 0.29453125 0.1734375 0.4890625
4 0.81015625 0.5984375 0.1890625 0.11875
3 0.9140625 0.59453125 0.053125 0.10625
5 0.70078125 0.67578125 0.5984375 0.2734375
9 0.0875 0.9828125 0.034375 0.03125
9 0.12890625 0.975 0.0296875 0.025
9 0.15703125 0.9640625 0.034375 0.028125
8 0.2484375 0.984375 0.0375 0.03125
0 0.1828125 0.978125 0.021875 0.0375
4 0.1734375 0.9921875 0.03125 0.015625
5 0.171875 0.98046875 0.059375 0.0390625