1 0.81875 0.00703125 0.053125 0.0140625
1 0.80546875 0.115625 0.0640625 0.0578125
1 0.7421875 0.26640625 0.021875 0.0671875
1 0.984375 0.4578125 0.03125 0.059375
1 0.98125 0.209375 0.0375 0.071875
1 0.8890625 0.2 0.08125 0.0828125
2 0.75234375 0.16953125 0.0421875 0.0953125
2 0.8203125 0.040625 0.071875 0.05625
2 0.89921875 0.103125 0.084375 0.065625
2 0.98125 0.1203125 0.0375 0.0625
2 0.98203125 0.36015625 0.0359375 0.0984375
4 0.9703125 0.05390625 0.059375 0.1078125
4 0.8 0.2140625 0.1125 0.1546875
4 0.76796875 0.4265625 0.0734375 0.2875
4 0.865625 0.421875 0.2203125 0.3765625
4 0.98671875 0.3 0.0265625 0.13125
4 0.93046875 0.55078125 0.1390625 0.1359375
5 0.94609375 0.10078125 0.1078125 0.2015625
5 0.95 0.26171875 0.1 0.3453125
5 0.9046875 0.45859375 0.190625 0.3203125
5 0.8171875 0.52109375 0.171875 0.1953125
5 0.80078125 0.35625 0.1390625 0.471875
5 0.865625 0.33671875 0.26875 0.5640625
5 0.8078125 0.15390625 0.153125 0.3015625
5 0.8828125 0.028125 0.084375 0.05625
5 0.81875 0.08359375 0.175 0.1671875
8 0.33203125 0.28359375 0.240625 0.2921875
8 0.54765625 0.30703125 0.2203125 0.346875
9 0.1578125 0.36953125 0.1125 0.059375
2 0.0890625 0.346875 0.0109375 0.0125
5 0.08828125 0.36484375 0.025 0.0484375
6 0.06484375 0.36875 0.0171875 0.0390625
6 0.1453125 0.3734375 0.015625 0.0375
8 0.04765625 0.33828125 0.0953125 0.1953125
4 0.77421875 0.83046875 0.009375 0.01875
4 0.775 0.8359375 0.0203125 0.05
1 0.4953125 0.79765625 0.4375 0.3578125
5 0.365625 0.809375 0.73125 0.38125