6 0.80625 0.2640625 0.1109375 0.171875
6 0.98046875 0.41328125 0.0390625 0.1296875
6 0.86796875 0.51796875 0.0453125 0.0828125
6 0.88125 0.54375 0.0375 0.03125
6 0.84921875 0.478125 0.05 0.096875
6 0.984375 0.52265625 0.03125 0.0734375
6 0.84140625 0.40078125 0.075 0.128125
6 0.98671875 0.2875 0.0265625 0.178125
6 0.971875 0.546875 0.0375 0.025
8 0.2953125 0.2796875 0.590625 0.559375
9 0.71328125 0.7796875 0.2453125 0.440625
7 0.8921875 0.84296875 0.215625 0.3140625
5 0.88515625 0.7796875 0.2296875 0.440625
3 0.978125 0.68203125 0.04375 0.0734375
8 0.21953125 0.71796875 0.4390625 0.3171875