6 0.11484375 0.5640625 0.0453125 0.03125
1 0.5578125 0.25234375 0.25625 0.2515625
2 0.71484375 0.05390625 0.5703125 0.1078125
5 0.71484375 0.28984375 0.5703125 0.5796875
4 0.71484375 0.46875 0.5703125 0.221875
1 0.24609375 0.75703125 0.3671875 0.1953125
4 0.21484375 0.8828125 0.4296875 0.140625
5 0.21484375 0.765625 0.4296875 0.371875
0 0.875 0.80078125 0.078125 0.0328125
0 0.93203125 0.7828125 0.05 0.028125
3 0.9359375 0.80703125 0.0359375 0.0109375
3 0.89296875 0.8265625 0.025 0.0140625
7 0.9390625 0.86484375 0.0859375 0.0890625
7 0.8515625 0.8859375 0.11875 0.115625
5 0.875 0.890625 0.16875 0.21875
5 0.94140625 0.88203125 0.1171875 0.2359375
0 0.8765625 0.64375 0.009375 0.0046875
7 0.8765625 0.653125 0.015625 0.0125
5 0.875 0.65703125 0.021875 0.0328125
0 0.88125 0.6703125 0.009375 0.0046875
7 0.8765625 0.68125 0.0171875 0.0140625
5 0.87890625 0.68515625 0.021875 0.034375