1 0.2328125 0.21484375 0.209375 0.246875
4 0.21875 0.3375 0.4375 0.203125
5 0.26953125 0.21953125 0.5390625 0.4390625
0 0.32421875 0.93046875 0.0953125 0.1
0 0.3703125 0.84609375 0.078125 0.0734375
0 0.19140625 0.8546875 0.04375 0.0421875
0 0.08984375 0.93046875 0.0515625 0.08125
0 0.028125 0.92421875 0.05625 0.0890625
7 0.2234375 0.95078125 0.0875 0.0984375
7 0.4171875 0.95546875 0.09375 0.0890625
3 0.36796875 0.9 0.0328125 0.028125
3 0.20390625 0.90234375 0.028125 0.028125
5 0.40859375 0.9015625 0.1515625 0.196875
5 0.3375 0.93671875 0.19375 0.1265625
5 0.2171875 0.91171875 0.140625 0.1765625
5 0.109375 0.940625 0.128125 0.11875
5 0.0625 0.93828125 0.125 0.1234375
8 0.76953125 0.6859375 0.4609375 0.49375
0 0.859375 0.6390625 0.03125 0.03125
0 0.5703125 0.66171875 0.0453125 0.04375
3 0.5421875 0.6875 0.00625 0.01875
3 0.56640625 0.70390625 0.0203125 0.0203125
1 0.85859375 0.671875 0.021875 0.0203125
7 0.87109375 0.73828125 0.0609375 0.1140625
7 0.6078125 0.7625 0.0796875 0.153125
7 0.55625 0.74453125 0.034375 0.1203125
5 0.56640625 0.815625 0.0546875 0.36875
5 0.60546875 0.8171875 0.1234375 0.365625
5 0.86171875 0.7796875 0.1140625 0.321875