5 0.084375 0.23984375 0.16875 0.4796875
4 0.084375 0.315625 0.16875 0.328125
1 0.084375 0.10390625 0.16875 0.2078125
0 0.31875 0.02890625 0.271875 0.0578125
3 0.35234375 0.08671875 0.1203125 0.06875
4 0.34609375 0.26328125 0.3546875 0.3640625
5 0.50546875 0.23984375 0.6734375 0.4796875
5 0.084375 0.73984375 0.16875 0.5203125
8 0.81875 0.5390625 0.140625 0.11875
8 0.6125 0.6203125 0.1109375 0.1171875
8 0.48359375 0.59921875 0.0625 0.1
9 0.20546875 0.6578125 0.040625 0.05625
9 0.4921875 0.53984375 0.028125 0.034375
9 0.42578125 0.5453125 0.0328125 0.034375
9 0.39453125 0.559375 0.021875 0.021875
9 0.29453125 0.5609375 0.059375 0.0359375
9 0.38515625 0.584375 0.0375 0.040625