7 0.18359375 0.94765625 0.3671875 0.1046875
3 0.1265625 0.86328125 0.140625 0.0890625
0 0.1046875 0.73203125 0.209375 0.1265625
5 0.2 0.834375 0.4 0.33125
2 0.490625 0.92109375 0.178125 0.1578125
0 0.675 0.75234375 0.140625 0.1671875
2 0.92734375 0.7359375 0.1203125 0.134375
3 0.70625 0.87265625 0.08125 0.0703125
3 0.93515625 0.85546875 0.071875 0.059375
4 0.925 0.909375 0.15 0.18125
4 0.721875 0.94765625 0.221875 0.1046875
5 0.5453125 0.91484375 0.290625 0.1703125
5 0.70703125 0.834375 0.3421875 0.33125
5 0.89296875 0.834375 0.2140625 0.33125