2 0.178125 0.421875 0.1046875 0.121875
1 0.95234375 0.09765625 0.0125 0.0265625
4 0.9640625 0.13828125 0.028125 0.0734375
2 0.953125 0.07265625 0.015625 0.0171875
0 0.7203125 0.16484375 0.04375 0.06875
0 0.271875 0.04296875 0.0703125 0.0859375
1 0.27109375 0.09609375 0.03125 0.0203125
1 0.19765625 0.49609375 0.040625 0.0546875
1 0.71640625 0.2359375 0.0109375 0.0296875
4 0.7484375 0.36484375 0.06875 0.24375
4 0.2109375 0.1921875 0.0796875 0.271875
4 0.1703125 0.7515625 0.153125 0.4265625
4 0.9109375 0.29453125 0.0265625 0.1625
2 0.9328125 0.20625 0.0265625 0.0296875
5 0.9171875 0.3671875 0.053125 0.34375
5 0.73671875 0.45 0.1046875 0.6375
5 0.25546875 0.234375 0.2171875 0.46875
5 0.19375 0.6828125 0.2171875 0.634375
5 0.9578125 0.2015625 0.0515625 0.290625