6 0.58359375 0.0734375 0.0765625 0.146875
9 0.5921875 0.19609375 0.1375 0.2859375
7 0.97734375 0.68984375 0.0453125 0.2734375
5 0.96328125 0.728125 0.0734375 0.54375
0 0.0609375 0.5859375 0.0953125 0.09375
0 0.03046875 0.6796875 0.03125 0.0328125
0 0.115625 0.6453125 0.0359375 0.0390625
0 0.16796875 0.64296875 0.0390625 0.0421875
0 0.2984375 0.61953125 0.040625 0.040625
0 0.32265625 0.63359375 0.025 0.0375
3 0.32578125 0.65234375 0.0109375 0.0140625
3 0.2953125 0.64609375 0.0109375 0.015625
3 0.16953125 0.67265625 0.0171875 0.01875
3 0.0765625 0.66640625 0.0453125 0.0484375
3 0.353125 0.65 0.0125 0.0125
5 0.33984375 0.73125 0.059375 0.225
5 0.3234375 0.75390625 0.1 0.3140625
5 0.37265625 0.73515625 0.103125 0.2734375
0 0.34375 0.625 0.0375 0.0421875
0 0.61171875 0.52578125 0.053125 0.0546875
7 0.615625 0.6484375 0.090625 0.1625
5 0.6078125 0.71015625 0.10625 0.4296875
5 0.2 0.7765625 0.1109375 0.3234375
5 0.16015625 0.78828125 0.134375 0.3375
5 0.03046875 0.6828125 0.0359375 0.046875
5 0.06484375 0.7640625 0.1296875 0.471875
5 0.13984375 0.76171875 0.2796875 0.4765625
7 0.37265625 0.6875 0.0546875 0.0984375
7 0.31640625 0.7 0.065625 0.1265625
7 0.190625 0.72734375 0.0625 0.1203125
7 0.11484375 0.82265625 0.2265625 0.3546875
7 0.14296875 0.70546875 0.06875 0.0859375
7 0.0328125 0.81328125 0.065625 0.3453125