3 0.2765625 0.43203125 0.2 0.1140625
0 0.23359375 0.13671875 0.3109375 0.2734375
5 0.19453125 0.24453125 0.3890625 0.4890625
8 0.7015625 0.3109375 0.596875 0.35625
0 0.834375 0.43125 0.009375 0.0046875
7 0.834375 0.44140625 0.015625 0.0125
5 0.83671875 0.4453125 0.021875 0.0328125
0 0.83046875 0.45859375 0.009375 0.0046875
7 0.834375 0.46875 0.0171875 0.0140625
5 0.83125 0.471875 0.021875 0.034375
7 0.1796875 0.58515625 0.115625 0.1921875
5 0.178125 0.74453125 0.153125 0.5109375
8 0.69453125 0.74453125 0.6109375 0.5109375