7 0.51015625 0.58984375 0.0890625 0.1875
7 0.32578125 0.60703125 0.109375 0.2078125
7 0.93203125 0.7 0.1359375 0.325
2 0.95546875 0.46171875 0.0875 0.0859375
2 0.890625 0.46171875 0.065625 0.053125
3 0.88046875 0.496875 0.0421875 0.028125
3 0.940625 0.51484375 0.05 0.0453125
3 0.5078125 0.4828125 0.034375 0.03125
3 0.33046875 0.4828125 0.040625 0.03125
0 0.325 0.42890625 0.0640625 0.0484375
0 0.50625 0.43359375 0.05 0.04375
4 0.884375 0.60625 0.0671875 0.153125
5 0.85703125 0.6875 0.134375 0.515625
5 0.934375 0.709375 0.13125 0.58125
5 0.515625 0.68125 0.1015625 0.5390625
5 0.328125 0.70078125 0.146875 0.5984375