7 0.08984375 0.13125 0.1796875 0.2625
7 0.33515625 0.1 0.3078125 0.2
5 0.11171875 0.275 0.2234375 0.55
5 0.321875 0.275 0.39375 0.55
2 0.73046875 0.0796875 0.0609375 0.046875
1 0.75625 0.140625 0.0328125 0.0515625
3 0.8015625 0.0390625 0.0625 0.078125
4 0.734375 0.20234375 0.0703125 0.0921875
4 0.88046875 0.25859375 0.2390625 0.5171875
5 0.759375 0.275 0.48125 0.55
5 0.7328125 0.15546875 0.115625 0.2078125
1 0.42421875 0.97578125 0.1515625 0.0484375
2 0.39140625 0.890625 0.25 0.0984375
2 0.08359375 0.953125 0.1671875 0.09375
5 0.39296875 0.915625 0.2515625 0.16875
5 0.3203125 0.8984375 0.396875 0.203125
8 0.7171875 0.80078125 0.396875 0.3984375
8 0.8234375 0.9421875 0.171875 0.115625