5 0.65859375 0.26484375 0.2359375 0.5296875
7 0.5171875 0.38046875 0.046875 0.2984375
3 0.528125 0.16328125 0.025 0.0484375
2 0.51484375 0.05703125 0.0515625 0.1140625
5 0.4375 0.26484375 0.20625 0.5296875
8 0.2703125 0.26484375 0.540625 0.5296875
0 0.78984375 0.565625 0.1046875 0.071875
1 0.80625 0.66875 0.0796875 0.0921875
7 0.8375 0.84765625 0.234375 0.3046875
5 0.778125 0.76484375 0.44375 0.4703125
1 0.22421875 0.6390625 0.4484375 0.21875
4 0.2703125 0.825 0.540625 0.35
5 0.2703125 0.76484375 0.540625 0.4703125