3 0.259375 0.18125 0.0875 0.0484375
0 0.2734375 0.08359375 0.1765625 0.103125
7 0.0359375 0.3390625 0.071875 0.315625
7 0.23828125 0.34140625 0.334375 0.303125
5 0.05703125 0.2921875 0.1140625 0.553125
5 0.21953125 0.28828125 0.4390625 0.5609375
5 0.37734375 0.284375 0.1234375 0.56875
0 0.99296875 0.09609375 0.0140625 0.0171875
5 0.9796875 0.1734375 0.040625 0.175
7 0.68203125 0.18125 0.034375 0.0640625
7 0.5609375 0.29375 0.03125 0.0453125
7 0.51484375 0.30859375 0.0375 0.06875
7 0.5359375 0.36171875 0.0390625 0.0703125
0 0.5203125 0.25625 0.01875 0.021875
0 0.565625 0.2515625 0.0203125 0.025
0 0.6890625 0.12890625 0.01875 0.0234375
5 0.6796875 0.2109375 0.05625 0.1953125
5 0.55625 0.33125 0.0515625 0.1875
5 0.5328125 0.39296875 0.0765625 0.1890625
5 0.5078125 0.34296875 0.0625 0.2015625
8 0.21953125 0.784375 0.4390625 0.43125
5 0.08671875 0.83671875 0.025 0.0578125
7 0.08671875 0.840625 0.01875 0.034375
8 0.71953125 0.74765625 0.5609375 0.3578125