1 0.8359375 0.4109375 0.328125 0.3375
2 0.9328125 0.14296875 0.134375 0.2859375
4 0.75 0.4953125 0.5 0.16875
5 0.75 0.28984375 0.5 0.5796875
9 0.45703125 0.0234375 0.0578125 0.046875
9 0.43671875 0.01875 0.0703125 0.0375
9 0.4078125 0.0140625 0.071875 0.028125
9 0.371875 0.00546875 0.0375 0.0109375
9 0.18125 0.02890625 0.0484375 0.04375
9 0.04453125 0.0453125 0.06875 0.053125
9 0.05390625 0.01796875 0.0453125 0.0359375
9 0.07109375 0.04375 0.053125 0.05
8 0.28515625 0.21640625 0.125 0.1515625
1 0.69296875 0.828125 0.3859375 0.34375
2 0.72265625 0.64765625 0.4453125 0.1359375
4 0.75 0.95390625 0.5 0.0921875
5 0.75 0.78984375 0.5 0.4203125