4 0.790625 0.25546875 0.41875 0.3671875
5 0.790625 0.21953125 0.41875 0.4390625
3 0.903125 0.12109375 0.19375 0.2421875
3 0.996875 0.75078125 0.00625 0.0234375
3 0.9796875 0.71171875 0.0203125 0.021875
3 0.95078125 0.7390625 0.0234375 0.021875
3 0.890625 0.69765625 0.0265625 0.0234375
3 0.909375 0.76015625 0.025 0.021875
3 0.8265625 0.71875 0.021875 0.021875
3 0.85 0.778125 0.0265625 0.025
3 0.8015625 0.75859375 0.0234375 0.0234375
3 0.7234375 0.73515625 0.025 0.025
3 0.58515625 0.8046875 0.0078125 0.025
3 0.6265625 0.81953125 0.028125 0.028125
3 0.6890625 0.7859375 0.03125 0.025
3 0.77421875 0.7890625 0.0265625 0.0265625
0 0.61328125 0.7765625 0.0515625 0.05
0 0.6796875 0.74609375 0.04375 0.04375
0 0.715625 0.69765625 0.0359375 0.0390625
0 0.76484375 0.74140625 0.04375 0.04375
0 0.79375 0.72109375 0.0375 0.0421875
0 0.8171875 0.68671875 0.034375 0.0359375
0 0.840625 0.73671875 0.0421875 0.0421875
0 0.884375 0.6625 0.0359375 0.0359375
0 0.903125 0.7234375 0.040625 0.04375
0 0.9421875 0.7046875 0.0390625 0.040625
0 0.97578125 0.67421875 0.0375 0.0390625
0 0.98984375 0.70859375 0.0203125 0.0453125
7 0.603125 0.85859375 0.04375 0.0828125
7 0.64765625 0.90546875 0.1328125 0.1890625
7 0.70625 0.86171875 0.1234375 0.1640625
7 0.72734375 0.7765625 0.0671875 0.0703125
7 0.78828125 0.86796875 0.125 0.178125
7 0.8703125 0.8578125 0.0984375 0.153125
7 0.8109375 0.78671875 0.0515625 0.065625
7 0.84453125 0.75546875 0.06875 0.0625
7 0.9 0.74609375 0.0859375 0.0953125
7 0.93515625 0.84921875 0.096875 0.1640625
7 0.971875 0.82421875 0.05625 0.1453125
7 0.9828125 0.746875 0.03125 0.0390625
7 0.98515625 0.8296875 0.0296875 0.1625
5 0.6265625 0.86796875 0.090625 0.2640625
5 0.67265625 0.8703125 0.1828125 0.259375
5 0.7203125 0.85703125 0.178125 0.2859375
5 0.75078125 0.8375 0.1328125 0.325
5 0.80234375 0.85546875 0.1796875 0.2890625
5 0.83203125 0.84765625 0.1328125 0.3046875
5 0.85234375 0.834375 0.1140625 0.33125
5 0.8796875 0.85625 0.16875 0.2875
5 0.9203125 0.81953125 0.153125 0.3609375
5 0.93515625 0.84765625 0.1296875 0.3046875
5 0.95625 0.83984375 0.0875 0.3203125
5 0.97265625 0.8265625 0.0546875 0.346875
5 0.9734375 0.840625 0.053125 0.31875
3 0.37109375 0.81015625 0.2046875 0.1734375
0 0.303125 0.5609375 0.434375 0.24375
4 0.37734375 0.915625 0.4078125 0.16875
5 0.290625 0.71953125 0.58125 0.5609375