1 0.1390625 0.41875 0.278125 0.18125
2 0.1578125 0.16953125 0.315625 0.2515625
5 0.26953125 0.26328125 0.5390625 0.4921875
7 0.8421875 0.05234375 0.15625 0.1046875
5 0.83125 0.203125 0.19375 0.40625
5 0.25078125 0.66640625 0.0859375 0.3140625
5 0.19296875 0.640625 0.0765625 0.2625
5 0.34140625 0.7546875 0.3953125 0.490625
2 0.37109375 0.584375 0.1515625 0.15
2 0.2734375 0.51875 0.015625 0.01875
4 0.2015625 0.55625 0.0453125 0.09375
4 0.2640625 0.61171875 0.04375 0.1171875
1 0.51484375 0.88359375 0.0484375 0.2328125
1 0.31953125 0.8203125 0.13125 0.2046875
4 0.95390625 0.703125 0.0921875 0.3875
0 0.9359375 0.57421875 0.1 0.1296875
5 0.859375 0.7546875 0.28125 0.490625