4 0.7578125 0.1375 0.396875 0.275
5 0.70546875 0.21484375 0.5890625 0.4296875
4 0.20546875 0.21484375 0.4109375 0.4296875
5 0.20546875 0.21484375 0.4109375 0.4296875
2 0.03046875 0.44609375 0.0609375 0.0328125
2 0.25234375 0.54375 0.059375 0.0640625
3 0.303125 0.45 0.05 0.040625
3 0.1421875 0.49453125 0.040625 0.0515625
3 0.05078125 0.5484375 0.0515625 0.059375
4 0.021875 0.83046875 0.04375 0.3390625
4 0.08046875 0.74921875 0.1609375 0.3515625
4 0.17734375 0.69453125 0.1609375 0.3390625
4 0.31484375 0.81796875 0.1828125 0.3640625
7 0.32734375 0.62890625 0.1671875 0.3703125
5 0.0453125 0.72890625 0.090625 0.5421875
5 0.10546875 0.71484375 0.2109375 0.5703125
5 0.18359375 0.71484375 0.2703125 0.5703125
5 0.29453125 0.7453125 0.2328125 0.509375
5 0.31015625 0.71484375 0.2015625 0.5703125