1 0.0796875 0.3546875 0.159375 0.090625
4 0.37578125 0.284375 0.2859375 0.23125
1 0.40390625 0.1828125 0.0703125 0.0265625
5 0.36953125 0.2796875 0.2984375 0.240625
5 0.21484375 0.2765625 0.4296875 0.246875
2 0.13828125 0.2234375 0.2765625 0.121875
6 0.93125 0.36796875 0.0296875 0.0421875
9 0.740625 0.2 0.44375 0.4
5 0.9515625 0.2 0.096875 0.4
3 0.396875 0.471875 0.0796875 0.0734375
3 0.4953125 0.45625 0.046875 0.1125
4 0.3859375 0.70625 0.2484375 0.4765625
4 0.484375 0.65546875 0.06875 0.4390625
5 0.4125 0.75234375 0.2125 0.4953125
5 0.321875 0.7 0.39375 0.6
5 0.37265625 0.7 0.2921875 0.6
8 0.759375 0.7 0.48125 0.6
8 0.9125 0.76328125 0.175 0.4734375
0 0.71875 0.50234375 0.0171875 0.0171875
3 0.7171875 0.52421875 0.0109375 0.015625
7 0.71953125 0.55625 0.034375 0.059375
5 0.71875 0.5546875 0.05 0.125