1 0.1984375 0.17734375 0.159375 0.0921875
1 0.03984375 0.0671875 0.0796875 0.071875
1 0.48984375 0.11953125 0.0984375 0.0578125
2 0.4828125 0.23125 0.1125 0.03125
2 0.45234375 0.0328125 0.1734375 0.065625
2 0.140625 0.0609375 0.246875 0.0875
2 0.06640625 0.0078125 0.1203125 0.015625
5 0.05234375 0.0453125 0.1046875 0.090625
5 0.196875 0.16953125 0.39375 0.3203125
5 0.453125 0.0640625 0.171875 0.128125
5 0.38125 0.16484375 0.315625 0.3296875
4 0.82265625 0.16484375 0.2859375 0.3296875
5 0.8 0.16484375 0.4 0.3296875
6 0.33046875 0.67578125 0.0296875 0.1
6 0.48984375 0.6453125 0.0234375 0.0734375
6 0.19609375 0.5234375 0.0109375 0.0390625
6 0.08125 0.5078125 0.009375 0.0359375
6 0.42578125 0.53828125 0.009375 0.0328125
6 0.3421875 0.5359375 0.009375 0.034375
6 0.33671875 0.52109375 0.00625 0.025
6 0.2609375 0.51484375 0.0078125 0.0296875
6 0.13828125 0.50234375 0.0078125 0.0265625
6 0.52734375 0.52578125 0.00625 0.0171875
6 0.01171875 0.7703125 0.0234375 0.16875
6 0.04375 0.48828125 0.0078125 0.0328125
6 0.365625 0.51953125 0.0078125 0.028125
6 0.49921875 0.52421875 0.0078125 0.0234375
6 0.0265625 0.4734375 0.00625 0.015625
6 0.0515625 0.484375 0.00625 0.021875
6 0.059375 0.4859375 0.00625 0.0203125
6 0.11171875 0.490625 0.00625 0.0203125
6 0.13203125 0.49375 0.00625 0.0203125
6 0.1875 0.4984375 0.00625 0.021875
6 0.23203125 0.50234375 0.00625 0.0171875
6 0.2421875 0.5015625 0.00625 0.0171875
6 0.225 0.48984375 0.0046875 0.0140625
6 0.25234375 0.49140625 0.0046875 0.0109375
6 0.2828125 0.50546875 0.0046875 0.01875
6 0.29609375 0.50390625 0.00625 0.01875
6 0.33125 0.50546875 0.0046875 0.0171875
6 0.315625 0.496875 0.0046875 0.0125
6 0.3421875 0.509375 0.00625 0.0203125
6 0.38359375 0.51640625 0.00625 0.0234375
6 0.39453125 0.51484375 0.0078125 0.021875
6 0.27265625 0.49140625 0.0046875 0.0125
6 0.4109375 0.51328125 0.0078125 0.025
6 0.41640625 0.509375 0.00625 0.01875
6 0.44453125 0.5171875 0.00625 0.0203125
6 0.471875 0.5375 0.0078125 0.028125
6 0.534375 0.525 0.0046875 0.0171875
6 0.53671875 0.521875 0.0046875 0.015625
1 0.7703125 0.61953125 0.459375 0.2171875
2 0.70703125 0.40859375 0.3359375 0.1484375
4 0.76953125 0.871875 0.4609375 0.25625
5 0.76953125 0.66484375 0.4609375 0.6703125