1 0.9203125 0.3546875 0.159375 0.090625
4 0.62421875 0.284375 0.2859375 0.23125
1 0.59609375 0.1828125 0.0703125 0.0265625
5 0.63046875 0.2796875 0.2984375 0.240625
5 0.78515625 0.2765625 0.4296875 0.246875
2 0.86171875 0.2234375 0.2765625 0.121875
6 0.06875 0.36796875 0.0296875 0.0421875
9 0.259375 0.2 0.44375 0.4
5 0.0484375 0.2 0.096875 0.4
3 0.603125 0.471875 0.0796875 0.0734375
3 0.5046875 0.45625 0.046875 0.1125
4 0.6140625 0.70625 0.2484375 0.4765625
4 0.515625 0.65546875 0.06875 0.4390625
5 0.5875 0.75234375 0.2125 0.4953125
5 0.678125 0.7 0.39375 0.6
5 0.62734375 0.7 0.2921875 0.6
8 0.240625 0.7 0.48125 0.6
8 0.0875 0.76328125 0.175 0.4734375
0 0.28125 0.50234375 0.0171875 0.0171875
3 0.2828125 0.52421875 0.0109375 0.015625
7 0.28046875 0.55625 0.034375 0.059375
5 0.28125 0.5546875 0.05 0.125