0 0.18515625 0.103125 0.01875 0.0265625
0 0.240625 0.12109375 0.01875 0.025
3 0.18203125 0.12109375 0.0078125 0.009375
4 0.16953125 0.13359375 0.0328125 0.0421875
4 0.24140625 0.16953125 0.028125 0.0609375
5 0.2453125 0.16875 0.0578125 0.1234375
5 0.17421875 0.15390625 0.0671875 0.1359375
8 0.7890625 0.309375 0.4 0.61875
8 0.309375 0.809375 0.559375 0.38125
2 0.35 0.746875 0.0296875 0.0234375
2 0.5234375 0.959375 0.01875 0.015625
2 0.57890625 0.96953125 0.0203125 0.0171875
4 0.5234375 0.98828125 0.015625 0.0234375
5 0.578125 0.97421875 0.021875 0.0328125
5 0.51796875 0.975 0.0265625 0.05
7 0.3453125 0.8078125 0.0671875 0.084375
7 0.015625 0.88828125 0.03125 0.1421875
3 0.3421875 0.77578125 0.0203125 0.0203125
5 0.3484375 0.79140625 0.0984375 0.115625