4 0.184375 0.34609375 0.146875 0.3109375
3 0.15859375 0.19921875 0.034375 0.046875
2 0.16171875 0.0921875 0.103125 0.1546875
5 0.1859375 0.32734375 0.284375 0.6234375
4 0.98359375 0.1015625 0.0328125 0.203125
4 0.93359375 0.08125 0.084375 0.1578125
4 0.8265625 0.11875 0.1078125 0.1890625
4 0.6125 0.1328125 0.146875 0.265625
4 0.42109375 0.1359375 0.0640625 0.271875
7 0.825 0.45546875 0.15625 0.3671875
1 0.7390625 0.38046875 0.015625 0.04375
0 0.72421875 0.328125 0.04375 0.0640625
0 0.57578125 0.3125 0.075 0.090625
7 0.6203125 0.52734375 0.1875 0.2234375
5 0.7234375 0.4625 0.0515625 0.3375
5 0.62265625 0.45390625 0.1921875 0.3703125
5 0.8765625 0.4546875 0.246875 0.36875
5 0.8296875 0.11328125 0.11875 0.2265625
5 0.44921875 0.1359375 0.1203125 0.271875
5 0.61484375 0.134375 0.2296875 0.26875
1 0.53359375 0.009375 0.0640625 0.01875
1 0.971875 0.00703125 0.034375 0.0140625
1 0.921875 0.00390625 0.0375 0.0078125
1 0.8171875 0.01796875 0.0375 0.0359375
5 0.3296875 0.8625 0.11875 0.275
3 0.78671875 0.64765625 0.1921875 0.0171875
4 0.87421875 0.84296875 0.2515625 0.3140625
5 0.7125 0.81953125 0.575 0.3609375