8 0.8640625 0.209375 0.271875 0.41875
1 0.3125 0.8234375 0.49375 0.3
2 0.27890625 0.5625 0.5578125 0.2875
5 0.2796875 0.709375 0.559375 0.58125
4 0.2796875 0.91953125 0.559375 0.1609375
9 0.65546875 0.7484375 0.1046875 0.1625
9 0.5921875 0.72734375 0.065625 0.0984375
7 0.7265625 0.73515625 0.140625 0.303125
7 0.86796875 0.71953125 0.0828125 0.1875
0 0.76796875 0.5125 0.0640625 0.0875
0 0.87265625 0.56875 0.028125 0.046875
5 0.86015625 0.7640625 0.1578125 0.471875
5 0.7578125 0.709375 0.3375 0.58125