5 0.065625 0.21484375 0.13125 0.4296875
8 0.49296875 0.29375 0.1265625 0.271875
4 0.4078125 0.51328125 0.04375 0.1671875
5 0.38359375 0.71484375 0.0921875 0.5703125
5 0.890625 0.79921875 0.034375 0.0890625
4 0.89921875 0.76015625 0.0109375 0.0109375
3 0.8984375 0.76953125 0.0046875 0.009375
4 0.90078125 0.7859375 0.0109375 0.0234375
9 0.93515625 0.59609375 0.0359375 0.0171875
9 0.97734375 0.59140625 0.040625 0.01875
9 0.86640625 0.65703125 0.01875 0.01875
9 0.9296875 0.65390625 0.0234375 0.015625
9 0.94140625 0.659375 0.0265625 0.01875
8 0.6015625 0.73984375 0.1421875 0.11875
8 0.4765625 0.73125 0.09375 0.29375
8 0.57734375 0.9515625 0.2953125 0.096875
8 0.74765625 0.759375 0.5046875 0.48125
9 0.9453125 0.66875 0.015625 0.0125
9 0.72578125 0.665625 0.0296875 0.025
9 0.7375 0.68046875 0.025 0.0171875
9 0.7484375 0.68203125 0.0265625 0.0125
9 0.76328125 0.67734375 0.025 0.015625
9 0.77265625 0.68359375 0.021875 0.0078125