5 0.7078125 0.3046875 0.04375 0.028125
8 0.75703125 0.1796875 0.3328125 0.278125
4 0.4046875 0.11171875 0.125 0.2234375
5 0.39140625 0.159375 0.2796875 0.31875
0 0.87890625 0.359375 0.2421875 0.08125
3 0.86171875 0.46171875 0.1984375 0.2859375
7 0.77265625 0.7015625 0.3640625 0.596875
5 0.7953125 0.659375 0.409375 0.68125
1 0.478125 0.55546875 0.1203125 0.1265625
1 0.17265625 0.3671875 0.1484375 0.096875
3 0.4125 0.34765625 0.0453125 0.04375
3 0.3078125 0.57734375 0.078125 0.078125
2 0.3203125 0.3875 0.184375 0.1375
2 0.47890625 0.3828125 0.1328125 0.128125
4 0.225 0.7828125 0.325 0.434375
4 0.12578125 0.659375 0.2515625 0.68125
4 0.44453125 0.79453125 0.2859375 0.4109375
5 0.44453125 0.3609375 0.1140625 0.084375
5 0.43046875 0.659375 0.3203125 0.68125
5 0.28203125 0.659375 0.4859375 0.68125
5 0.1421875 0.659375 0.284375 0.68125