5 0.384375 0.2140625 0.2625 0.309375
6 0.540625 0.21328125 0.003125 0.0171875
6 0.54765625 0.2015625 0.0078125 0.0125
6 0.55234375 0.19609375 0.00625 0.0125
6 0.55703125 0.190625 0.00625 0.0109375
6 0.56171875 0.184375 0.0078125 0.0140625
6 0.72890625 0.225 0.0234375 0.0375
6 0.6765625 0.2046875 0.0140625 0.0234375
6 0.6578125 0.196875 0.0125 0.0203125
6 0.63125 0.1859375 0.0078125 0.0125
6 0.6234375 0.1828125 0.00625 0.0109375
6 0.61953125 0.18046875 0.00625 0.009375
6 0.61640625 0.1765625 0.0046875 0.0140625
6 0.990625 0.121875 0.00625 0.009375
6 0.93828125 0.128125 0.00625 0.0078125
6 0.5640625 0.18515625 0.003125 0.009375
6 0.5671875 0.1828125 0.0046875 0.00625
6 0.5765625 0.18046875 0.0046875 0.00625
6 0.5921875 0.1765625 0.0046875 0.00625
6 0.60859375 0.1734375 0.003125 0.00625
6 0.6203125 0.175 0.003125 0.0078125
6 0.62265625 0.1734375 0.003125 0.0078125
6 0.63125 0.17109375 0.0046875 0.00625
6 0.6421875 0.16875 0.0046875 0.00625
6 0.665625 0.1640625 0.0046875 0.00625
6 0.69921875 0.159375 0.0046875 0.0078125
6 0.728125 0.1546875 0.0046875 0.0078125
6 0.75859375 0.15078125 0.0046875 0.0078125
6 0.80625 0.1421875 0.0046875 0.00625
6 0.7875 0.146875 0.0046875 0.00625
6 0.815625 0.14296875 0.0046875 0.0078125
6 0.84296875 0.13828125 0.003125 0.00625
6 0.86015625 0.1375 0.00625 0.0078125
6 0.8875 0.13203125 0.0046875 0.0078125
6 0.90078125 0.13203125 0.0046875 0.0078125
6 0.92890625 0.1265625 0.0046875 0.0078125
6 0.98046875 0.1203125 0.0046875 0.009375
9 0.76953125 0.30078125 0.4609375 0.1359375
9 0.11796875 0.38515625 0.2359375 0.0328125
8 0.3734375 0.43203125 0.075 0.103125
8 0.384375 0.5171875 0.309375 0.296875
7 0.05078125 0.39375 0.0203125 0.0390625
5 0.04921875 0.4015625 0.0265625 0.065625
5 0.06328125 0.434375 0.0171875 0.0234375
7 0.06484375 0.43828125 0.015625 0.015625
0 0.046875 0.37109375 0.009375 0.0046875
0 0.065625 0.42734375 0.0078125 0.0078125
0 0.11171875 0.41484375 0.0078125 0.009375
0 0.13671875 0.38046875 0.009375 0.0109375
4 0.16484375 0.41875 0.01875 0.0390625
2 0.1609375 0.3859375 0.009375 0.0109375
5 0.16171875 0.4171875 0.0296875 0.075
7 0.1375 0.40625 0.021875 0.034375
7 0.121875 0.42734375 0.015625 0.0203125
5 0.1203125 0.42421875 0.025 0.03125
5 0.1359375 0.40703125 0.0296875 0.06875
7 0.1578125 0.43828125 0.0109375 0.0171875
5 0.15625 0.43203125 0.015625 0.0328125
8 0.76953125 0.684375 0.4609375 0.63125