3 0.20546875 0.296875 0.009375 0.009375
0 0.20234375 0.27734375 0.0203125 0.021875
4 0.21875 0.3109375 0.034375 0.0421875
4 0.1484375 0.353125 0.0296875 0.0640625
5 0.1421875 0.35234375 0.0625 0.1296875
5 0.215625 0.334375 0.075 0.1453125
6 0.55234375 0.23125 0.0265625 0.05
6 0.72109375 0.2046875 0.0328125 0.0578125
6 0.653125 0.14375 0.015625 0.0328125
6 0.50546875 0.215625 0.0140625 0.03125
6 0.5828125 0.1640625 0.015625 0.0265625
6 0.6375 0.128125 0.0125 0.0234375
6 0.6734375 0.11015625 0.0109375 0.021875
6 0.99765625 0.06875 0.0046875 0.03125
6 0.96328125 0.05625 0.0125 0.025
6 0.70859375 0.0921875 0.009375 0.0203125
6 0.76484375 0.075 0.009375 0.01875
6 0.828125 0.06171875 0.009375 0.01875
6 0.91328125 0.0515625 0.009375 0.01875
6 0.8125 0.11484375 0.01875 0.040625
6 0.8609375 0.08046875 0.015625 0.0296875
6 0.80625 0.08125 0.0125 0.025
6 0.73828125 0.10390625 0.0140625 0.0265625
4 0.871875 0.01015625 0.0078125 0.0171875
5 0.87109375 0.01796875 0.0140625 0.0359375
9 0.8109375 0.3203125 0.378125 0.278125