4 0.86953125 0.42734375 0.2609375 0.2046875
5 0.803125 0.26484375 0.39375 0.5296875
7 0.39765625 0.07421875 0.1859375 0.1484375
5 0.3984375 0.26484375 0.196875 0.5296875
0 0.51875 0.6375 0.0375 0.065625
0 0.79296875 0.88359375 0.0734375 0.046875
4 0.79375 0.95390625 0.1625 0.0921875
3 0.51171875 0.67578125 0.0234375 0.0390625
5 0.534375 0.80078125 0.06875 0.3984375
5 0.79375 0.92421875 0.228125 0.1515625
9 0.43828125 0.76484375 0.1234375 0.4703125
5 0.00625 0.91875 0.0125 0.15625
7 0.47265625 0.7203125 0.0203125 0.0578125
0 0.47734375 0.6765625 0.0140625 0.01875
5 0.471875 0.73984375 0.03125 0.1546875