3 0.7921875 0.02734375 0.25625 0.0546875
7 0.7875 0.32265625 0.425 0.3546875
5 0.7546875 0.25 0.490625 0.5
6 0.1390625 0.8515625 0.278125 0.296875
4 0.4046875 0.596875 0.209375 0.19375
5 0.3171875 0.73671875 0.25625 0.4734375
5 0.38046875 0.75 0.2578125 0.5
4 0.5953125 0.77421875 0.0953125 0.16875
4 0.7140625 0.9375 0.11875 0.125
3 0.575 0.7109375 0.028125 0.04375
3 0.675 0.85078125 0.0171875 0.040625
2 0.696875 0.76875 0.0765625 0.1046875
2 0.5734375 0.640625 0.046875 0.059375
5 0.5953125 0.80390625 0.1125 0.3921875
5 0.69609375 0.85546875 0.1703125 0.2890625
8 0.67109375 0.75 0.3234375 0.5