8 0.24453125 0.68984375 0.4890625 0.6203125
6 0.7546875 0.73046875 0.115625 0.1625
6 0.9296875 0.46796875 0.140625 0.1765625
6 0.6140625 0.47265625 0.19375 0.1859375
6 0.96171875 0.81328125 0.0765625 0.1234375
6 0.8796875 0.94140625 0.0484375 0.08125
6 0.9046875 0.97109375 0.040625 0.0578125
6 0.85234375 0.9078125 0.0546875 0.090625
6 0.89453125 0.990625 0.0453125 0.01875
6 0.9828125 0.91640625 0.034375 0.0796875
6 0.8234375 0.84296875 0.0796875 0.1203125
6 0.94921875 0.6953125 0.1015625 0.16875
6 0.9828125 0.95859375 0.034375 0.0671875
6 0.978125 0.9828125 0.0375 0.034375