1 0.44453125 0.0390625 0.0328125 0.0421875
1 0.471875 0.04140625 0.0140625 0.0140625
1 0.56796875 0.11328125 0.034375 0.0578125
0 0.55859375 0.0671875 0.05625 0.078125
0 0.37890625 0.08359375 0.05625 0.08125
0 0.4328125 0.00625 0.04375 0.0125
0 0.4625 0.015625 0.03125 0.03125
7 0.4515625 0.08515625 0.09375 0.0953125
7 0.340625 0.21796875 0.121875 0.21875
7 0.5921875 0.165625 0.034375 0.209375
5 0.56875 0.25859375 0.08125 0.5078125
5 0.4875 0.0640625 0.075 0.128125
5 0.453125 0.07109375 0.1375 0.1421875
5 0.36875 0.265625 0.2015625 0.446875
8 0.653125 0.38203125 0.0875 0.3359375
5 0.8046875 0.775 0.390625 0.45
4 0.8046875 0.840625 0.390625 0.31875