0 0.70703125 0.159375 0.1140625 0.31875
5 0.70703125 0.18984375 0.1140625 0.3796875
8 0.2203125 0.14296875 0.440625 0.2859375
1 0.7578125 0.565625 0.09375 0.2140625
0 0.734375 0.4609375 0.16875 0.1625
7 0.70390625 0.83203125 0.1078125 0.2734375
7 0.86796875 0.69765625 0.2640625 0.6046875
5 0.825 0.68984375 0.35 0.6203125
5 0.70703125 0.7875 0.1140625 0.425
0 0.29921875 0.53828125 0.0296875 0.0375
0 0.596875 0.5828125 0.028125 0.0421875
7 0.5859375 0.6578125 0.0421875 0.09375
3 0.59453125 0.61484375 0.0109375 0.015625
5 0.584375 0.709375 0.065625 0.3
3 0.296875 0.57265625 0.0125 0.0171875
7 0.290625 0.63125 0.046875 0.125
5 0.2890625 0.6734375 0.071875 0.3078125