9 0.53203125 0.40625 0.0828125 0.0875
0 0.6765625 0.35 0.0109375 0.0140625
7 0.675 0.37578125 0.021875 0.0359375
5 0.67265625 0.39140625 0.04375 0.1015625
3 0.6765625 0.3609375 0.00625 0.00625
0 0.50546875 0.31484375 0.009375 0.0125
5 0.51171875 0.33359375 0.0328125 0.0484375
4 0.51640625 0.32890625 0.01875 0.025
9 0.109375 0.07890625 0.16875 0.1578125
2 0.38984375 0.08984375 0.2015625 0.1796875
3 0.2421875 0.075 0.1078125 0.1140625
3 0.41015625 0.31015625 0.1609375 0.1796875
4 0.21640625 0.25390625 0.3265625 0.3921875
5 0.33828125 0.225 0.3046875 0.45
5 0.13828125 0.08828125 0.1828125 0.1765625
5 0.246875 0.225 0.4875 0.45
8 0.7671875 0.85546875 0.465625 0.2890625
1 0.14375 0.7515625 0.2875 0.33125
2 0.203125 0.5359375 0.40625 0.171875
4 0.2453125 0.90625 0.490625 0.1875
5 0.2453125 0.725 0.490625 0.55