0 0.34375 0.1921875 0.0125 0.0125
4 0.340625 0.2046875 0.01875 0.009375
9 0.2171875 0.18046875 0.2375 0.0578125
5 0.34140625 0.196875 0.0234375 0.025
8 0.73984375 0.1046875 0.5203125 0.209375
8 0.9125 0.1046875 0.175 0.209375
8 0.12265625 0.6328125 0.2453125 0.5375
8 0.23515625 0.775 0.4703125 0.45
7 0.0625 0.49296875 0.0296875 0.0375
5 0.06171875 0.490625 0.0328125 0.046875
5 0.7875 0.70703125 0.0171875 0.0421875
8 0.51640625 0.62109375 0.059375 0.034375
8 0.68203125 0.809375 0.4046875 0.38125
8 0.9046875 0.696875 0.05625 0.090625
4 0.84140625 0.675 0.0046875 0.0109375
5 0.84140625 0.67734375 0.00625 0.0203125