7 0.4984375 0.1203125 0.140625 0.240625
7 0.15625 0.09765625 0.18125 0.1953125
0 0.28046875 0.0625 0.0828125 0.125
3 0.246875 0.096875 0.028125 0.0578125
5 0.159375 0.209375 0.31875 0.41875
5 0.478125 0.209375 0.196875 0.41875
8 0.76953125 0.2515625 0.1796875 0.334375
0 0.6140625 0.640625 0.0796875 0.05625
0 0.365625 0.609375 0.09375 0.0625
0 0.66015625 0.64609375 0.0390625 0.0265625
0 0.67421875 0.6328125 0.0109375 0.01875
3 0.66328125 0.66796875 0.0125 0.0125
3 0.59140625 0.6796875 0.0390625 0.0265625
3 0.35859375 0.64921875 0.040625 0.025
7 0.334375 0.728125 0.1421875 0.1765625
7 0.6015625 0.7765625 0.15625 0.19375
4 0.67578125 0.67578125 0.0078125 0.0359375
4 0.65390625 0.70234375 0.0515625 0.0734375
5 0.6578125 0.71171875 0.04375 0.1828125
5 0.6578125 0.67265625 0.04375 0.0796875
5 0.58359375 0.803125 0.1921875 0.39375
5 0.3125 0.78359375 0.215625 0.4296875
8 0.7859375 0.7578125 0.2125 0.484375