4 0.4515625 0.03984375 0.15625 0.0796875
5 0.44921875 0.26953125 0.2171875 0.5390625
0 0.1515625 0.22109375 0.0078125 0.00625
0 0.14453125 0.22421875 0.0078125 0.009375
7 0.14921875 0.234375 0.009375 0.015625
7 0.140625 0.23828125 0.0125 0.021875
5 0.13984375 0.23984375 0.0171875 0.0421875
5 0.15 0.2421875 0.021875 0.05
1 0.584375 0.875 0.4875 0.25
2 0.6296875 0.65625 0.578125 0.234375
5 0.6703125 0.76953125 0.659375 0.4609375
8 0.17109375 0.73359375 0.0484375 0.071875
6 0.09765625 0.784375 0.0078125 0.015625
6 0.0703125 0.86484375 0.009375 0.0234375
6 0.04375 0.88125 0.0109375 0.028125
6 0.06796875 0.80078125 0.0078125 0.0171875
7 0.01484375 0.85 0.009375 0.0140625
7 0.0328125 0.846875 0.0078125 0.0125
7 0.0390625 0.8484375 0.009375 0.015625
0 0.0171875 0.8390625 0.00625 0.00625
5 0.01328125 0.8546875 0.015625 0.0375
5 0.03046875 0.853125 0.015625 0.0359375
5 0.0375 0.85546875 0.015625 0.0375
5 0.13203125 0.8234375 0.0140625 0.028125
0 0.20703125 0.79609375 0.0046875 0.003125
5 0.20546875 0.80390625 0.0125 0.021875
6 0.1046875 0.79765625 0.009375 0.0140625
6 0.05859375 0.78359375 0.0078125 0.0171875
7 0.1125 0.759375 0.00625 0.009375
5 0.1109375 0.76328125 0.0109375 0.021875
8 0.09375 0.7390625 0.028125 0.0421875
9 0.1234375 0.71796875 0.028125 0.025
9 0.140625 0.74140625 0.0328125 0.0296875
7 0.32734375 0.89140625 0.00625 0.009375
5 0.32734375 0.89296875 0.0109375 0.021875