1 0.39453125 0.440625 0.2296875 0.278125
2 0.40234375 0.11328125 0.2140625 0.2265625
5 0.2546875 0.28984375 0.509375 0.5796875
8 0.8109375 0.16953125 0.2203125 0.1921875
8 0.6046875 0.27734375 0.190625 0.4203125
7 0.8296875 0.234375 0.0109375 0.0125
5 0.828125 0.23125 0.0140625 0.0203125
8 0.834375 0.25390625 0.0953125 0.1109375
2 0.5421875 0.340625 0.009375 0.009375
5 0.53828125 0.3515625 0.021875 0.0375
8 0.08203125 0.8640625 0.1640625 0.26875
8 0.0921875 0.9546875 0.184375 0.090625
5 0.11796875 0.9140625 0.0171875 0.01875
7 0.11796875 0.91953125 0.0140625 0.0109375
5 0.6203125 0.78984375 0.221875 0.4203125
5 0.8234375 0.67578125 0.353125 0.1921875