1 0.3359375 0.1671875 0.0328125 0.0421875
1 0.31015625 0.1796875 0.0140625 0.0140625
1 0.24609375 0.28515625 0.0375 0.0609375
1 0.04921875 0.22578125 0.03125 0.0375
0 0.03984375 0.18515625 0.0453125 0.0578125
0 0.12109375 0.1640625 0.0453125 0.0578125
0 0.23984375 0.23671875 0.059375 0.0796875
0 0.415625 0.1859375 0.0578125 0.0828125
0 0.32734375 0.1125 0.0453125 0.0578125
0 0.3078125 0.1453125 0.0328125 0.05
7 0.34765625 0.21328125 0.096875 0.0984375
7 0.46875 0.296875 0.0625 0.225
7 0.19609375 0.3609375 0.1390625 0.215625
7 0.14453125 0.3125 0.1234375 0.1890625
7 0.0578125 0.3109375 0.115625 0.184375
5 0.0828125 0.32890625 0.165625 0.3609375
5 0.15859375 0.31796875 0.1890625 0.3828125
5 0.22421875 0.3515625 0.2484375 0.315625
5 0.3015625 0.19765625 0.078125 0.15
5 0.3296875 0.17578125 0.1421875 0.2015625
5 0.4421875 0.3171875 0.115625 0.384375
8 0.75 0.3171875 0.5 0.384375
5 0.76875 0.33046875 0.0171875 0.0453125
3 0.121875 0.53125 0.0390625 0.0359375
3 0.1765625 0.51328125 0.028125 0.0078125
3 0.23203125 0.52109375 0.0296875 0.0234375
7 0.13203125 0.6359375 0.1703125 0.225
7 0.18984375 0.56015625 0.0796875 0.0859375
7 0.25078125 0.61171875 0.14375 0.203125
7 0.31484375 0.57734375 0.1296875 0.1359375
7 0.4015625 0.58359375 0.13125 0.1484375
7 0.46796875 0.5703125 0.0640625 0.121875
5 0.15078125 0.7453125 0.2609375 0.471875
5 0.20390625 0.69140625 0.1453125 0.3640625
5 0.26171875 0.72421875 0.2203125 0.4296875
5 0.32890625 0.684375 0.1859375 0.35
5 0.359375 0.646875 0.140625 0.275
5 0.41015625 0.69453125 0.1796875 0.3703125
5 0.4375 0.65625 0.125 0.29375
5 0.45390625 0.6328125 0.0921875 0.246875
5 0.45390625 0.6765625 0.0921875 0.334375
8 0.75 0.7546875 0.5 0.490625