5 0.11015625 0.0140625 0.0484375 0.028125
8 0.17265625 0.11171875 0.3453125 0.2234375
0 0.859375 0.28203125 0.1 0.0703125
0 0.95 0.309375 0.1 0.1375
3 0.8875 0.3296875 0.0453125 0.05625
3 0.8390625 0.34765625 0.0546875 0.0390625
4 0.90546875 0.45859375 0.1828125 0.1421875
5 0.78984375 0.359375 0.4203125 0.325
5 0.74765625 0.35625 0.3171875 0.271875
8 0.45 0.86015625 0.259375 0.2796875
8 0.24296875 0.84921875 0.4859375 0.3015625
3 0.765625 0.66484375 0.01875 0.0171875
2 0.76796875 0.62890625 0.025 0.0203125
4 0.7578125 0.73125 0.06875 0.1140625
5 0.75 0.7796875 0.1125 0.3328125