6 0.59453125 0.2421875 0.009375 0.0375
6 0.74375 0.21640625 0.009375 0.034375
6 0.77734375 0.2109375 0.009375 0.03125
6 0.63515625 0.22265625 0.009375 0.0328125
6 0.7890625 0.209375 0.0078125 0.0296875
6 0.94140625 0.184375 0.0078125 0.0203125
6 0.87734375 0.1890625 0.00625 0.01875
6 0.81875 0.19375 0.00625 0.01875
6 0.76640625 0.20859375 0.00625 0.021875
6 0.75078125 0.19921875 0.00625 0.01875
6 0.7 0.203125 0.00625 0.0171875
6 0.68671875 0.228125 0.0109375 0.0328125
6 0.69140625 0.2171875 0.00625 0.021875
6 0.69375 0.2140625 0.0046875 0.01875
6 0.65234375 0.2078125 0.00625 0.015625
6 0.6265625 0.21875 0.00625 0.021875
6 0.61796875 0.22109375 0.00625 0.0203125
1 0.359375 0.5296875 0.440625 0.271875
2 0.33828125 0.36640625 0.4828125 0.0328125
4 0.28984375 0.8453125 0.5796875 0.309375
5 0.28984375 0.675 0.5796875 0.65
4 0.8765625 0.83671875 0.190625 0.3265625
3 0.884375 0.62578125 0.053125 0.059375
2 0.88359375 0.528125 0.071875 0.06875
5 0.8515625 0.74296875 0.225 0.5140625