8 0.1296875 0.21953125 0.259375 0.4390625
7 0.68046875 0.33828125 0.04375 0.0703125
3 0.68125 0.30546875 0.0078125 0.0125
0 0.67265625 0.2828125 0.028125 0.03125
5 0.70546875 0.34609375 0.1078125 0.1859375
8 0.6296875 0.21953125 0.740625 0.4390625
6 0.25234375 0.4984375 0.0140625 0.053125
6 0.2109375 0.55078125 0.0484375 0.0875
9 0.05 0.73125 0.1 0.5375
1 0.5484375 0.84453125 0.578125 0.3109375
2 0.565625 0.57890625 0.6125 0.2796875
4 0.6296875 0.94140625 0.740625 0.1171875
5 0.6296875 0.71953125 0.740625 0.5609375