0 0.43828125 0.05859375 0.01875 0.0375
0 0.1359375 0.1359375 0.0234375 0.0390625
0 0.2703125 0.16328125 0.01875 0.03125
4 0.28359375 0.19296875 0.01875 0.0484375
4 0.1328125 0.1875 0.0421875 0.0734375
4 0.0140625 0.03984375 0.028125 0.0796875
4 0.34296875 0.0984375 0.071875 0.1671875
4 0.44765625 0.10859375 0.0140625 0.0390625
5 0.27734375 0.18046875 0.0359375 0.0671875
5 0.13671875 0.18984375 0.06875 0.1484375
5 0.02109375 0.10859375 0.0421875 0.2171875
3 0.13515625 0.17109375 0.0109375 0.015625
3 0.3296875 0.01328125 0.021875 0.0265625
3 0.4890625 0.01953125 0.0328125 0.0359375
5 0.33125 0.2046875 0.125 0.409375
5 0.44140625 0.09453125 0.03125 0.109375
5 0.4953125 0.2046875 0.15 0.409375
7 0.50390625 0.13359375 0.1203125 0.2421875
6 0.54453125 0.49296875 0.015625 0.0375
6 0.41875 0.48125 0.01875 0.046875
6 0.26796875 0.50546875 0.0375 0.0703125
6 0.04296875 0.57265625 0.0390625 0.090625
9 0.3109375 0.76640625 0.540625 0.4671875
6 0.6390625 0.47734375 0.003125 0.0171875
6 0.6125 0.4578125 0.0078125 0.015625
9 0.63203125 0.434375 0.0171875 0.0375