9 0.6328125 0.06328125 0.103125 0.1265625
9 0.575 0.046875 0.05 0.09375
7 0.7 0.0828125 0.1375 0.165625
7 0.8359375 0.028125 0.08125 0.05625
5 0.85625 0.1765625 0.15 0.353125
5 0.75234375 0.21953125 0.3296875 0.4390625
6 0.43828125 0.3875 0.0328125 0.046875
9 0.24453125 0.21953125 0.4890625 0.4390625
3 0.47734375 0.11484375 0.0515625 0.075
0 0.48359375 0.02890625 0.1328125 0.0578125
7 0.48984375 0.27109375 0.1203125 0.3359375
5 0.47890625 0.21953125 0.1421875 0.4390625
8 0.37109375 0.628125 0.3546875 0.378125
8 0.2453125 0.78984375 0.490625 0.4203125