1 0.115625 0.175 0.23125 0.221875
2 0.19375 0.04921875 0.3875 0.0984375
4 0.265625 0.47890625 0.53125 0.2609375
5 0.265625 0.3046875 0.53125 0.609375
5 0.13125 0.8046875 0.215625 0.390625
5 0.32890625 0.8046875 0.1796875 0.390625
5 0.45390625 0.8046875 0.1546875 0.390625
3 0.440625 0.70703125 0.046875 0.0421875
3 0.28828125 0.66953125 0.03125 0.0640625
3 0.134375 0.7109375 0.0515625 0.0484375
2 0.1359375 0.625 0.078125 0.03125
2 0.4546875 0.628125 0.078125 0.0375
4 0.45 0.865625 0.109375 0.26875
4 0.33671875 0.8453125 0.1328125 0.309375
4 0.125 0.865625 0.159375 0.26875