8 0.234375 0.23984375 0.390625 0.4796875
0 0.55703125 0.05078125 0.1734375 0.1015625
8 0.92265625 0.17890625 0.1546875 0.3578125
7 0.56796875 0.325 0.2765625 0.309375
3 0.56796875 0.1765625 0.096875 0.0921875
5 0.66953125 0.23984375 0.4796875 0.4796875
7 0.00859375 0.684375 0.0171875 0.1625
7 0.02578125 0.60546875 0.040625 0.0890625
7 0.059375 0.68046875 0.0625 0.1171875
7 0.08671875 0.6359375 0.025 0.0734375
7 0.13828125 0.68984375 0.0921875 0.1796875
7 0.1859375 0.628125 0.034375 0.096875
7 0.21953125 0.653125 0.0765625 0.11875
7 0.3078125 0.63828125 0.053125 0.1125
7 0.35234375 0.665625 0.08125 0.13125
7 0.40078125 0.6328125 0.0578125 0.103125
0 0.41171875 0.55703125 0.03125 0.0328125
0 0.340625 0.55703125 0.040625 0.0421875
0 0.31015625 0.5421875 0.03125 0.0359375
0 0.2109375 0.5515625 0.0296875 0.0328125
0 0.19296875 0.54453125 0.0234375 0.028125
0 0.14375 0.55625 0.04375 0.0453125
0 0.078125 0.575 0.0171875 0.025
0 0.0578125 0.5671875 0.0328125 0.0375
0 0.046875 0.54921875 0.01875 0.0140625
0 0.02109375 0.53203125 0.0234375 0.025
0 0.0046875 0.5484375 0.009375 0.04375
3 0.00234375 0.58984375 0.0046875 0.0171875
3 0.025 0.56171875 0.0140625 0.0125
3 0.07265625 0.58515625 0.00625 0.0078125
3 0.0640625 0.603125 0.0125 0.0125
3 0.1484375 0.60546875 0.0171875 0.0234375
3 0.21640625 0.584375 0.015625 0.015625
3 0.3171875 0.5796875 0.0140625 0.0109375
3 0.346875 0.6 0.015625 0.0171875
3 0.41171875 0.5859375 0.0140625 0.0125
5 0.02421875 0.740625 0.0484375 0.428125
5 0.0296875 0.66015625 0.0546875 0.284375
5 0.04765625 0.55703125 0.01875 0.0328125
5 0.08671875 0.6578125 0.034375 0.1921875
5 0.06328125 0.69296875 0.078125 0.2859375
5 0.1640625 0.6328125 0.021875 0.08125
5 0.14453125 0.74296875 0.1078125 0.421875
5 0.1921875 0.665625 0.0546875 0.271875
5 0.2265625 0.70234375 0.0890625 0.334375
5 0.30859375 0.65234375 0.0609375 0.2546875
5 0.371875 0.72890625 0.115625 0.3984375
5 0.40078125 0.66953125 0.0578125 0.2640625
8 0.7359375 0.74609375 0.3328125 0.378125
6 0.9546875 0.85 0.0265625 0.0578125
6 0.690625 0.97890625 0.08125 0.0421875
6 0.63671875 0.97421875 0.0671875 0.0515625
6 0.59765625 0.96484375 0.0640625 0.0703125
6 0.590625 0.94375 0.059375 0.1125
6 0.59921875 0.86796875 0.0296875 0.0640625
6 0.56953125 0.87578125 0.028125 0.0671875
6 0.534375 0.88515625 0.0171875 0.0578125
6 0.54296875 0.95078125 0.0453125 0.0984375
6 0.525 0.93046875 0.028125 0.1015625
6 0.50234375 0.91328125 0.034375 0.09375
9 0.43359375 0.809375 0.0078125 0.0375
9 0.43828125 0.740625 0.0171875 0.028125
9 0.4953125 0.75078125 0.0515625 0.021875
9 0.53359375 0.79921875 0.015625 0.0234375
9 0.603125 0.8 0.040625 0.0359375
9 0.55625 0.7953125 0.034375 0.0375
9 0.67265625 0.8109375 0.0484375 0.053125
9 0.69140625 0.809375 0.0703125 0.06875