5 0.24375 0.221875 0.18125 0.44375
5 0.38203125 0.2390625 0.175 0.3453125
5 0.4375 0.15625 0.125 0.3125
4 0.4328125 0.0984375 0.05625 0.10625
4 0.3546875 0.1875 0.059375 0.096875
4 0.275 0.1578125 0.0890625 0.1984375
3 0.44453125 0.04765625 0.021875 0.01875
3 0.3859375 0.13359375 0.009375 0.0125
3 0.2546875 0.05 0.021875 0.034375
0 0.45234375 0.01328125 0.0359375 0.0265625
0 0.38125 0.103125 0.05 0.0640625
0 0.2703125 0.01328125 0.071875 0.0265625
4 0.86640625 0.078125 0.2671875 0.15625
5 0.784375 0.2265625 0.43125 0.453125
8 0.36328125 0.75625 0.4109375 0.39375
0 0.61953125 0.91640625 0.0125 0.0140625
4 0.61640625 0.94140625 0.0203125 0.034375
9 0.7359375 0.94921875 0.253125 0.1015625
5 0.61640625 0.93828125 0.025 0.059375