8 0.57109375 0.328125 0.1828125 0.20625
8 0.9015625 0.50078125 0.196875 0.4046875
8 0.73984375 0.3953125 0.5203125 0.646875
3 0.628125 0.309375 0.009375 0.0109375
2 0.62578125 0.29296875 0.0140625 0.01875
4 0.62265625 0.33203125 0.01875 0.0375
5 0.62890625 0.32578125 0.0375 0.0875
8 0.13359375 0.86328125 0.2 0.20625
8 0.23984375 0.859375 0.4796875 0.28125
3 0.1984375 0.84375 0.009375 0.0109375
2 0.19609375 0.82734375 0.0140625 0.01875
4 0.19296875 0.86640625 0.01875 0.0375
5 0.19921875 0.86015625 0.0375 0.0875
8 0.6515625 0.77421875 0.34375 0.1109375