3 0.1953125 0.14921875 0.0421875 0.065625
0 0.18671875 0.0640625 0.0875 0.10625
7 0.246875 0.33046875 0.1734375 0.3140625
5 0.2375 0.284375 0.384375 0.56875
7 0.928125 0.23359375 0.14375 0.4671875
7 0.73984375 0.30234375 0.25 0.421875
7 0.5671875 0.3125 0.234375 0.496875
0 0.66796875 0.01484375 0.1046875 0.0296875
3 0.9453125 0.01015625 0.078125 0.0203125
3 0.6828125 0.0828125 0.0578125 0.0609375
5 0.57734375 0.284375 0.2546875 0.56875
5 0.76171875 0.284375 0.3515625 0.56875
5 0.8921875 0.284375 0.215625 0.56875
8 0.17734375 0.77421875 0.3546875 0.4109375
8 0.725 0.784375 0.55 0.43125