9 0.11640625 0.34296875 0.2203125 0.1671875
0 0.2640625 0.103125 0.0625 0.103125
3 0.2953125 0.13828125 0.021875 0.0640625
0 0.34453125 0.13203125 0.0296875 0.05
7 0.34296875 0.25859375 0.0609375 0.1734375
7 0.2953125 0.325 0.121875 0.296875
5 0.29453125 0.3 0.1515625 0.6
5 0.340625 0.31953125 0.103125 0.5609375
8 0.8875 0.3 0.225 0.6
4 0.8828125 0.08046875 0.03125 0.034375
3 0.8796875 0.05703125 0.0125 0.0125
2 0.87734375 0.04375 0.015625 0.0125
5 0.8875 0.0890625 0.053125 0.109375
9 0.76953125 0.165625 0.0359375 0.0453125
6 0.5625 0.6078125 0.0125 0.015625
6 0.51484375 0.6359375 0.0328125 0.071875
6 0.54609375 0.8890625 0.0453125 0.146875
9 0.1765625 0.8 0.353125 0.4