9 0.109375 0.02421875 0.06875 0.0484375
9 0.06484375 0.0296875 0.0890625 0.059375
8 0.090625 0.1171875 0.0671875 0.103125
8 0.10546875 0.1796875 0.2109375 0.359375
0 0.3609375 0.053125 0.0078125 0.009375
0 0.32890625 0.021875 0.009375 0.0109375
4 0.3046875 0.0671875 0.0140625 0.0390625
2 0.3046875 0.0328125 0.009375 0.0109375
5 0.30859375 0.065625 0.0234375 0.0765625
7 0.33203125 0.0484375 0.01875 0.034375
7 0.3515625 0.06796875 0.0140625 0.021875
5 0.35234375 0.06484375 0.021875 0.0296875
5 0.334375 0.04921875 0.021875 0.0703125
7 0.315625 0.0859375 0.009375 0.0171875
5 0.31640625 0.07890625 0.0125 0.034375
8 0.68984375 0.21875 0.6203125 0.340625
5 0.13515625 0.98515625 0.0484375 0.0296875
8 0.28671875 0.85 0.1796875 0.3
8 0.18984375 0.69453125 0.3796875 0.6109375
9 0.0171875 0.8046875 0.034375 0.10625
7 0.10703125 0.75234375 0.0140625 0.0390625
0 0.115625 0.73046875 0.009375 0.0109375
5 0.11015625 0.76640625 0.0234375 0.0859375
5 0.61796875 0.69453125 0.4765625 0.6109375
4 0.5875 0.83125 0.396875 0.3375
1 0.578125 0.45859375 0.1875 0.1390625