9 0.43125 0.06171875 0.0296875 0.034375
9 0.71796875 0.090625 0.0171875 0.040625
9 0.6828125 0.10234375 0.0890625 0.09375
9 0.63828125 0.1109375 0.0171875 0.040625
9 0.6109375 0.10078125 0.0515625 0.059375
4 0.2484375 0.10234375 0.225 0.2046875
4 0.13359375 0.1328125 0.2671875 0.265625
5 0.1609375 0.2296875 0.321875 0.459375
5 0.18828125 0.2296875 0.3453125 0.459375
5 0.31171875 0.16953125 0.0984375 0.3390625
3 0.859375 0.65625 0.2796875 0.253125
0 0.890625 0.63046875 0.21875 0.3421875
7 0.76796875 0.91328125 0.4640625 0.1734375
5 0.68046875 0.7296875 0.6390625 0.540625