7 0.5015625 0.1203125 0.140625 0.240625
7 0.84375 0.09765625 0.18125 0.1953125
0 0.71953125 0.0625 0.0828125 0.125
3 0.753125 0.096875 0.028125 0.0578125
5 0.840625 0.209375 0.31875 0.41875
5 0.521875 0.209375 0.196875 0.41875
8 0.23046875 0.2515625 0.1796875 0.334375
0 0.3859375 0.640625 0.0796875 0.05625
0 0.634375 0.609375 0.09375 0.0625
0 0.33984375 0.64609375 0.0390625 0.0265625
0 0.32578125 0.6328125 0.0109375 0.01875
3 0.33671875 0.66796875 0.0125 0.0125
3 0.40859375 0.6796875 0.0390625 0.0265625
3 0.64140625 0.64921875 0.040625 0.025
7 0.665625 0.728125 0.1421875 0.1765625
7 0.3984375 0.7765625 0.15625 0.19375
4 0.32421875 0.67578125 0.0078125 0.0359375
4 0.34609375 0.70234375 0.0515625 0.0734375
5 0.3421875 0.71171875 0.04375 0.1828125
5 0.3421875 0.67265625 0.04375 0.0796875
5 0.41640625 0.803125 0.1921875 0.39375
5 0.6875 0.78359375 0.215625 0.4296875
8 0.2140625 0.7578125 0.2125 0.484375