0 0.2109375 0.42421875 0.06875 0.0828125
4 0.20703125 0.53359375 0.1109375 0.0921875
5 0.19296875 0.4796875 0.1765625 0.2
1 0.77578125 0.46171875 0.134375 0.140625
2 0.753125 0.14140625 0.0921875 0.0703125
3 0.7078125 0.23359375 0.0484375 0.0484375
3 0.58984375 0.48203125 0.0859375 0.0875
2 0.6078125 0.27109375 0.196875 0.1609375
2 0.77734375 0.26796875 0.1453125 0.153125
4 0.9625 0.40546875 0.075 0.3484375
5 0.90703125 0.28984375 0.1859375 0.5796875
5 0.740625 0.1984375 0.1265625 0.19375
5 0.77578125 0.37734375 0.4484375 0.4046875
5 0.66875 0.35078125 0.31875 0.4578125
7 0.25625 0.6921875 0.228125 0.225
5 0.25234375 0.78984375 0.5046875 0.4203125