1 0.78984375 0.03203125 0.1234375 0.0640625
0 0.96484375 0.12734375 0.0703125 0.2546875
7 0.9046875 0.1703125 0.190625 0.278125
7 0.646875 0.1546875 0.453125 0.309375
7 0.49609375 0.1546875 0.1515625 0.309375
5 0.51328125 0.1546875 0.1859375 0.309375
5 0.70703125 0.1546875 0.5734375 0.309375
5 0.89296875 0.1546875 0.2140625 0.309375
5 0.37421875 0.1546875 0.0921875 0.309375
6 0.45390625 0.38671875 0.009375 0.025
6 0.53203125 0.384375 0.009375 0.025
6 0.58828125 0.3875 0.009375 0.025
6 0.60625 0.44140625 0.0203125 0.05
6 0.64140625 0.39453125 0.0109375 0.03125
6 0.67109375 0.4203125 0.0171875 0.0421875
6 0.675 0.40390625 0.0125 0.0359375
6 0.46875 0.46171875 0.0234375 0.059375
6 0.53671875 0.5109375 0.0359375 0.0859375
6 0.7640625 0.4625 0.028125 0.0703125
6 0.8234375 0.4265625 0.01875 0.0484375
6 0.7953125 0.40390625 0.0140625 0.040625
6 0.72890625 0.3875 0.0125 0.03125
6 0.6484375 0.38046875 0.009375 0.025
6 0.57109375 0.37734375 0.0078125 0.0234375
6 0.46875 0.378125 0.009375 0.0234375
6 0.72421875 0.9421875 0.0609375 0.115625
6 0.2046875 0.61875 0.0375 0.053125
9 0.13125 0.6546875 0.2625 0.690625