8 0.68515625 0.16484375 0.6296875 0.3296875
5 0.76015625 0.19140625 0.2140625 0.2765625
3 0.821875 0.20078125 0.034375 0.040625
2 0.82578125 0.10546875 0.0578125 0.1171875
8 0.83359375 0.71796875 0.3328125 0.5640625
8 0.40234375 0.828125 0.0640625 0.34375
2 0.6984375 0.434375 0.025 0.0203125
2 0.653125 0.596875 0.0375 0.059375
2 0.86640625 0.659375 0.034375 0.021875
2 0.9359375 0.909375 0.053125 0.03125
3 0.8625 0.68515625 0.01875 0.0140625
3 0.9328125 0.95703125 0.0140625 0.0171875
4 0.9703125 0.97421875 0.059375 0.0515625
4 0.875 0.74609375 0.0390625 0.090625
4 0.69296875 0.50859375 0.04375 0.10625
4 0.63828125 0.66640625 0.06875 0.1546875
5 0.62734375 0.75390625 0.1625 0.375
5 0.70078125 0.5671875 0.08125 0.2875
5 0.8625 0.79765625 0.1265625 0.303125
5 0.92734375 0.946875 0.1453125 0.10625
7 0.2046875 0.7828125 0.025 0.0578125
7 0.1046875 0.9 0.025 0.040625
7 0.0640625 0.91953125 0.028125 0.0609375
7 0.0890625 0.96640625 0.028125 0.0625
0 0.0625 0.8703125 0.015625 0.01875
0 0.10390625 0.86015625 0.0171875 0.021875
0 0.20390625 0.7328125 0.015625 0.0203125
5 0.2046875 0.81015625 0.0328125 0.18125
5 0.10546875 0.92421875 0.0296875 0.1515625
5 0.090625 0.9546875 0.05 0.090625
5 0.06171875 0.9296875 0.0390625 0.140625