0 0.078125 0.16171875 0.15625 0.3234375
5 0.07890625 0.29453125 0.1578125 0.5890625
8 0.684375 0.3 0.63125 0.6
8 0.55546875 0.27265625 0.3734375 0.5453125
0 0.51015625 0.2859375 0.015625 0.0140625
3 0.509375 0.30078125 0.0109375 0.0109375
4 0.50546875 0.31640625 0.0234375 0.034375
5 0.4984375 0.3203125 0.053125 0.0890625
0 0.184375 0.87109375 0.36875 0.2546875
5 0.184375 0.84609375 0.36875 0.3078125
6 0.56640625 0.8078125 0.0390625 0.0546875
9 0.89453125 0.8 0.2109375 0.4
9 0.5015625 0.8 0.265625 0.4