5 0.615625 0.2140625 0.2625 0.309375
6 0.459375 0.21328125 0.003125 0.0171875
6 0.45234375 0.2015625 0.0078125 0.0125
6 0.44765625 0.19609375 0.00625 0.0125
6 0.44296875 0.190625 0.00625 0.0109375
6 0.43828125 0.184375 0.0078125 0.0140625
6 0.27109375 0.225 0.0234375 0.0375
6 0.3234375 0.2046875 0.0140625 0.0234375
6 0.3421875 0.196875 0.0125 0.0203125
6 0.36875 0.1859375 0.0078125 0.0125
6 0.3765625 0.1828125 0.00625 0.0109375
6 0.38046875 0.18046875 0.00625 0.009375
6 0.38359375 0.1765625 0.0046875 0.0140625
6 0.009375 0.121875 0.00625 0.009375
6 0.06171875 0.128125 0.00625 0.0078125
6 0.4359375 0.18515625 0.003125 0.009375
6 0.4328125 0.1828125 0.0046875 0.00625
6 0.4234375 0.18046875 0.0046875 0.00625
6 0.4078125 0.1765625 0.0046875 0.00625
6 0.39140625 0.1734375 0.003125 0.00625
6 0.3796875 0.175 0.003125 0.0078125
6 0.37734375 0.1734375 0.003125 0.0078125
6 0.36875 0.17109375 0.0046875 0.00625
6 0.3578125 0.16875 0.0046875 0.00625
6 0.334375 0.1640625 0.0046875 0.00625
6 0.30078125 0.159375 0.0046875 0.0078125
6 0.271875 0.1546875 0.0046875 0.0078125
6 0.24140625 0.15078125 0.0046875 0.0078125
6 0.19375 0.1421875 0.0046875 0.00625
6 0.2125 0.146875 0.0046875 0.00625
6 0.184375 0.14296875 0.0046875 0.0078125
6 0.15703125 0.13828125 0.003125 0.00625
6 0.13984375 0.1375 0.00625 0.0078125
6 0.1125 0.13203125 0.0046875 0.0078125
6 0.09921875 0.13203125 0.0046875 0.0078125
6 0.07109375 0.1265625 0.0046875 0.0078125
6 0.01953125 0.1203125 0.0046875 0.009375
9 0.23046875 0.30078125 0.4609375 0.1359375
9 0.88203125 0.38515625 0.2359375 0.0328125
8 0.6265625 0.43203125 0.075 0.103125
8 0.615625 0.5171875 0.309375 0.296875
7 0.94921875 0.39375 0.0203125 0.0390625
5 0.95078125 0.4015625 0.0265625 0.065625
5 0.93671875 0.434375 0.0171875 0.0234375
7 0.93515625 0.43828125 0.015625 0.015625
0 0.953125 0.37109375 0.009375 0.0046875
0 0.934375 0.42734375 0.0078125 0.0078125
0 0.88828125 0.41484375 0.0078125 0.009375
0 0.86328125 0.38046875 0.009375 0.0109375
4 0.83515625 0.41875 0.01875 0.0390625
2 0.8390625 0.3859375 0.009375 0.0109375
5 0.83828125 0.4171875 0.0296875 0.075
7 0.8625 0.40625 0.021875 0.034375
7 0.878125 0.42734375 0.015625 0.0203125
5 0.8796875 0.42421875 0.025 0.03125
5 0.8640625 0.40703125 0.0296875 0.06875
7 0.8421875 0.43828125 0.0109375 0.0171875
5 0.84375 0.43203125 0.015625 0.0328125
8 0.23046875 0.684375 0.4609375 0.63125