7 0.68671875 0.08046875 0.1515625 0.1609375
5 0.6453125 0.275 0.2125 0.55
5 0.0078125 0.1515625 0.015625 0.23125
8 0.72265625 0.7984375 0.5546875 0.403125
8 0.37421875 0.88828125 0.1328125 0.1796875
9 0.26640625 0.6765625 0.028125 0.0328125
9 0.24140625 0.67265625 0.028125 0.0296875
9 0.2171875 0.66484375 0.028125 0.034375
9 0.19375 0.65859375 0.028125 0.03125
9 0.159375 0.65078125 0.0296875 0.0328125
9 0.134375 0.64453125 0.028125 0.03125
9 0.11015625 0.63984375 0.028125 0.03125
9 0.0859375 0.634375 0.028125 0.03125
9 0.06640625 0.62890625 0.028125 0.03125
9 0.04609375 0.6234375 0.028125 0.0296875
9 0.03046875 0.6203125 0.028125 0.03125
9 0.01328125 0.615625 0.0265625 0.03125
5 0.0171875 0.98984375 0.015625 0.0203125
8 0.0984375 0.93046875 0.1375 0.1390625
8 0.19453125 0.79453125 0.3890625 0.4109375