9 0.91875 0.57578125 0.0375 0.034375
9 0.8578125 0.540625 0.0328125 0.0296875
9 0.88203125 0.55859375 0.0296875 0.0265625
8 0.615625 0.47890625 0.0328125 0.034375
9 0.640625 0.4953125 0.034375 0.0328125
3 0.57265625 0.53515625 0.009375 0.0109375
0 0.57578125 0.51640625 0.0234375 0.034375
5 0.5640625 0.55859375 0.075 0.1203125
4 0.7140625 0.53125 0.0328125 0.0578125
0 0.72265625 0.490625 0.0171875 0.021875
5 0.70625 0.546875 0.071875 0.14375
8 0.61640625 0.809375 0.3140625 0.38125
8 0.890625 0.9171875 0.14375 0.165625