9 0.2921875 0.18203125 0.2828125 0.28125
9 0.10234375 0.23515625 0.2046875 0.2828125
9 0.07578125 0.384375 0.1515625 0.35
8 0.31015625 0.69765625 0.2984375 0.2765625
6 0.50859375 0.8265625 0.0390625 0.10625
6 0.63203125 0.6578125 0.015625 0.040625
6 0.74765625 0.628125 0.0140625 0.0375
6 0.890625 0.58515625 0.0140625 0.0359375
6 0.4828125 0.6859375 0.0140625 0.0359375
6 0.48671875 0.66953125 0.0078125 0.0265625
6 0.5640625 0.6546875 0.0109375 0.03125
6 0.6890625 0.6296875 0.0109375 0.028125
6 0.8578125 0.8890625 0.0671875 0.178125
6 0.9234375 0.57578125 0.0125 0.03125
6 0.784375 0.60390625 0.0125 0.0328125
6 0.93359375 0.5734375 0.0109375 0.028125
6 0.9625 0.56171875 0.009375 0.0046875
6 0.91171875 0.57421875 0.009375 0.021875
6 0.8953125 0.56796875 0.009375 0.0171875
6 0.84609375 0.5765625 0.0078125 0.0171875
6 0.83671875 0.60390625 0.0140625 0.034375
6 0.8390625 0.5921875 0.0078125 0.0234375
6 0.84140625 0.58828125 0.00625 0.0203125
6 0.8 0.5875 0.0078125 0.015625
6 0.77578125 0.60078125 0.0078125 0.021875
6 0.76796875 0.60390625 0.0078125 0.0203125
6 0.71484375 0.61328125 0.0078125 0.0203125
6 0.69375 0.61953125 0.0078125 0.0203125
6 0.6375 0.63046875 0.0078125 0.021875
6 0.5921875 0.6390625 0.0078125 0.0171875
6 0.58203125 0.63828125 0.0078125 0.0171875
6 0.59765625 0.625 0.00625 0.0140625
6 0.5703125 0.63125 0.00625 0.0125
6 0.540625 0.6484375 0.00625 0.0203125
6 0.5265625 0.6484375 0.0078125 0.01875
6 0.48984375 0.653125 0.00625 0.0171875
6 0.50546875 0.64140625 0.00625 0.0125
6 0.4796875 0.6578125 0.0078125 0.0203125
6 0.54921875 0.63203125 0.00625 0.0125