9 0.596875 0.28515625 0.04375 0.0703125
9 0.35703125 0.2484375 0.06875 0.0640625
9 0.39609375 0.259375 0.0890625 0.075
9 0.14375 0.1671875 0.2640625 0.15
8 0.3609375 0.33828125 0.0734375 0.1015625
8 0.41953125 0.290625 0.3984375 0.378125
7 0.0796875 0.2125 0.0203125 0.0375
5 0.07890625 0.215625 0.028125 0.06875
5 0.0796875 0.25234375 0.0171875 0.021875
7 0.0796875 0.25625 0.015625 0.0140625
0 0.08515625 0.18828125 0.0078125 0.0109375
0 0.08359375 0.246875 0.0078125 0.0078125
0 0.12890625 0.2484375 0.0078125 0.009375
0 0.16171875 0.225 0.0078125 0.0109375
4 0.1765625 0.26796875 0.01875 0.0375
2 0.18125 0.2375 0.009375 0.009375
5 0.1734375 0.26640625 0.03125 0.071875
7 0.1546875 0.24765625 0.021875 0.0328125
7 0.134375 0.2625 0.0140625 0.0203125
5 0.134375 0.259375 0.0234375 0.0296875
5 0.153125 0.24921875 0.0296875 0.065625
7 0.16328125 0.28359375 0.0109375 0.015625
5 0.1640625 0.2765625 0.015625 0.03125
8 0.70390625 0.14296875 0.1703125 0.2515625
8 0.3296875 0.84765625 0.196875 0.2015625
8 0.309375 0.78984375 0.61875 0.4203125
3 0.390625 0.834375 0.0078125 0.0109375
2 0.38984375 0.81875 0.0140625 0.0171875
4 0.38359375 0.853125 0.0203125 0.0359375
5 0.38984375 0.85 0.040625 0.0828125
5 0.809375 0.73984375 0.38125 0.5203125
4 0.809375 0.8640625 0.38125 0.271875
1 0.89375 0.659375 0.2125 0.25