8 0.44765625 0.06484375 0.0328125 0.0359375
9 0.475 0.08125 0.0359375 0.0328125
3 0.4046875 0.12578125 0.009375 0.0125
0 0.40703125 0.10625 0.0234375 0.0359375
5 0.4 0.20546875 0.075 0.234375
4 0.5546875 0.11640625 0.0328125 0.0609375
0 0.56171875 0.07265625 0.0171875 0.0234375
5 0.55 0.16015625 0.071875 0.203125
5 0.66796875 0.24140625 0.1578125 0.3765625
1 0.25703125 0.71875 0.5140625 0.353125
2 0.28515625 0.48828125 0.5703125 0.1171875
4 0.29453125 0.87109375 0.5890625 0.2578125
5 0.29453125 0.71484375 0.5890625 0.5703125
8 0.76015625 0.71484375 0.3421875 0.5703125
8 0.79453125 0.79765625 0.4109375 0.4046875