8 0.19453125 0.2046875 0.3890625 0.409375
0 0.77109375 0.15078125 0.034375 0.0359375
0 0.8578125 0.16015625 0.0375 0.0390625
0 0.95 0.16796875 0.0390625 0.0375
0 0.7171875 0.16796875 0.0359375 0.0375
0 0.496875 0.12421875 0.0359375 0.0359375
0 0.55078125 0.1046875 0.0328125 0.0375
0 0.815625 0.19140625 0.0390625 0.0421875
0 0.58359375 0.1453125 0.034375 0.0390625
0 0.6796875 0.1484375 0.0328125 0.0375
0 0.88515625 0.2140625 0.040625 0.0375
0 0.64609375 0.12734375 0.0328125 0.0375
0 0.4375 0.16328125 0.046875 0.0859375
0 0.62421875 0.16484375 0.0359375 0.04375
0 0.9671875 0.21484375 0.046875 0.04375
3 0.95703125 0.25625 0.025 0.0171875
3 0.9421875 0.20234375 0.021875 0.021875
3 0.87578125 0.25 0.0203125 0.0171875
3 0.85234375 0.1953125 0.0265625 0.01875
3 0.809375 0.23203125 0.028125 0.021875
3 0.76640625 0.1875 0.0234375 0.0203125
3 0.7125 0.20859375 0.0296875 0.021875
3 0.675 0.1828125 0.0234375 0.01875
3 0.64453125 0.159375 0.0203125 0.0203125
3 0.6203125 0.20625 0.0265625 0.025
3 0.5765625 0.178125 0.021875 0.0234375
3 0.54765625 0.140625 0.0234375 0.021875
3 0.5265625 0.1984375 0.0234375 0.021875
3 0.4921875 0.1640625 0.025 0.021875
3 0.46171875 0.14921875 0.01875 0.0171875
3 0.43671875 0.1875 0.021875 0.021875
3 0.39765625 0.16484375 0.0171875 0.0203125
0 0.4046875 0.1234375 0.03125 0.0375
0 0.4421875 0.14140625 0.0390625 0.0375
0 0.465625 0.11171875 0.0328125 0.0328125
0 0.53359375 0.15859375 0.0390625 0.0390625
7 0.4046875 0.23203125 0.03125 0.1453125
7 0.43046875 0.265625 0.0828125 0.159375
7 0.46484375 0.18125 0.0296875 0.0421875
7 0.47578125 0.2375 0.0765625 0.146875
7 0.51640625 0.27421875 0.090625 0.1515625
7 0.5375 0.18046875 0.0625 0.0609375
7 0.56953125 0.24921875 0.0734375 0.1234375
7 0.6171875 0.278125 0.1015625 0.146875
7 0.6484375 0.19140625 0.0265625 0.025
7 0.66328125 0.21328125 0.059375 0.0515625
7 0.70078125 0.275 0.0953125 0.134375
7 0.7578125 0.26171875 0.0796875 0.1234375
7 0.85078125 0.24140625 0.0328125 0.03125
7 0.928125 0.25859375 0.0515625 0.0765625
7 0.9515625 0.3359375 0.096875 0.146875
7 0.87734375 0.32890625 0.090625 0.153125
5 0.9265625 0.27734375 0.13125 0.2640625
5 0.9375 0.3 0.125 0.21875
5 0.87109375 0.3015625 0.1203125 0.215625
5 0.83359375 0.27421875 0.0953125 0.2703125
5 0.8 0.2875 0.13125 0.24375
5 0.74609375 0.26875 0.1203125 0.28125
5 0.69609375 0.275 0.1421875 0.26875
5 0.65546875 0.26640625 0.1078125 0.2859375
5 0.646875 0.15625 0.0484375 0.1
5 0.6046875 0.27265625 0.146875 0.2734375
5 0.56171875 0.265625 0.1046875 0.2875
5 0.54296875 0.1453125 0.0734375 0.121875
5 0.5140625 0.2703125 0.1375 0.278125
5 0.46953125 0.2546875 0.1109375 0.309375
5 0.4375 0.24921875 0.096875 0.3203125
5 0.4359375 0.26328125 0.09375 0.2921875
5 0.41953125 0.25703125 0.0609375 0.3046875
8 0.10859375 0.73203125 0.2171875 0.4859375
8 0.28125 0.78671875 0.215625 0.4265625
5 0.04921875 0.76640625 0.015625 0.0265625
5 0.3421875 0.8015625 0.0203125 0.0375
8 0.834375 0.52578125 0.203125 0.2328125
8 0.828125 0.7046875 0.34375 0.590625