9 0.92109375 0.74296875 0.0296875 0.03125
9 0.87109375 0.74140625 0.0390625 0.0578125
9 0.7703125 0.6140625 0.0390625 0.028125
9 0.3390625 0.58046875 0.03125 0.0265625
9 0.29921875 0.5765625 0.0265625 0.0234375
9 0.271875 0.56875 0.03125 0.025
8 0.18671875 0.6 0.03125 0.0375
9 0.01796875 0.590625 0.0359375 0.0375
0 0.24765625 0.58359375 0.01875 0.034375
0 0.2625 0.66171875 0.0203125 0.0359375
4 0.26171875 0.6203125 0.025 0.0609375
4 0.2671875 0.721875 0.0234375 0.075
5 0.26328125 0.6359375 0.04375 0.1375
5 0.2734375 0.77421875 0.0578125 0.2609375
3 0.26328125 0.68671875 0.009375 0.0078125