1 0.26640625 0.08515625 0.5328125 0.1703125
4 0.365625 0.21640625 0.73125 0.1265625
5 0.365625 0.13984375 0.73125 0.2796875
1 0.89453125 0.61328125 0.2109375 0.4984375
1 0.78046875 0.6671875 0.0984375 0.35
6 0.22578125 0.65703125 0.04375 0.125
6 0.034375 0.4359375 0.00625 0.025
6 0.02578125 0.4265625 0.00625 0.0234375
6 0.01953125 0.41875 0.0046875 0.01875
6 0.015625 0.4140625 0.0046875 0.015625
6 0.0703125 0.4625 0.01875 0.0671875
6 0.06328125 0.45546875 0.0125 0.0609375
6 0.06484375 0.471875 0.0078125 0.040625
6 0.10390625 0.4859375 0.0171875 0.046875
6 0.07734375 0.45625 0.009375 0.034375
6 0.11875 0.446875 0.009375 0.0296875
6 0.1765625 0.4390625 0.0078125 0.0265625
6 0.2453125 0.434375 0.0078125 0.025
6 0.315625 0.43203125 0.00625 0.0234375
6 0.3921875 0.4359375 0.0078125 0.0234375
6 0.465625 0.440625 0.00625 0.0234375
6 0.51796875 0.44609375 0.00625 0.0234375
6 0.53125 0.49765625 0.015625 0.046875
6 0.5671875 0.45546875 0.009375 0.028125
6 0.5921875 0.4828125 0.0125 0.0390625
6 0.59765625 0.46796875 0.009375 0.034375
6 0.4015625 0.50703125 0.0171875 0.0546875
6 0.24140625 0.5015625 0.0171875 0.053125
6 0.1421875 0.55234375 0.025 0.075
6 0.4609375 0.55703125 0.028125 0.0796875
6 0.6765625 0.5296875 0.021875 0.0640625
6 0.7296875 0.49765625 0.003125 0.0453125
6 0.709375 0.47578125 0.0109375 0.0375
6 0.64921875 0.45546875 0.009375 0.0296875
6 0.5734375 0.44375 0.0078125 0.0234375
6 0.503125 0.43515625 0.00625 0.021875
6 0.40703125 0.42890625 0.00625 0.021875
6 0.3078125 0.4265625 0.0078125 0.021875
6 0.21640625 0.42890625 0.0078125 0.021875
6 0.1234375 0.4328125 0.0078125 0.0234375
6 0.03984375 0.43984375 0.009375 0.028125
6 0.60390625 0.95859375 0.0484375 0.0828125