8 0.2046875 0.74375 0.409375 0.36875
7 0.27109375 0.73046875 0.021875 0.028125
2 0.265625 0.70390625 0.0109375 0.009375
2 0.20078125 0.875 0.0140625 0.0125
2 0.125 0.85390625 0.0140625 0.0171875
3 0.12890625 0.8671875 0.009375 0.00625
3 0.2046875 0.8921875 0.009375 0.009375
5 0.26171875 0.73515625 0.0484375 0.075
5 0.2171875 0.93125 0.065625 0.1328125
7 0.13515625 0.8984375 0.034375 0.0609375
7 0.21953125 0.91953125 0.040625 0.06875
7 0.3421875 0.9140625 0.0375 0.0609375
0 0.34609375 0.875 0.0140625 0.0140625
5 0.34140625 0.92109375 0.0515625 0.1140625
5 0.1328125 0.92109375 0.059375 0.1578125
8 0.7453125 0.909375 0.509375 0.18125
8 0.7046875 0.7796875 0.590625 0.440625