8 0.95390625 0.284375 0.0921875 0.171875
9 0.84765625 0.08203125 0.0265625 0.0328125
9 0.821875 0.0796875 0.028125 0.0296875
9 0.796875 0.0734375 0.0265625 0.034375
9 0.77265625 0.0703125 0.028125 0.03125
9 0.7375 0.06328125 0.0296875 0.03125
9 0.7109375 0.0609375 0.0265625 0.03125
9 0.68671875 0.0578125 0.028125 0.03125
9 0.6609375 0.053125 0.028125 0.0296875
9 0.63984375 0.0515625 0.028125 0.0296875
9 0.61953125 0.04765625 0.0265625 0.0296875
9 0.60390625 0.04375 0.0265625 0.03125
9 0.5828125 0.04296875 0.03125 0.03125
9 0.56015625 0.0390625 0.0296875 0.0328125
5 0.61171875 0.434375 0.0140625 0.0390625
8 0.69375 0.415625 0.128125 0.2546875
8 0.70546875 0.35 0.5296875 0.7
8 0.75234375 0.85 0.4953125 0.3
8 0.51171875 0.9359375 0.1421875 0.128125
2 0.08984375 0.84375 0.1796875 0.1875
5 0.2203125 0.8625 0.440625 0.275