5 0.3328125 0.2234375 0.665625 0.446875
8 0.834375 0.3 0.33125 0.6
6 0.57578125 0.77421875 0.05625 0.1109375
6 0.37578125 0.64921875 0.0296875 0.0625
6 0.259375 0.6140625 0.01875 0.028125
6 0.0609375 0.73671875 0.0515625 0.11875
6 0.0890625 0.646875 0.0375 0.075
6 0.0671875 0.609375 0.01875 0.01875
6 0.50390625 0.61796875 0.0109375 0.028125
6 0.578125 0.6296875 0.0109375 0.028125
6 0.6390625 0.6375 0.0078125 0.0265625
6 0.46484375 0.6046875 0.0109375 0.009375
9 0.334375 0.84140625 0.66875 0.3171875
8 0.859375 0.85625 0.2 0.275