8 0.27890625 0.33671875 0.203125 0.1765625
9 0.13203125 0.13046875 0.0265625 0.0328125
9 0.1078125 0.1265625 0.0265625 0.0296875
9 0.08359375 0.11953125 0.0265625 0.034375
9 0.0609375 0.11328125 0.028125 0.03125
9 0.0265625 0.10546875 0.0296875 0.03125
9 0.0078125 0.1 0.015625 0.03125
6 0.31171875 0.19296875 0.0125 0.0078125
8 0.01875 0.41640625 0.0375 0.2046875
8 0.12578125 0.259375 0.2515625 0.51875
1 0.69296875 0.08671875 0.2078125 0.1734375
5 0.74453125 0.259375 0.5109375 0.51875
4 0.70234375 0.328125 0.3953125 0.38125
4 0.43515625 0.60234375 0.1078125 0.1390625
3 0.47890625 0.5328125 0.0203125 0.028125
5 0.36953125 0.73984375 0.2390625 0.4421875
5 0.8859375 0.5796875 0.09375 0.121875