2 0.01640625 0.97890625 0.0328125 0.0390625
2 0.21875 0.8328125 0.24140625 0.1515625
2 0.65546875 0.81328125 0.3125 0.109375
2 0.89609375 0.8171875 0.0359375 0.02265625
2 0.1609375 0.27265625 0.2234375 0.0734375
2 0.44453125 0.2421875 0.12734375 0.0578125
2 0.15078125 0.03828125 0.24140625 0.06484375
2 0.5 0.44296875 1 0.1359375
2 0.78671875 0.34296875 0.0828125 0.02890625
2 0.90078125 0.034375 0.04921875 0.0203125
2 0.809375 0.03671875 0.08515625 0.01796875
2 0.684375 0.184375 0.0515625 0.03125
2 0.77890625 0.18828125 0.04921875 0.03984375
2 0.6921875 0.32890625 0.046875 0.01796875
2 0.6125 0.04453125 0.08515625 0.04921875
2 0.471875 0.04453125 0.09375 0.05390625
2 0.60859375 0.22734375 0.08515625 0.05390625
2 0.5828125 0.16328125 0.02421875 0.04453125
