2 0.24453125 0.190625 0.0734375 0.0359375
2 0.0109375 0.18984375 0.021875 0.0234375
2 0.2765625 0.03125 0.09375 0.03828125
2 0.07890625 0.04140625 0.0515625 0.03359375
2 0.390625 0.03125 0.42890625 0.0625
2 0.83828125 0.03203125 0.3203125 0.0640625
2 0.85546875 0.290625 0.2890625 0.06875
2 0.4296875 0.315625 0.41328125 0.0984375
2 0.125 0.27421875 0.046875 0.06953125
2 0.06328125 0.44453125 0.03125 0.0625
2 0.171875 0.50703125 0.04921875 0.08046875
2 0.31171875 0.5578125 0.07578125 0.05390625
2 0.72421875 0.8171875 0.34375 0.1671875
2 0.515625 0.72890625 0.96875 0.5421875
