2 0.11484375 0.0078125 0.2296875 0.015625
2 0.45234375 0.01328125 0.3390625 0.0265625
2 0.82890625 0.01328125 0.29453125 0.0265625
2 0.7 0.1828125 0.03828125 0.0265625
2 0.80703125 0.21875 0.3015625 0.05546875
2 0.43046875 0.221875 0.3328125 0.0578125
2 0.03984375 0.184375 0.0796875 0.028125
2 0.09453125 0.22109375 0.1890625 0.0546875
2 0.03359375 0.31953125 0.0671875 0.03359375
2 0.096875 0.43671875 0.19375 0.0578125
2 0.40703125 0.434375 0.3328125 0.0578125
2 0.78046875 0.4328125 0.296875 0.05546875
2 0.78984375 0.63203125 0.34609375 0.03828125
2 0.51640625 0.6328125 0.1453125 0.03828125
2 0.47109375 0.68671875 0.9421875 0.4953125
