2 0.07578125 0.03984375 0.1515625 0.0796875
2 0.0421875 0.30390625 0.0828125 0.03984375
2 0.17734375 0.26875 0.1515625 0.04921875
2 0.328125 0.2296875 0.11796875 0.03984375
2 0.50078125 0.175 0.20078125 0.0890625
2 0.70625 0.12734375 0.1671875 0.09140625
2 0.9046875 0.0703125 0.190625 0.103125
2 0.89140625 0.28671875 0.21640625 0.140625
2 0.71015625 0.596875 0.2546875 0.1359375
2 0.7515625 0.83984375 0.284375 0.3203125
2 0.840625 0.31171875 0.10234375 0.14765625
2 0.88203125 0.4421875 0.1296875 0.06015625
