2 0.02890625 0.0046875 0.0578125 0.00859375
2 0.23671875 0.015625 0.21015625 0.03125
2 0.4734375 0.02109375 0.1671875 0.0421875
2 0.63984375 0.0234375 0.06015625 0.02890625
2 0.715625 0.02890625 0.06484375 0.0265625
2 0.79921875 0.034375 0.0203125 0.02265625
2 0.8078125 0.18515625 0.03828125 0.0203125
2 0.86953125 0.32578125 0.03984375 0.03359375
2 0.715625 0.1921875 0.06015625 0.03359375
2 0.6375 0.1953125 0.04921875 0.03984375
2 0.47734375 0.2 0.1609375 0.04453125
2 0.23671875 0.20390625 0.22578125 0.0515625
2 0.03671875 0.20625 0.0734375 0.04921875
2 0.04609375 0.41328125 0.09140625 0.0515625
2 0.2578125 0.3953125 0.2234375 0.0625
2 0.48984375 0.37421875 0.1515625 0.05546875
2 0.640625 0.346875 0.03359375 0.02421875
2 0.72109375 0.34609375 0.05546875 0.03984375
2 0.5 0.4421875 1 0.09375
2 0.5 0.859375 1 0.28125
2 0.96328125 0.04453125 0.0734375 0.02421875
2 0.86640625 0.04140625 0.05546875 0.0265625
2 0.86640625 0.18203125 0.0515625 0.03125
2 0.9609375 0.31171875 0.078125 0.03984375
2 0.80703125 0.33671875 0.0203125 0.0359375
2 0.96328125 0.17890625 0.0734375 0.02265625
