2 0.47421875 0.73671875 0.9375 0.5265625
2 0.159375 0.22109375 0.14921875 0.0515625
2 0.3625 0.01484375 0.08046875 0.0203125
2 0.4921875 0.0046875 0.11171875 0.00859375
2 0.3328125 0.23203125 0.07109375 0.05390625
2 0.29765625 0.42734375 0.06484375 0.01328125
2 0.29609375 0.45 0.0578125 0.01328125
2 0.29140625 0.47421875 0.05546875 0.015625
2 0.4578125 0.2140625 0.1046875 0.0109375
2 0.45390625 0.25078125 0.1046875 0.0265625
2 0.40625 0.4734375 0.11640625 0.0578125
2 0.58671875 0.23984375 0.11796875 0.0625
2 0.81484375 0.24765625 0.21640625 0.0734375
2 0.76328125 0.50078125 0.20078125 0.0890625
2 0.92890625 0.5234375 0.09375 0.0890625
2 0.96875 0.23671875 0.0625 0.0421875
2 0.9609375 0.77421875 0.078125 0.03125
2 0.9578125 0.8 0.0828125 0.02890625
2 0.04765625 0.0203125 0.078125 0.03828125
2 0.03359375 0.21953125 0.0671875 0.04453125
2 0.0203125 0.40390625 0.03984375 0.0578125
2 0.19609375 0.01796875 0.13203125 0.0359375
2 0.190625 0.42890625 0.01796875 0.04921875
2 0.13515625 0.409375 0.03828125 0.0265625
2 0.0234375 0.43984375 0.046875 0.0734375
