2 0.72890625 0.15859375 0.13828125 0.06015625
2 0.75 0.27578125 0.1359375 0.08046875
2 0.75546875 0.02890625 0.1046875 0.015625
2 0.54765625 0.01875 0.0890625 0.02421875
2 0.41328125 0.03125 0.1296875 0.04921875
2 0.10625 0.0359375 0.0578125 0.03828125
2 0.69453125 0.534375 0.09375 0.03125
2 0.46875 0.35703125 0.1203125 0.0265625
2 0.41953125 0.1875 0.0671875 0.0421875
2 0.1515625 0.2765625 0.05546875 0.07109375
2 0.02421875 0.303125 0.0484375 0.075
2 0.05 0.571875 0.1 0.10625
2 0.1984375 0.50859375 0.05546875 0.07109375
2 0.25 0.79453125 0.04921875 0.08671875
2 0.0828125 0.91640625 0.16484375 0.1671875
2 0.6875 0.659375 0.625 0.56015625
