2 0.48125 0.26796875 0.64765625 0.109375
2 0.84296875 0.1296875 0.0734375 0.03828125
2 0.93046875 0.1375 0.05390625 0.03359375
2 0.83359375 0.17890625 0.0671875 0.05390625
2 0.78671875 0.34609375 0.05390625 0.01328125
2 0.86640625 0.35703125 0.04453125 0.0109375
2 0.85625 0.39609375 0.0578125 0.06015625
2 0.76640625 0.45625 0.04453125 0.03984375
2 0.62578125 0.53203125 0.09140625 0.09609375
2 0.41484375 0.575 0.13359375 0.0359375
2 0.875 0.57578125 0.25 0.22734375
2 0.49453125 0.84609375 0.44453125 0.3078125
