2 0.0859375 0.10078125 0.171875 0.04921875
2 0.3046875 0.1140625 0.171875 0.0421875
2 0.46953125 0.1203125 0.0578125 0.02421875
2 0.5421875 0.125 0.06015625 0.02265625
2 0.62734375 0.13046875 0.02421875 0.0203125
2 0.6953125 0.1375 0.05546875 0.02421875
2 0.79375 0.14140625 0.078125 0.0203125
2 0.79609375 0.27109375 0.08046875 0.01796875
2 0.69609375 0.27421875 0.046875 0.02265625
2 0.63984375 0.28125 0.03359375 0.02421875
2 0.54609375 0.278125 0.0578125 0.02421875
2 0.46796875 0.28671875 0.0421875 0.03984375
2 0.3125 0.2890625 0.16484375 0.04453125
2 0.09140625 0.29375 0.1828125 0.04921875
2 0.09921875 0.4796875 0.1984375 0.0625
2 0.32734375 0.45625 0.15390625 0.04921875
2 0.47734375 0.434375 0.03125 0.02265625
2 0.5578125 0.4265625 0.05546875 0.02421875
2 0.79609375 0.39921875 0.08046875 0.03359375
2 0.703125 0.41875 0.0421875 0.03125
2 0.7 0.3875 0.03984375 0.015625
2 0.5 0.52109375 1 0.0984375
2 0.5 0.88828125 1 0.2234375
2 0.81015625 0.00703125 0.0515625 0.01328125
