2 0.1171875 0.01484375 0.234375 0.02890625
2 0.4109375 0.01640625 0.25 0.0328125
2 0.6484375 0.01640625 0.09375 0.0328125
2 0.771875 0.01640625 0.11875 0.0328125
2 0.91640625 0.0125 0.0515625 0.02421875
2 0.97890625 0.1921875 0.0421875 0.03984375
2 0.90546875 0.2 0.0734375 0.0265625
2 0.74921875 0.20390625 0.109375 0.04453125
2 0.62578125 0.2078125 0.08515625 0.04453125
2 0.39375 0.2109375 0.24296875 0.04921875
2 0.109375 0.215625 0.21875 0.04921875
2 0.10390625 0.41171875 0.2078125 0.0515625
2 0.38046875 0.40546875 0.23671875 0.05546875
2 0.6140625 0.38515625 0.08046875 0.02421875
2 0.7390625 0.390625 0.109375 0.046875
2 0.88046875 0.37578125 0.046875 0.02265625
2 0.97734375 0.32890625 0.04453125 0.02265625
2 0.97421875 0.378125 0.0515625 0.0265625
2 0.28359375 0.578125 0.03984375 0.00703125
2 0.34609375 0.59609375 0.0515625 0.0046875
2 0.4328125 0.57890625 0.21171875 0.0359375
2 0.60390625 0.57578125 0.0734375 0.02890625
2 0.74453125 0.5625 0.1359375 0.0359375
2 0.875 0.55390625 0.0515625 0.02421875
2 0.96875 0.54609375 0.0625 0.02265625
2 0.93984375 0.746875 0.0828125 0.02421875
2 0.7703125 0.7609375 0.06015625 0.02421875
2 0.83515625 0.75703125 0.03125 0.02265625
2 0.96953125 0.9015625 0.06015625 0.05390625
2 0.46640625 0.6765625 0.9328125 0.453125
