2 0.30703125 0.0109375 0.1390625 0.021875
2 0.57109375 0.01328125 0.29453125 0.0265625
2 0.89921875 0.01484375 0.20078125 0.02890625
2 0.89453125 0.21484375 0.2109375 0.0515625
2 0.58359375 0.21796875 0.3125 0.05390625
2 0.30234375 0.21796875 0.15859375 0.05390625
2 0.11796875 0.21640625 0.16328125 0.05546875
2 0.1328125 0.42109375 0.171875 0.046875
2 0.31015625 0.41953125 0.1515625 0.04453125
2 0.58125 0.42421875 0.3078125 0.0578125
2 0.890625 0.41640625 0.21875 0.05390625
2 0.05703125 0.50078125 0.1140625 0.0359375
2 0.5421875 0.4765625 0.91484375 0.10078125
2 0.50078125 0.89609375 0.99765625 0.13828125
2 0.43828125 0.30703125 0.0203125 0.01796875
2 0.52421875 0.309375 0.10703125 0.02421875
2 0.43828125 0.1796875 0.02265625 0.01796875
2 0.52890625 0.18046875 0.109375 0.0203125
