2 0.40234375 0.72265625 0.8046875 0.5546875
2 0.88359375 0.46796875 0.23203125 0.06953125
2 0.20546875 0.21796875 0.16953125 0.0578125
2 0.0515625 0.20390625 0.10234375 0.03125
2 0.65078125 0.68203125 0.13203125 0.04453125
2 0.8703125 0.69765625 0.25859375 0.05546875
2 0.546875 0.21796875 0.41328125 0.0578125
2 0.909375 0.2234375 0.18046875 0.0671875
2 0.0421875 0.42265625 0.084375 0.0515625
2 0.1875 0.42734375 0.17890625 0.04921875
2 0.52109375 0.45546875 0.40625 0.07578125
2 0.590625 0.3234375 0.06015625 0.02890625
2 0.42890625 0.32265625 0.1984375 0.0359375
2 0.45 0.1796875 0.203125 0.0265625
2 0.61640625 0.17890625 0.06015625 0.02421875
