2 0.1453125 0.04453125 0.0734375 0.046875
2 0.29453125 0.0359375 0.0890625 0.01796875
2 0.40390625 0.03828125 0.08515625 0.01796875
2 0.63828125 0.04375 0.1296875 0.01328125
2 0.18203125 0.184375 0.0515625 0.03125
2 0.278125 0.18828125 0.04921875 0.03828125
2 0.5890625 0.16640625 0.17890625 0.05546875
2 0.54609375 0.1453125 0.05390625 0.015625
2 0.16171875 0.2234375 0.08046875 0.046875
2 0.59375 0.2765625 0.171875 0.07578125
2 0.88515625 0.23515625 0.2296875 0.0734375
2 0.3015625 0.3359375 0.08671875 0.02421875
2 0.16171875 0.40078125 0.06015625 0.06484375
2 0.5 0.43203125 1 0.1203125
2 0.265625 0.92578125 0.53125 0.1484375
2 0.86328125 0.75234375 0.2734375 0.0546875
2 0.61015625 0.8171875 0.08515625 0.13828125
2 0.059375 0.24140625 0.02890625 0.05546875
