2 0.23125 0.03203125 0.184375 0.0640625
2 0.0578125 0.0234375 0.115625 0.046875
2 0.56171875 0.05546875 0.33515625 0.07109375
2 0.89296875 0.0828125 0.2140625 0.05390625
2 0.90390625 0.284375 0.1921875 0.0515625
2 0.59375 0.2890625 0.3234375 0.0578125
2 0.27421875 0.29375 0.18515625 0.06015625
2 0.07890625 0.29296875 0.1578125 0.0640625
2 0.1015625 0.559375 0.203125 0.09140625
2 0.3171875 0.5234375 0.1671875 0.04921875
2 0.62421875 0.503125 0.3125 0.0625
2 0.9203125 0.47890625 0.159375 0.0546875
2 0.8046875 0.50078125 0.390625 0.08671875
2 0.70859375 0.59140625 0.2296875 0.04921875
2 0.57890625 0.65078125 0.26328125 0.078125
2 0.71328125 0.75859375 0.5734375 0.1515625
