2 0.734375 0.15703125 0.09609375 0.0203125
2 0.75078125 0.18203125 0.3390625 0.0625
2 0.83046875 0.28046875 0.3390625 0.078125
2 0.70859375 0.5390625 0.0625 0.0421875
2 0.05390625 0.04765625 0.10703125 0.04921875
2 0.1796875 0.0578125 0.1453125 0.02890625
2 0.31484375 0.03671875 0.10234375 0.0203125
2 0.46328125 0.03671875 0.1046875 0.02265625
2 0.04765625 0.23203125 0.0953125 0.0578125
2 0.18828125 0.1921875 0.046875 0.0359375
2 0.28359375 0.1984375 0.046875 0.0421875
2 0.43515625 0.203125 0.046875 0.03828125
2 0.2859375 0.35625 0.08046875 0.02890625
2 0.16640625 0.33671875 0.0890625 0.02890625
2 0.03828125 0.39921875 0.07578125 0.0578125
2 0.44296875 0.62265625 0.8859375 0.41484375
2 0.85390625 0.0390625 0.24765625 0.0203125
