2 0.15859375 0.0625 0.05546875 0.06015625
2 0.06015625 0.05 0.07578125 0.03125
2 0.30234375 0.0671875 0.109375 0.05546875
2 0.4578125 0.0671875 0.13203125 0.0515625
2 0.578125 0.0578125 0.06953125 0.00859375
2 0.36484375 0.28125 0.15390625 0.02421875
2 0.51875 0.2703125 0.13359375 0.0203125
2 0.62578125 0.26015625 0.06953125 0.0109375
2 0.734375 0.01796875 0.1453125 0.0109375
2 0.8828125 0.0125 0.08515625 0.00859375
2 0.9125 0.484375 0.175 0.10625
2 0.0390625 0.58671875 0.078125 0.0671875
2 0.21875 0.5734375 0.25 0.08046875
2 0.97734375 0.88984375 0.04453125 0.09140625
2 0.54609375 0.875 0.34375 0.25
