2 0.54375 0.21875 0.08515625 0.046875
2 0.53203125 0.3984375 0.07109375 0.06484375
2 0.67421875 0.1984375 0.15390625 0.0109375
2 0.70078125 0.02890625 0.13203125 0.0109375
2 0.68515625 0.40078125 0.08671875 0.03359375
2 0.85859375 0.0234375 0.07578125 0.01796875
2 0.840625 0.22421875 0.078125 0.04921875
2 0.81796875 0.43515625 0.06953125 0.05546875
2 0.96328125 0.01796875 0.07109375 0.0265625
2 0.9515625 0.2265625 0.096875 0.046875
2 0.92421875 0.4453125 0.11640625 0.04453125
2 0.278125 0.93359375 0.553125 0.1328125
2 0.0734375 0.50703125 0.146875 0.0515625
2 0.29140625 0.5 0.1875 0.00859375
2 0.54453125 0.50859375 0.1671875 0.046875
2 0.875 0.48203125 0.25 0.04453125
2 0.690625 0.496875 0.10234375 0.21015625
2 0.55390625 0.02265625 0.0828125 0.0421875
