2 0.01875 0.42890625 0.0375 0.0609375
2 0.0890625 0.40546875 0.03828125 0.0265625
2 0.1453125 0.42265625 0.0203125 0.04921875
2 0.24921875 0.4453125 0.0671875 0.0625
2 0.35703125 0.46640625 0.11796875 0.06015625
2 0.12265625 0.21796875 0.1296875 0.04921875
2 0.7609375 0.2421875 0.21171875 0.06484375
2 0.940625 0.24921875 0.11796875 0.07109375
2 0.284375 0.22890625 0.06953125 0.04921875
2 0.40703125 0.22578125 0.10703125 0.06015625
2 0.53828125 0.2390625 0.11640625 0.06015625
2 0.71171875 0.47890625 0.20078125 0.1140625
2 0.91484375 0.515625 0.16953125 0.0890625
2 0.953125 0.784375 0.09375 0.06484375
2 0.440625 0.01015625 0.109375 0.0203125
2 0.31328125 0.01328125 0.07578125 0.02265625
2 0.14765625 0.01640625 0.1296875 0.0328125
2 0.01953125 0.01875 0.0390625 0.0375
2 0.50078125 0.47109375 0.0890625 0.0625
2 0.48984375 0.734375 0.890625 0.53125
2 0.00859375 0.21875 0.0171875 0.046875
