2 0.4765625 0.565625 0.95078125 0.4578125
2 0.23671875 0.046875 0.2703125 0.0578125
2 0.50546875 0.04921875 0.15625 0.05390625
2 0.97421875 0.0359375 0.03984375 0.01796875
2 0.87421875 0.03671875 0.1203125 0.0265625
2 0.7140625 0.21015625 0.0578125 0.03828125
2 0.82578125 0.21796875 0.06015625 0.04921875
2 0.98515625 0.22890625 0.02421875 0.03984375
2 0.94765625 0.6375 0.0625 0.0515625
2 0.65703125 0.5546875 0.04921875 0.015625
2 0.81328125 0.39921875 0.0890625 0.03828125
2 0.6765625 0.3703125 0.1046875 0.0359375
2 0.21640625 0.2609375 0.25859375 0.0578125
2 0.47890625 0.25234375 0.14921875 0.0578125
2 0.44765625 0.4296875 0.140625 0.0828125
2 0.2078125 0.453125 0.27421875 0.06015625
2 0.98046875 0.8484375 0.0390625 0.075
2 0.96875 0.98203125 0.0625 0.0359375
2 0.496875 0.18671875 0.1203125 0.03828125
2 0.4734375 0.15625 0.0578125 0.0109375
