2 0.3875 0.1609375 0.15859375 0.05546875
2 0.34296875 0.14140625 0.04921875 0.0203125
2 0.09296875 0.02578125 0.10078125 0.03125
2 0.20859375 0.0234375 0.08515625 0.0359375
2 0.0859375 0.17109375 0.04921875 0.07109375
2 0.0078125 0.17890625 0.015625 0.03359375
2 0.10859375 0.3390625 0.1140625 0.03828125
2 0.4328125 0.0390625 0.125 0.0203125
2 0.88046875 0.19296875 0.2390625 0.015625
2 0.80078125 0.22421875 0.3984375 0.0828125
2 0.5 0.41953125 1 0.109375
2 0.34375 0.9203125 0.6875 0.159375
2 0.88671875 0.7359375 0.2265625 0.0625
2 0.34375 0.2421875 0.046875 0.0265625
2 0.43046875 0.24296875 0.09609375 0.0203125
2 0.375 0.278125 0.109375 0.06015625
2 0.71953125 0.80390625 0.0359375 0.13203125
