2 0.46328125 0.61484375 0.9265625 0.41328125
2 0.1125 0.403125 0.10078125 0.05546875
2 0.38984375 0.3640625 0.08046875 0.02890625
2 0.28828125 0.34609375 0.04453125 0.0203125
2 0.0078125 0.24296875 0.015625 0.046875
2 0.1015625 0.17421875 0.04453125 0.02890625
2 0.13046875 0.2375 0.11796875 0.05390625
2 0.28828125 0.1984375 0.0515625 0.0421875
2 0.38359375 0.2 0.0515625 0.03984375
2 0.5421875 0.20625 0.05390625 0.0359375
2 0.01796875 0.0515625 0.0359375 0.0421875
2 0.14375 0.04921875 0.1203125 0.046875
2 0.42734375 0.034375 0.09140625 0.0203125
2 0.5625 0.03671875 0.1046875 0.0203125
2 0.9265625 0.0421875 0.13828125 0.01796875
2 0.86171875 0.16328125 0.10234375 0.02265625
2 0.85 0.1890625 0.3 0.05
2 0.88046875 0.2859375 0.2390625 0.0578125
