2 0.92109375 0.21796875 0.15625 0.05546875
2 0.72890625 0.21953125 0.1875 0.05546875
2 0.515625 0.22109375 0.09609375 0.05546875
2 0.37734375 0.221875 0.16328125 0.05390625
2 0.2140625 0.2234375 0.14296875 0.0578125
2 0.04453125 0.21875 0.0890625 0.05390625
2 0.01484375 0.45078125 0.02890625 0.02890625
2 0.09140625 0.46328125 0.06015625 0.06015625
2 0.25859375 0.46875 0.1359375 0.0625
2 0.4171875 0.46796875 0.15859375 0.05546875
2 0.753125 0.425 0.17890625 0.0421875
2 0.93515625 0.43203125 0.1296875 0.06484375
2 0.746875 0.55234375 0.28359375 0.06015625
2 0.79453125 0.78359375 0.4109375 0.4328125
2 0.91171875 0.5078125 0.1765625 0.0265625
