2 0.1296875 0.0390625 0.16328125 0.078125
2 0.08828125 0.36640625 0.1765625 0.125
2 0.27890625 0.27421875 0.18046875 0.125
2 0.53671875 0.15546875 0.3015625 0.18515625
2 0.79921875 0.04453125 0.1515625 0.0890625
2 0.7109375 0.34375 0.11640625 0.0984375
2 0.5546875 0.43046875 0.08515625 0.08515625
2 0.41484375 0.51484375 0.1875 0.14765625
2 0.2265625 0.6171875 0.2078125 0.140625
2 0.715625 0.43984375 0.14921875 0.140625
2 0.81484375 0.33046875 0.3703125 0.24140625
2 0.73515625 0.7609375 0.19609375 0.17890625
2 0.81484375 0.95078125 0.1921875 0.0984375
2 0.83828125 0.56484375 0.09375 0.07578125
