2 0.5 0.89375 0.99765625 0.08046875
2 0.13515625 0.50078125 0.2703125 0.03828125
2 0.64140625 0.453125 0.71640625 0.0359375
2 0.03359375 0.1984375 0.0671875 0.00859375
2 0.034375 0.22578125 0.06875 0.0109375
2 0.03828125 0.40859375 0.0734375 0.0203125
2 0.13984375 0.22109375 0.11796875 0.04921875
2 0.2578125 0.22109375 0.1046875 0.0515625
2 0.14609375 0.43203125 0.11640625 0.04921875
2 0.43046875 0.41953125 0.1609375 0.0515625
2 0.43046875 0.21875 0.1671875 0.05546875
2 0.43515625 0.01484375 0.171875 0.02890625
2 0.609375 0.015625 0.16328125 0.03125
2 0.6046875 0.21953125 0.15625 0.06015625
2 0.6015625 0.43046875 0.15625 0.0671875
2 0.8703125 0.0109375 0.25859375 0.015625
2 0.85703125 0.221875 0.24296875 0.0515625
2 0.8625 0.42421875 0.27265625 0.0359375
2 0.890625 0.18515625 0.09140625 0.0265625
2 0.878125 0.315625 0.09140625 0.0265625
2 0.76796875 0.3171875 0.08515625 0.0359375
2 0.77890625 0.18203125 0.08515625 0.02265625
2 0.26328125 0.43046875 0.09375 0.0421875
2 0.13515625 0.01328125 0.1046875 0.015625
