2 0.08828125 0.03359375 0.1765625 0.0625
2 0.3703125 0.04140625 0.078125 0.046875
2 0.49921875 0.03984375 0.08046875 0.046875
2 0.67421875 0.03125 0.09609375 0.015625
2 0.7921875 0.03125 0.09609375 0.0203125
2 0.96796875 0.14140625 0.0625 0.015625
2 0.94609375 0.17109375 0.10703125 0.03984375
2 0.9484375 0.29140625 0.10234375 0.0515625
2 0.9578125 0.2453125 0.0578125 0.02265625
2 0.6671875 0.33359375 0.08671875 0.0265625
2 0.65390625 0.1828125 0.04453125 0.0359375
2 0.56015625 0.1796875 0.0515625 0.03359375
2 0.49921875 0.2234375 0.08046875 0.0515625
2 0.37265625 0.2375 0.07578125 0.0625
2 0.090625 0.26640625 0.18046875 0.0734375
2 0.09296875 0.46875 0.18515625 0.06953125
2 0.37421875 0.41328125 0.06953125 0.04453125
2 0.49453125 0.38203125 0.07109375 0.046875
2 0.7390625 0.79140625 0.3328125 0.08671875
2 0.33359375 0.82734375 0.19609375 0.14296875
2 0.08359375 0.95390625 0.1671875 0.09140625
2 0.50078125 0.43828125 0.99765625 0.13828125
