2 0.090625 0.0671875 0.18046875 0.06015625
2 0.34921875 0.04921875 0.2296875 0.0671875
2 0.56484375 0.02578125 0.0671875 0.04453125
2 0.6875 0.02890625 0.10078125 0.03359375
2 0.82109375 0.01640625 0.04453125 0.02421875
2 0.91171875 0.16484375 0.10703125 0.02421875
2 0.79609375 0.1796875 0.04921875 0.0265625
2 0.671875 0.1984375 0.12265625 0.0421875
2 0.54375 0.2140625 0.0671875 0.03359375
2 0.34453125 0.23515625 0.2546875 0.05546875
2 0.09453125 0.2578125 0.1890625 0.05
2 0.42890625 0.64609375 0.85703125 0.7078125
2 0.52265625 0.41640625 0.1296875 0.046875
2 0.65078125 0.39921875 0.11640625 0.05390625
2 0.72734375 0.38515625 0.03828125 0.03828125
2 0.828125 0.36484375 0.078125 0.02890625
