2 0.86953125 0.6484375 0.2609375 0.125
2 0.8984375 0.4171875 0.203125 0.06015625
2 0.66875 0.4296875 0.1453125 0.06015625
2 0.46796875 0.45390625 0.20546875 0.08046875
2 0.2453125 0.47890625 0.1140625 0.0625
2 0.08828125 0.5 0.1765625 0.06953125
2 0.0578125 0.21796875 0.115625 0.0640625
2 0.19453125 0.21640625 0.12734375 0.06484375
2 0.42890625 0.21328125 0.21171875 0.06484375
2 0.63515625 0.21015625 0.16328125 0.0578125
2 0.88671875 0.20546875 0.2265625 0.0546875
2 0.94609375 0.41953125 0.0734375 0.078125
2 0.91640625 0.5203125 0.0578125 0.01796875
2 0.86953125 0.56015625 0.2296875 0.0625
