2 0.55546875 0.65078125 0.88828125 0.546875
2 0.9484375 0.24453125 0.0625 0.02421875
2 0.93671875 0.2734375 0.1203125 0.05390625
2 0.87265625 0.13984375 0.03828125 0.015625
2 0.925 0.15703125 0.140625 0.046875
2 0.74453125 0.02578125 0.0828125 0.02265625
2 0.62265625 0.034375 0.11171875 0.0421875
2 0.50546875 0.03125 0.0671875 0.046875
2 0.08828125 0.0265625 0.1765625 0.053125
2 0.10859375 0.30234375 0.21640625 0.09140625
2 0.62578125 0.17734375 0.0625 0.02265625
2 0.51875 0.18515625 0.04453125 0.03359375
2 0.56953125 0.23515625 0.12265625 0.046875
2 0.5625 0.40546875 0.05390625 0.03828125
2 0.15390625 0.55703125 0.22109375 0.11640625
2 0.01796875 0.98046875 0.0359375 0.0390625
2 0.66171875 0.34921875 0.12734375 0.02890625
2 0.55234375 0.33359375 0.0578125 0.0046875
