2 0.07265625 0.0578125 0.1453125 0.06015625
2 0.2546875 0.08125 0.0578125 0.046875
2 0.325 0.08828125 0.05390625 0.0359375
2 0.46171875 0.10625 0.0359375 0.02421875
2 0.54609375 0.1203125 0.04921875 0.015625
2 0.11015625 0.28046875 0.171875 0.05390625
2 0.2890625 0.26796875 0.0421875 0.02890625
2 0.35234375 0.2703125 0.03359375 0.03984375
2 0.44765625 0.25859375 0.02890625 0.02265625
2 0.49140625 0.2578125 0.03125 0.0203125
2 0.57109375 0.25859375 0.0515625 0.015625
2 0.16953125 0.49140625 0.1453125 0.0828125
2 0.56484375 0.58828125 0.86796875 0.1828125
2 0.796875 0.84453125 0.40625 0.0578125
2 0.26328125 0.5828125 0.1671875 0.1046875
