1 0.5530138953125 0.3026789578125 0.6254558015625 0.3165268484375 0.6305335046875 0.1959352171875 0.556185471875 0.18345313593749998 0.5530138953125 0.3026789578125
1 0.5475976578124999 0.438849378125 0.6173314453125001 0.4480812625 0.6244402499999999 0.321719753125 0.5532229859375 0.3097485671875 0.5475976578124999 0.438849378125
1 0.5411659203125 0.55996079375 0.609545675 0.56976970625 0.6159774125 0.45494801875 0.546451590625 0.4447042578125 0.5411659203125 0.55996079375
1 0.5362744515625 0.6733307921875 0.602020778125 0.6819955375 0.611509978125 0.5809068374999999 0.5424126796875 0.569481809375 0.5362744515625 0.6733307921875
1 0.47874025781249996 0.2522831578125 0.549908984375 0.263258490625 0.549570090625 0.22224536874999998 0.4784349296875 0.2125622296875 0.47874025781249996 0.2522831578125
1 0.472640096875 0.35224342656249996 0.544825503125 0.3603304875 0.547875596875 0.2736830296875 0.4750453796875 0.263137878125 0.472640096875 0.35224342656249996
1 0.46653990937499995 0.4474804703125 0.5380475296875 0.45730051875 0.5427921171875 0.371808365625 0.4691136671875 0.35850910156250004 0.46653990937499995 0.4474804703125
1 0.46416762968749997 0.5365208499999999 0.53126955625 0.54807384375 0.5360141421875 0.4660475359375 0.46741889218750005 0.457492871875 0.46416762968749997 0.5365208499999999
1 0.4614564296875 0.5786570703125 0.5309306625 0.5878994468750001 0.531608475 0.557284015625 0.46360564843749996 0.5463615125 0.4614564296875 0.5786570703125
1 0.4607786421875 0.6611572328124999 0.526186075 0.669821978125 0.52923616875 0.59588281875 0.46318195468749995 0.5853770125 0.4607786421875 0.6611572328124999
1 0.36046463281249996 0.5632266953125 0.4438337078125 0.5805561828125 0.44213921406249995 0.54763014375 0.360648078125 0.529021290625 0.36046463281249996 0.5632266953125
1 0.3669036875 0.6377435015625 0.4451893078125 0.651029440625 0.4438337078125 0.5897985796875 0.3644613203125 0.5723573953125001 0.3669036875 0.6377435015625
1 0.36664621875000003 0.76206889375 0.44188171875000004 0.7793983859375 0.44391513125 0.6627131375 0.3653087078125 0.6460677921875 0.36664621875000003 0.76206889375
1 0.8781893296875 0.3656482453125 0.9231033484375001 0.379404309375 0.9273140265625001 0.321987659375 0.8831630390624999 0.30461630624999997 0.8781893296875 0.3656482453125
1 0.8694485578125001 0.43518565468750003 0.9143511359375 0.44645235781250003 0.920505325 0.3873991625 0.878595409375 0.37280972968750004 0.8694485578125001 0.43518565468750003
1 0.8662569390625 0.47851568125000005 0.9088802156250001 0.48900539531250004 0.9125271406250001 0.45326267187499997 0.8694766203125001 0.44181257343749997 0.8662569390625 0.47851568125000005
1 0.8525810249999999 0.5684077375000001 0.8965719078125 0.57488486875 0.9075126109375 0.49290970625 0.8652021875000001 0.4845749 0.8525810249999999 0.5684077375000001
1 0.8340750343750001 0.668356734375 0.8811117125000001 0.6679759921875 0.8922803781249999 0.58444680625 0.84843911875 0.5779840296875001 0.8340750343750001 0.668356734375
1 0.9313937421875 0.37820728593749997 0.969686309375 0.3894740203125 0.97743598125 0.295066603125 0.9398622796874999 0.279024175 0.9313937421875 0.37820728593749997
1 0.9188004546874999 0.482086821875 0.9561812906249999 0.4879144390625 0.9673499390625 0.3970036 0.9315983765625001 0.3835003125 0.9188004546874999 0.482086821875
1 0.905580396875 0.5778317562499999 0.9406819140625 0.5828823703125 0.95321816875 0.49507959062499995 0.918205153125 0.4884623828125 0.905580396875 0.5778317562499999
1 0.886890284375 0.668356734375 0.9228004953125 0.6697969421875001 0.9380095140625 0.5877053984375 0.902296975 0.5846600046875 0.886890284375 0.668356734375
1 0.9742502468750001 0.39214665000000004 0.99932275625 0.4006938546875 1 0.306674925 0.9851712671874999 0.3004053375 0.9742502468750001 0.39214665000000004
1 0.9605743312499999 0.48805756718750004 0.992256853125 0.4950507203125 1 0.4530918625 1 0.40802495937499994 0.9734878171875 0.39710650625 0.9605743312499999 0.48805756718750004
1 0.9457587406249999 0.582022353125 0.976529565625 0.5847418953125 0.99088928125 0.5023782453125001 0.9595246703125 0.49526548125 0.9457587406249999 0.582022353125
1 0.927553578125 0.670877078125 0.9592067265625 0.6694366015625001 0.9749340484375001 0.5897925093749999 0.9424269390625 0.5851635515625 0.927553578125 0.670877078125
