1 0.5383833078125 0.6740868250000001 0.603897315625 0.6823367203124999 0.6103413125 0.5760047593750001 0.539337175 0.5665754703125 0.5383833078125 0.6740868250000001
1 0.5416053062499999 0.5595049671875 0.6087303140625 0.5677548640625 0.6167853109375 0.453172965625 0.54658921875 0.44290903750000005 0.5416053062499999 0.5595049671875
1 0.5459013374999999 0.43483985 0.6167853109375 0.45042299999999996 0.6243032921875 0.32025799374999997 0.5530354796875 0.31099817500000004 0.5459013374999999 0.43483985
1 0.5507343359375 0.30107383906249996 0.625914290625 0.31574030625 0.6307472890625 0.1965751609375 0.5562586109375001 0.1804613859375 0.5507343359375 0.30107383906249996
1 0.45900155624999994 0.6621028390625 0.525670621875 0.6711741953125 0.52711995 0.5977790359374999 0.462014596875 0.5863597234375 0.45900155624999994 0.6621028390625
1 0.4633495390625 0.5466498843750001 0.46383266250000005 0.577987096875 0.530984853125 0.5870584531249999 0.5337815109374999 0.5529829578125 0.4633495390625 0.5466498843750001
1 0.4643157875 0.5392279078125 0.5324341796875001 0.5474745359375001 0.5362990390625 0.4641834453125 0.4681806453125 0.4575861578125 0.4643157875 0.5392279078125
1 0.46528199062500003 0.44521619531249995 0.5372652421875 0.4575861578125 0.5420963484375 0.3726457265625 0.4707136171875 0.362611775 0.46528199062500003 0.44521619531249995
1 0.46962997343749996 0.3536784765625 0.5440288 0.3635744453125 0.547410534375 0.272861378125 0.47578804531249996 0.257536771875 0.46962997343749996 0.3536784765625
1 0.47735973437499996 0.2151348828125 0.47639348750000005 0.2497707765625 0.5498261109375 0.2621407578125 0.5504546328125001 0.21921529999999997 0.47735973437499996 0.2151348828125
1 0.36769392343749996 0.761824928125 0.442575875 0.780792178125 0.4430589546875 0.66286523125 0.366325378125 0.6456961953125 0.36769392343749996 0.761824928125
1 0.365761515625 0.6405993 0.4454745296875 0.6562679046875 0.443542078125 0.5902947625 0.3641506234375 0.57276178125 0.365761515625 0.6405993
1 0.3623797375 0.5655548375 0.442575875 0.58122348125 0.443542078125 0.5474122390625 0.3627007859375 0.5307317796875 0.3623797375 0.5655548375
1 0.85084733125 0.57334715 0.8932990359374999 0.578178125 0.908258184375 0.4960513640625 0.868341225 0.48760618281249996 0.85084733125 0.57334715
1 0.870253825 0.43669928125 0.9155356203125 0.447741521875 0.9199829656249999 0.386318984375 0.8792612125 0.3707048421875 0.870253825 0.43669928125
1 0.913514121875 0.45326265781249997 0.8718710078124999 0.4449809703125 0.8686366046874999 0.4794879859375 0.9098754046875 0.48845983750000005 0.913514121875 0.45326265781249997
1 0.8791484437499999 0.36423450156250003 0.921195871875 0.38010771875 0.9272604015624999 0.321445765625 0.884114540625 0.3075988078125 0.8791484437499999 0.36423450156250003
1 0.850141246875 0.5786443953125 0.848825796875 0.603282525 0.8666151078125001 0.6108740515625 0.882382884375 0.64469096875 0.8912775015625 0.5860289843750001 0.850141246875 0.5786443953125
1 0.931303396875 0.3783967828125 0.9684992015624999 0.38874889375 0.977798134375 0.29696016875 0.9393211453125 0.275528528125 0.931303396875 0.3783967828125
1 0.9183657453125 0.48260802500000005 0.9555615140624999 0.48605873906249997 0.9660733890625 0.398410875 0.9308278218750001 0.38725724375000004 0.9183657453125 0.48260802500000005
1 0.9555615140624999 0.49503055781249994 0.9175571546875 0.48950945468749996 0.9029211859374999 0.5796789203125 0.9397937375 0.584058715625 0.9555615140624999 0.49503055781249994
1 0.9291 0.669927046875 0.9602312375000001 0.6706172078125 0.9743817937499999 0.5905608703125 0.9441744734374999 0.5848515453124999 0.9291 0.669927046875
1 0.944059146875 0.58227918125 0.9784248249999999 0.58711015625 0.9913624765625 0.5036031359375001 0.95873445625 0.49588238437500004 0.944059146875 0.58227918125
1 0.9720811078124999 0.39967154531250004 0.9630613640625001 0.4860491359375 0.991766790625 0.49778153906249994 1 0.453612509375 0.9990442249999999 0.4053026671875 0.9720811078124999 0.39967154531250004
1 0.9735732015625 0.39049687187500004 1 0.40291940625 1 0.3042293 0.985427759375 0.3013916578125 0.9735732015625 0.39049687187500004
