1 0.5545614515625 0.30185592968749997 0.62478335625 0.313341571875 0.631167178125 0.19848502968749998 0.5561045124999999 0.1846403859375 0.5545614515625 0.30185592968749997
1 0.54888693125 0.43424322968749995 0.61698093125 0.44572889375 0.62513800625 0.3260362578125 0.5534441484375 0.31317791875 0.54888693125 0.43424322968749995
1 0.5421484859375 0.560679053125 0.608823828125 0.5697466765625 0.6155623015625 0.45609909843749996 0.5485668171875 0.44700817343750004 0.5421484859375 0.560679053125
1 0.5403752046875 0.66953729375 0.6013760546875 0.677395871875 0.6077598765625 0.578861090625 0.542359303125 0.5717651906250001 0.5403752046875 0.66953729375
1 0.48050967968749997 0.2515039484375 0.5503769609375 0.2629896125 0.5500222828125 0.2255101015625 0.4780672 0.2126162015625 0.48050967968749997 0.2515039484375
1 0.47341655625 0.347063028125 0.5429291593750001 0.3597577125 0.5486036796875 0.27391754687500003 0.4776238078125 0.2632751125 0.47341655625 0.347063028125
1 0.4673873859375 0.44508693906249996 0.537254665625 0.45778160156250003 0.5408012281250001 0.3755685 0.47230308125000003 0.365349034375 0.4673873859375 0.44508693906249996
1 0.46774203593749997 0.537018978125 0.5301615421875 0.5466911 0.5329987765624999 0.4693140578125 0.46875593125000004 0.45986192656249997 0.46774203593749997 0.537018978125
1 0.464195475 0.577567821875 0.5290975625 0.5878444421875 0.53051619375 0.555201003125 0.46387859843749996 0.5460576828125 0.464195475 0.577567821875
1 0.461003590625 0.6573628828125 0.5266149812500001 0.6706620671875 0.5290975625 0.5975165875 0.46387859843749996 0.58613115 0.461003590625 0.6573628828125
1 0.3622965734375 0.5640590125 0.4420942109375 0.5821942578125 0.44244888906249996 0.5483418078125 0.360567840625 0.5332039296875 0.3622965734375 0.5640590125
1 0.366907115625 0.63301974375 0.4438674921875 0.6541775296875 0.44635007499999996 0.5919131921874999 0.36411499062499997 0.5770579125 0.366907115625 0.63301974375
1 0.3704536765625 0.760013253125 0.44103023124999996 0.7751259562499999 0.4428035125 0.66389644375 0.36633195937499996 0.64813160625 0.3704536765625 0.760013253125
1 0.8798320796875 0.360957375 0.9209721890625 0.3778836 0.92593738125 0.3234778640625 0.8828857515624999 0.306372990625 0.8798320796875 0.360957375
1 0.8790545734374999 0.37675305468750003 0.8734482578125 0.43289388124999995 0.913524415625 0.44196150312500004 0.91848960625 0.3875557671875 0.8790545734374999 0.37675305468750003
1 0.868128415625 0.4772138359375 0.907849921875 0.4862814578125 0.9106871546875001 0.4566605484375 0.8713575125 0.4447398640625 0.868128415625 0.4772138359375
1 0.85358751875 0.5704016640625 0.893663675 0.5794693093750001 0.9067859421875 0.49181559999999996 0.8660367875 0.4901060515625 0.85358751875 0.5704016640625
1 0.9416669359375 0.2792568671875 0.9333034781249999 0.3766689640625 0.9684144437500001 0.3881546046875 0.97586221875 0.293246840625 0.9416669359375 0.2792568671875
1 0.921599840625 0.4765063953125 0.9531642453125 0.488596559375 0.9673504921875 0.39731582187500003 0.9303288890625 0.3842516125 0.921599840625 0.4765063953125
1 0.9052856625000001 0.5786682625 0.9403966015625 0.5810863515625 0.9545828484375001 0.4922236 0.917027075 0.48632553593749994 0.9052856625000001 0.5786682625
1 0.9724513015625 0.3971053671875 0.9620344765625 0.48793588750000005 0.9918255734375 0.4957945125 0.999982675 0.454083484375 0.999982675 0.4063272828125 0.9724513015625 0.3971053671875
1 0.947493553125 0.580472425 0.9762207234375 0.5859130078125 0.9907616203125 0.5036999046874999 0.95870609375 0.49539877343749994 0.947493553125 0.580472425
1 0.9276328125 0.668777446875 0.9599065187500001 0.67059094375 0.9758660453125 0.5895868625 0.9445174921874999 0.58764335625 0.9276328125 0.668777446875
