1 0.5520613796875 0.303109278125 0.6260971890625 0.31469843750000004 0.6308818406250001 0.196231175 0.5569980015625 0.18264274687499998 0.5520613796875 0.303109278125
1 0.546521271875 0.4383164609375 0.6180388765625 0.4438964203125 0.624082640625 0.3232830203125 0.5522755453125 0.3120281140625 0.546521271875 0.4383164609375
1 0.540981184375 0.5617059015625 0.6092250875 0.5698612625 0.6152688328125 0.45401984687499997 0.547024928125 0.4445768171875 0.540981184375 0.5617059015625
1 0.539218434375 0.6738981796875 0.6019222296875 0.680765840625 0.61023238125 0.57846976875 0.5415713109375 0.5691882421875001 0.539218434375 0.6738981796875
1 0.47795982031250006 0.25171736093749997 0.55048471875 0.2624480921875 0.54972924375 0.2221005390625 0.4779755625 0.210559921875 0.47795982031250006 0.25171736093749997
1 0.47216791249999995 0.3533569734375 0.5449446109375 0.36237077968750003 0.54922560625 0.27051575 0.47545691874999996 0.2599518453125 0.47216791249999995 0.3533569734375
1 0.46738328124999995 0.447413975 0.537138115625 0.457715515625 0.5426782234374999 0.37101118125 0.4707344625 0.362493775 0.46738328124999995 0.447413975
1 0.4638577609375 0.5377116171874999 0.532101665625 0.5488715359375 0.536634478125 0.4664595421875 0.4663268359375 0.45537206875 0.4638577609375 0.5377116171874999
1 0.4631022859375 0.5788325421875 0.531094371875 0.5899924953125 0.531346209375 0.5565126546875 0.4628637015625 0.5461028859375 0.4631022859375 0.5788325421875
1 0.4608358984375 0.6603860921875 0.5240433515625 0.6719752671875 0.529331621875 0.595572471875 0.4628637015625 0.5847574359375 0.4608358984375 0.6603860921875
1 0.35978368125000004 0.5638095203125 0.44364058437500004 0.58054945 0.44414424218750004 0.548357259375 0.3602289796875 0.5316074296875 0.35978368125000004 0.5638095203125
1 0.3655755984375 0.6363492625 0.44641062812500004 0.6543768765625 0.44489969687500003 0.590421734375 0.363062453125 0.5734831921875 0.3655755984375 0.6363492625
1 0.3669716796875 0.7629041 0.44137417812499996 0.7770686765625 0.443892403125 0.6624644609375 0.365581096875 0.6443498671875 0.3669716796875 0.7629041
1 0.8781389468749999 0.3655310953125 0.922906059375 0.37944556406249996 0.9281727765625 0.322441165625 0.8843627078124999 0.3049602609375 0.8781389468749999 0.3655310953125
1 0.8712922203125 0.435103390625 0.91447928125 0.446324728125 0.9210626765625 0.385729503125 0.87777821875 0.37232997968750003 0.8712922203125 0.435103390625
1 0.8668154984375 0.47721085468749996 0.9092125640625 0.48573907812500006 0.9131626015625001 0.4520750640625 0.87020605625 0.44306818437500006 0.8668154984375 0.47721085468749996
1 0.8512786999999999 0.572816665625 0.8970991203124999 0.578651740625 0.9076325734375 0.4938184375 0.8652676890625 0.4862970875 0.8512786999999999 0.572816665625
1 0.8352151984375 0.669464703125 0.8781389468749999 0.669464703125 0.8936757656250001 0.5837336703125 0.84969866875 0.578347425 0.8352151984375 0.669464703125
1 0.930815953125 0.377834959375 0.9697896437500001 0.389056296875 0.9779530703124999 0.294797059375 0.9403308640624999 0.2780123734375 0.930815953125 0.377834959375
1 0.9189658406250001 0.48152011406249995 0.9568862046875 0.48780407031250006 0.9674196374999999 0.3957891 0.9300259375 0.3850166265625 0.9189658406250001 0.48152011406249995
1 0.9740030328125 0.390402871875 1 0.40207305625 1 0.30512069531249997 0.9837884906250001 0.29990753125 0.9740030328125 0.390402871875
1 0.96109959375 0.4891506453125 0.9932265578124999 0.496781140625 1 0.45099807968750005 1 0.4070104375 0.972924084375 0.398716453125 0.96109959375 0.4891506453125
1 0.9458260875000001 0.581208696875 0.9779530703124999 0.5839018109375 0.9913832156250001 0.5013127578125001 0.9590966578125 0.4941568875 0.9458260875000001 0.581208696875
1 0.9279192625 0.667983325 0.9592562109375 0.6693298999999999 0.9753197124999999 0.59122938125 0.943293884375 0.587351665625 0.9279192625 0.667983325
1 0.9029023578125001 0.5786614859375 0.93950604375 0.5809057546874999 0.9542528453125 0.494725875 0.9166267031249999 0.4862970875 0.9029023578125001 0.5786614859375
1 0.8865755234374999 0.6684321718749999 0.9218625296875 0.6706764390625 0.9379260125 0.5876385390625 0.9008239296875 0.5839831796875 0.8865755234374999 0.6684321718749999
