1 0.59140625 0.2515625 0.0703125 0.1078125
1 0.58515625 0.3796875 0.0671875 0.115625
1 0.57890625 0.50703125 0.065625 0.109375
1 0.57265625 0.6265625 0.0609375 0.1015625
1 0.5140625 0.2359375 0.071875 0.0375
1 0.51015625 0.3109375 0.0703125 0.0828125
1 0.5046875 0.409375 0.06875 0.078125
1 0.5 0.503125 0.0671875 0.0703125
1 0.49765625 0.5671875 0.06875 0.0234375
1 0.49453125 0.62734375 0.065625 0.065625
1 0.40234375 0.5515625 0.08125 0.028125
1 0.40625 0.6140625 0.078125 0.05
1 0.4046875 0.71171875 0.0734375 0.0984375
1 0.90078125 0.33828125 0.046875 0.0546875
1 0.89453125 0.41171875 0.046875 0.0484375
1 0.88828125 0.46484375 0.04375 0.03125
1 0.8765625 0.53359375 0.0484375 0.078125
1 0.95078125 0.33203125 0.0453125 0.0890625
1 0.9390625 0.4375 0.0375 0.0859375
1 0.928125 0.5359375 0.05 0.084375
