1 0.5533016515625 0.30500695625 0.6263452765624999 0.3155579890625 0.630059396875 0.1958037546875 0.5570157484375 0.183670059375 0.5533016515625 0.30500695625
1 0.5461830062499999 0.4353122046875 0.6179886 0.44480814999999996 0.6260357984375 0.3224161578125 0.5530258859375 0.30960065625 0.5461830062499999 0.4353122046875
1 0.540921375 0.5612484859375 0.608393890625 0.5702756296875 0.615512559375 0.454831640625 0.54722166875 0.44618917968750005 0.540921375 0.5612484859375
1 0.53782630625 0.6725618625 0.6022037515625 0.6788924656249999 0.611488959375 0.577133778125 0.5406435546874999 0.5689208984375 0.53782630625 0.6725618625
1 0.47747245937500005 0.2528593671875 0.5508256109375 0.2613001875 0.5508256109375 0.2212062671875 0.4764102078125 0.2112833125 0.47747245937500005 0.2528593671875
1 0.471591846875 0.3525666421875 0.544944975 0.36206255 0.54804004375 0.27079613281250003 0.4756363125 0.26011205937500004 0.471591846875 0.3525666421875
1 0.46663971875000004 0.4475259453125 0.5368978 0.45965960937499994 0.5421594078124999 0.3720860390625 0.4702190421875 0.36106879531249997 0.46663971875000004 0.4475259453125
1 0.46634956406250005 0.4560869 0.46633021562500004 0.45832527343749996 0.46323514687499995 0.5390406359375 0.5325646984375 0.5485365828125001 0.536278771875 0.4657109640625 0.46634956406250005 0.4560869
1 0.46148404843749996 0.57902573125 0.53108676875 0.5881516703125 0.5307298375 0.5565150796875 0.4632919359375 0.5450036984375 0.46148404843749996 0.57902573125
1 0.4611271171875 0.6599424046875 0.5268035359375001 0.6708935015625 0.529659015625 0.5954524484375 0.46150695312499995 0.5853348859375 0.4611271171875 0.6599424046875
1 0.3602771453125 0.5659763140625 0.44344348437500003 0.5817946453125 0.44272959375000004 0.5465076421874999 0.3606555 0.5320672796875 0.3602771453125 0.5659763140625
1 0.3656312 0.6371586390624999 0.4470128546875 0.653585309375 0.4455851 0.59031215 0.36244048125 0.5739203984375 0.3656312 0.6371586390624999
1 0.367415884375 0.762208946875 0.44272959375000004 0.7786356640625 0.44415734687499997 0.6608860875 0.3646717078125 0.6462121484375001 0.367415884375 0.762208946875
1 0.87804119375 0.364476359375 0.9225813078125 0.37806664843750004 0.9283550437500001 0.3208936578125 0.8838007328125 0.3055021828125 0.87804119375 0.364476359375
1 0.8695180671875 0.43523967499999994 0.91543291875 0.44695545000000003 0.92148156875 0.3879079109375 0.877957309375 0.37290961093749997 0.8695180671875 0.43523967499999994
1 0.8703952296875 0.4420754921875 0.87034289375 0.442737728125 0.8662188078125 0.47975960625 0.90965918125 0.48819494218750004 0.9126835281250001 0.452578990625 0.8703952296875 0.4420754921875
1 0.8519909906249999 0.574217025 0.8964620999999999 0.5777397390625 0.9091093125 0.494755784375 0.8655829984375 0.48603685781249995 0.8519909906249999 0.574217025
1 0.8365946578125 0.6703632890625 0.87921020625 0.6703632890625 0.8937819828125001 0.583666565625 0.851490034375 0.5792349531250001 0.8365946578125 0.6703632890625
1 0.931115390625 0.37889799375 0.9698817671875 0.38920788125 0.9778550234375001 0.2959503234375 0.9405163218749999 0.28029766718750004 0.931115390625 0.37889799375
1 0.9187431343749999 0.4810595578125 0.956134815625 0.48762040000000006 0.9687820281249999 0.39670598749999997 0.9308918578125001 0.3852187921875 0.9187431343749999 0.4810595578125
1 0.9025217062499999 0.578234515625 0.9421129515625 0.58151491875 0.9547601203125 0.49294364531249996 0.9164551624999999 0.48662300937499997 0.9025217062499999 0.578234515625
1 0.8865752765625 0.6701442296875 0.9231421328125 0.6720187625 0.939638475 0.5871965328125001 0.90201846875 0.5833380125 0.8865752765625 0.6701442296875
1 0.9746402875 0.39122603906250003 1 0.4010673015625 1 0.306403828125 0.9848576 0.3008129703125 0.9746402875 0.39122603906250003
1 0.9717958281250001 0.397527975 0.96061838125 0.488701309375 0.9919614546875 0.49666802343749994 1 0.45261671562499994 0.9999346703124999 0.40669087812500004 0.9717958281250001 0.397527975
1 0.9452218 0.581021628125 0.9776646343750001 0.5861765625 0.9919614546875 0.502760240625 0.95976525 0.49482913125000005 0.9452218 0.581021628125
1 0.9279006546874999 0.6689414578124999 0.9595186421875 0.6703473296875 0.9760149828125 0.590211428125 0.9425787078125 0.5862687703125 0.9279006546874999 0.6689414578124999
