1 0.5921875 0.24921875 0.0703125 0.109375
1 0.5859375 0.37890625 0.0671875 0.1140625
1 0.57890625 0.50859375 0.065625 0.1046875
1 0.57265625 0.625 0.0640625 0.1015625
1 0.515625 0.23515625 0.0765625 0.046875
1 0.51328125 0.3140625 0.0734375 0.0828125
1 0.50390625 0.4109375 0.0671875 0.0765625
1 0.5 0.5 0.0640625 0.0734375
1 0.49765625 0.56640625 0.065625 0.028125
1 0.4953125 0.6296875 0.0640625 0.0703125
1 0.403125 0.553125 0.0828125 0.028125
1 0.40546875 0.61328125 0.08125 0.053125
1 0.40546875 0.715625 0.075 0.1015625
1 0.90234375 0.33828125 0.0453125 0.0515625
1 0.89296875 0.4109375 0.04375 0.05
1 0.8890625 0.465625 0.04375 0.0265625
1 0.8734375 0.53359375 0.04375 0.08125
1 0.86171875 0.62578125 0.059375 0.084375
1 0.953125 0.334375 0.04375 0.0859375
1 0.931700621875 0.38699153750000004 0.9208692218750001 0.47837853125 0.9553126593749999 0.48854851093749996 0.9686018375 0.397018728125 0.931700621875 0.38699153750000004
1 0.917920453125 0.488692425 0.917614734375 0.4909672140625 0.9051391671875001 0.57648746875 0.9387689703125 0.5797233734375 0.952600578125 0.495127665625 0.917920453125 0.488692425
1 0.9040187328125 0.5864077812499999 0.902698290625 0.5862667390625 0.8880530515625 0.6690133625 0.918970775 0.6690133625 0.9374129312499999 0.5881158234375 0.9040187328125 0.5864077812499999
1 0.9843774609375 0.3013564734375 0.9865159953125 0.3024347921875 0.97621008125 0.3925777640625 0.9987203578124999 0.401823196875 0.999262765625 0.3061329625 0.9843774609375 0.3013564734375
1 0.973188271875 0.40311921249999993 0.9724131640625 0.40281930781249997 0.9618360656249999 0.485565940625 0.9924825640625 0.49573592031249997 0.9987203578124999 0.4129892875 0.973188271875 0.40311921249999993
1 0.9603037499999999 0.499678175 0.9593951890625 0.5009282421875 0.9466483984374999 0.5822880500000001 0.9756676734375 0.5841371421875 0.988685646875 0.50508869375 0.9603037499999999 0.499678175
1 0.9453848296875 0.5887205703125 0.9450211546875 0.5915692640625 0.9303759140625001 0.6683063687499999 0.9588527609374999 0.6687686328125 0.9745828375000001 0.5920315546875 0.9453848296875 0.5887205703125
