1 0.8835603437499999 0.305222115625 0.8833770390625 0.3070966609375 0.8797111687499999 0.36426989375 0.9216853828125 0.3786413046875 0.9264510109374999 0.3220929125 0.8835603437499999 0.305222115625
1 0.8788458562500001 0.37505763281250004 0.872699246875 0.43452907031250004 0.9135737031250001 0.44515142656249995 0.9194390890624999 0.3889154515625 0.8788458562500001 0.37505763281250004
1 0.8726677328125 0.44633684218749997 0.872332665625 0.44580045625000003 0.8673837328125 0.47922960937500003 0.9073417203125 0.4864153265625 0.9119240578125 0.45548553593749996 0.8726677328125 0.44633684218749997
1 0.86739716875 0.49010301875 0.86665055625 0.49083759374999997 0.8525369625 0.5723797640625 0.8921283546875 0.57862820625 0.9058753671875 0.49677361875 0.86739716875 0.49010301875
1 0.9423908843750001 0.28262655937500003 0.933014375 0.3788270171875 0.9683900109374999 0.386949996875 0.9762716375 0.29509789999999997 0.9423908843750001 0.28262655937500003
1 0.9318681578125 0.38859937499999997 0.9205504109374999 0.48007598125 0.9542764171875 0.48632442343750004 0.9665570765625 0.39947106250000003 0.9318681578125 0.38859937499999997
1 0.9179424609375 0.49012298750000005 0.905337059375 0.57731176875 0.9377800031250001 0.5804359890625 0.95299336875 0.49545719843749997 0.9179424609375 0.49012298750000005
1 0.9602049078125001 0.49791840625 0.9600560234375 0.49691483437499995 0.94667559375 0.5803315328124999 0.976002553125 0.5840805875 0.9890163875000001 0.503788121875 0.9602049078125001 0.49791840625
1 0.9432474453124999 0.5901399921875 0.943559609375 0.5919395171875 0.9294460093750001 0.6669208046875 0.9574899125 0.6675456625 0.97325315 0.5913146703125001 0.9432474453124999 0.5901399921875
1 1 0.4083214203125 0.9744125125 0.40022605 0.9749506374999999 0.40051086874999997 0.9621200921874999 0.48923872656249995 0.9918136328125 0.497049278125 0.9989620828125 0.45112322968749996 1 0.4083214203125
1 0.5568922625 0.186475171875 0.5559101046875 0.1869050625 0.5548103453125 0.30250123906250004 0.6250117609375 0.3131235953125 0.6281277453125 0.198152259375 0.5568922625 0.186475171875
1 0.5541424046875 0.31542908281250004 0.55407716875 0.3169451984375 0.5482117828125 0.4309792578125 0.6145640375 0.44253888906250005 0.621345890625 0.327255125 0.5541424046875 0.31542908281250004
1 0.5481843765625001 0.44711838125 0.5483950734375 0.44794678593750004 0.5425296875 0.558856625 0.6074155734375 0.56697959375 0.613830846875 0.45763186562499997 0.5481843765625001 0.44711838125
1 0.5426846578125 0.5694292125 0.5421630921875 0.5692149171875001 0.5388638171875 0.6698148296875 0.600817025 0.6791874921875001 0.6085153453125 0.5782751625 0.5426846578125 0.5694292125
1 0.478292128125 0.21343826250000003 0.47827351875 0.2141844453125 0.478456809375 0.25105025 0.5492080953125 0.2641719796875 0.5501245640625 0.2248067953125 0.478292128125 0.21343826250000003
1 0.477375509375 0.26345675 0.47680717968749997 0.2645327671875 0.4725914234375 0.351698528125 0.541509775 0.35888423281250004 0.54645869375 0.2739054421875 0.477375509375 0.26345675
1 0.47210494531249997 0.3638844921875 0.47112506875 0.3620326359375 0.4676425046875 0.4445120953125 0.534911225 0.4576338 0.5420596609375 0.37359225625 0.47210494531249997 0.3638844921875
1 0.46507639218749997 0.5364608984375 0.529595696875 0.5464583953125 0.5356443890625 0.4705398328125 0.467521846875 0.4611860796875 0.46507639218749997 0.5364608984375
1 0.464343215625 0.5780130328124999 0.5297790015625 0.5880105421875 0.5317952140625 0.558018015625 0.4654429734375 0.5473956703125 0.464343215625 0.5780130328124999
1 0.46269357187500004 0.6592911390625 0.5237303109375 0.6674141078125 0.5275794859375 0.5980564046875 0.4631679046875 0.588967684375 0.46269357187500004 0.6592911390625
1 0.361449159375 0.5627362671875 0.440998540625 0.5799194812499999 0.44081523593750005 0.5493021203125 0.361082578125 0.5330561703125001 0.361449159375 0.5627362671875
1 0.366947965625 0.6342809296875 0.4437479421875 0.6511517140625 0.44246489375 0.59272879375 0.3634855171875 0.57685383125 0.366947965625 0.6342809296875
1 0.36850481562500004 0.7593019953125 0.44035586093749995 0.7749231 0.44090574687500006 0.6646381078125 0.36761030625 0.64875540625 0.36850481562500004 0.7593019953125
