1 0.626900540625 0.3171181890625 0.6303289421875 0.1932610328125 0.55690398125 0.1835085046875 0.5534755796875 0.3010265125 0.626900540625 0.3171181890625
1 0.61861521875 0.44243822499999996 0.6266148312500001 0.3229697078125 0.5522690875 0.309454190625 0.54633309375 0.43756194375 0.61861521875 0.44243822499999996
1 0.6100442140625 0.56961961875 0.6171867265625 0.45307686093750005 0.546267715625 0.44322612031249997 0.539761971875 0.5642557421875 0.6100442140625 0.56961961875
1 0.605473028125 0.6812415484375001 0.61061563125 0.5798152062499999 0.5406950140625 0.570419103125 0.5371906703125 0.67977866875 0.605473028125 0.6812415484375001
1 0.5517613781249999 0.2649867078125 0.552332796875 0.22305083906249998 0.477251940625 0.21296296250000002 0.4777650515625 0.2532836703125 0.5517613781249999 0.2649867078125
1 0.5443331828125 0.3634427203125 0.54890439375 0.27176891875 0.47639460156249996 0.2604775828125 0.4703368296875 0.3551530609375 0.5443331828125 0.3634427203125
1 0.5394762890625 0.46291854062500004 0.5446188921874999 0.37075711875 0.469107221875 0.36062378125 0.466908428125 0.45267838281249995 0.5394762890625 0.46291854062500004
1 0.5329051671875 0.5515774203125 0.5380477703125 0.46868091874999995 0.46610653593749996 0.45784600312499996 0.462908634375 0.54084964375 0.5329051671875 0.5515774203125
1 0.5311909671875 0.5915182437500001 0.5334765859374999 0.55689675 0.46262292499999996 0.547631853125 0.462051534375 0.582253325 0.5311909671875 0.5915182437500001
1 0.526334071875 0.668563228125 0.5303338656250001 0.5949316234375 0.46181984218750005 0.5865009734375 0.4591945234375 0.6617364703125 0.526334071875 0.668563228125
1 0.4437667140625 0.5827409671875 0.4437667140625 0.5456813328125001 0.359367853125 0.53094541875 0.36034226875 0.5666492890625 0.4437667140625 0.5827409671875
1 0.44633801562500003 0.6553527406249999 0.445480915625 0.589523153125 0.362342165625 0.571480978125 0.3666552328125 0.6376705640625 0.44633801562500003 0.6553527406249999
1 0.4420525140625 0.7777470375 0.44348101875 0.6607166390625 0.36579789375 0.64644249375 0.3660562765625 0.7665315968749999 0.4420525140625 0.7777470375
1 0.92383754375 0.3790843765625 0.9288696375000001 0.32167604375000003 0.883508996875 0.30584065625 0.87722455 0.3673315015625 0.92383754375 0.3790843765625
1 0.914567921875 0.4459854484375 0.9217187796875 0.3881250671875 0.8779456718749999 0.3729268265625 0.8703385234375001 0.4387528875 0.914567921875 0.4459854484375
1 0.910860053125 0.49073683125 0.9135085265624999 0.45186188437499997 0.8703954453125 0.4434011875 0.8650415984375 0.4844083453125 0.910860053125 0.49073683125
1 0.8962935062499999 0.5815956984375 0.9084764328125001 0.49480513750000005 0.864037359375 0.4894805765625 0.8528586468749999 0.5730070359375 0.8962935062499999 0.5815956984375
1 0.9418471046875 0.5847186140625 0.9550894515625 0.49521584843750005 0.91569680625 0.48880293906250005 0.9023849687500001 0.5829104843749999 0.9418471046875 0.5847186140625
1 0.9569433609375 0.4897914390625 0.9696559984374999 0.395316290625 0.9300025 0.38580195 0.9190703062500001 0.48481905625 0.9569433609375 0.4897914390625
1 0.9696559984374999 0.390467878125 0.979190475 0.2950886546875 0.9411291500000001 0.281445684375 0.9288696375000001 0.38052311250000004 0.9696559984374999 0.390467878125
1 0.9774568125 0.5847115453125 0.9919074562500001 0.5023822828125 0.95960669375 0.49280665468749996 0.945502553125 0.5812377421875 0.9774568125 0.5847115453125
1 0.959342625 0.6715567546875 0.9766426859375 0.5909644015625 0.944337678125 0.5860215796875 0.92637071875 0.6722515375 0.959342625 0.6715567546875
