1 0.44356476406249995 0.5877678093750001 0.44501526093750005 0.546295309375 0.3582145046875 0.5254856578125 0.358711334375 0.569198034375 0.44356476406249995 0.5877678093750001
1 0.44864145468750005 0.6579982328125 0.44682835781249997 0.59052805 0.3625674921875 0.57187933125 0.36451329062500004 0.636952484375 0.44864145468750005 0.6579982328125
1 0.44320213124999996 0.7777295921875 0.4453778609375 0.6564070640625 0.3636557375 0.644253459375 0.36668901875 0.765349734375 0.44320213124999996 0.7777295921875
1 0.5496600203125 0.2669918671875 0.55256098125 0.2224244234375 0.47574514062500006 0.2090808140625 0.474597371875 0.26018295468749997 0.5496600203125 0.2669918671875
1 0.5460337953125001 0.3625935953125 0.5496600203125 0.2722206984375 0.47302452500000003 0.2582581078125 0.470608546875 0.35578468281250003 0.5460337953125001 0.3625935953125
1 0.5398692406250001 0.4606663609375 0.5442206984375 0.3709124625 0.4686715375 0.35754056562500003 0.465169225 0.44766751875 0.5398692406250001 0.4606663609375
1 0.532979421875 0.5544061890624999 0.53841874375 0.46527128749999996 0.4621420578125 0.4531115296875 0.4629934953125 0.5389313875 0.532979421875 0.5544061890624999
1 0.53189155625 0.5948807046875 0.5333420546875 0.549694234375 0.461597934375 0.5431152546875 0.46190563124999995 0.58250083125 0.53189155625 0.5948807046875
1 0.5282653640625 0.6737622375 0.53189155625 0.5939122234374999 0.4610538109375 0.5839416859375001 0.45972990156250004 0.6638583546875 0.5282653640625 0.6737622375
1 0.627283578125 0.31932811875 0.6327229015625 0.19614861249999999 0.553554775 0.17938886406250001 0.5529461609374999 0.30571026562500003 0.627283578125 0.31932811875
1 0.6193058953125 0.4514405390625 0.627283578125 0.3220711453125 0.55137828125 0.3120747671875 0.546056375 0.438441696875 0.6193058953125 0.4514405390625
1 0.61169084375 0.5736023296874999 0.6189432625 0.44980385468749995 0.54376055625 0.4401213015625 0.5395291890625 0.5643174703125 0.61169084375 0.5736023296874999
1 0.6048010234375 0.6840131453125 0.6127787078125 0.5738324796875001 0.538319321875 0.5635284703125001 0.534452465625 0.6734902625 0.6048010234375 0.6840131453125
1 0.9224116640625001 0.38219004375 0.9313710875 0.3286622546875 0.8832194156250001 0.30254425 0.87761461875 0.370372225 0.9224116640625001 0.38219004375
1 0.9138594984375 0.4489259953125 0.9220044421875 0.38358040312499997 0.8740531624999999 0.369235978125 0.8698769328125 0.43849850312500005 0.9138594984375 0.4489259953125
1 0.909286440625 0.489942553125 0.914329065625 0.45149470625 0.8699902359375 0.4409970671875 0.8655836953125 0.48018712656250007 0.909286440625 0.489942553125
1 0.8506239125 0.5728328546875 0.8926457781250001 0.5831621265625 0.8998735453125001 0.5570520250000001 0.9096226109375 0.4930679171875 0.8644413999999999 0.48314698125 0.8506239125 0.5728328546875
1 0.9608202234375 0.67064549375 0.977124715625 0.591454415625 0.9411162265625 0.5837906562499999 0.9255218484375 0.6700716671875 0.9608202234375 0.67064549375
1 0.9779725890625001 0.587173925 0.99276429375 0.5019574437500001 0.9587716140625 0.49260920781250006 0.94334656875 0.5828700609374999 0.9779725890625001 0.587173925
1 0.93830394375 0.5851905562499999 0.9551126984374999 0.49337481250000004 0.9158942437500001 0.4852974875 0.9006523484375 0.5800259203125 0.93830394375 0.5851905562499999
1 0.9554488687499999 0.492874546875 0.9695682187499999 0.395607215625 0.929009675 0.3829334078125 0.9171249187500001 0.4839798734375 0.9554488687499999 0.492874546875
1 0.9312540109375 0.3798834125 0.9687375296875 0.3910734578125 0.9786546859374999 0.293519225 0.9403595671874999 0.27841882500000004 0.9312540109375 0.3798834125
1 0.9586572906249999 0.4884822796875 0.99326376875 0.49994422031249997 1 0.4461613171875 0.9992036796875 0.40648540468750005 0.972422153125 0.39671658593750003 0.9586572906249999 0.4884822796875
1 0.97317374375 0.3914280859375 1 0.40358085781249997 1 0.3063585875 0.9833148515625 0.2979647203125 0.97317374375 0.3914280859375
1 0.9652027750000001 0.6711212890625 0.9950997125000001 0.67002770625 1 0.6434171875 1 0.6284715609375 0.9732737328125 0.6285758078125 0.9652027750000001 0.6711212890625
1 0.8803389484374999 0.67247758125 0.8946756359375 0.5838866203124999 0.849030503125 0.5776607953124999 0.833314596875 0.6705198 0.8803389484374999 0.67247758125
1 0.923349009375 0.673945940625 0.939406125 0.5838866203124999 0.8993699812499999 0.5835303374999999 0.8840664984375 0.6719881578125 0.923349009375 0.673945940625
