1 0.59140625 0.246875 0.06875 0.10625
1 0.58515625 0.38203125 0.0640625 0.1125
1 0.578125 0.5078125 0.0671875 0.1109375
1 0.57265625 0.628125 0.0640625 0.1015625
1 0.51484375 0.2328125 0.0734375 0.0515625
1 0.51015625 0.315625 0.06875 0.08125
1 0.5046875 0.4078125 0.06875 0.0765625
1 0.50078125 0.5 0.06875 0.0703125
1 0.4984375 0.56875 0.065625 0.034375
1 0.4953125 0.63359375 0.0625 0.0734375
1 0.40234375 0.55 0.0796875 0.03125
1 0.40703125 0.6140625 0.0828125 0.053125
1 0.4046875 0.71328125 0.075 0.1046875
1 0.90078125 0.33984375 0.046875 0.05625
1 0.89375 0.4109375 0.046875 0.0484375
1 0.88828125 0.46484375 0.0453125 0.0265625
1 0.8765625 0.5328125 0.0421875 0.0828125
1 0.95078125 0.3359375 0.0390625 0.084375
1 0.9390625 0.4390625 0.034375 0.0875
1 0.93046875 0.5375 0.040625 0.0875
