1 0.44382510937499997 0.5863745734375 0.44382510937499997 0.547011025 0.3581988921875 0.5296898703124999 0.358630621875 0.56450594375 0.44382510937499997 0.5863745734375
1 0.4470285953125 0.6565911796874999 0.448309725 0.58934513125 0.361082425 0.5714859265625 0.364716628125 0.6440167046874999 0.4470285953125 0.6565911796874999
1 0.44446636406250006 0.7795544203125 0.4454272046875 0.6587302140625 0.3634853703125 0.6444241390625 0.36631801875000003 0.76424638125 0.44446636406250006 0.7795544203125
1 0.5533062890625 0.26565236875 0.5505389 0.21983010468750003 0.47602269062499997 0.20913206093749998 0.47692587187499996 0.25384249375 0.5533062890625 0.26565236875
1 0.544727346875 0.36739842500000003 0.5502621515625 0.27102995937499996 0.47394640781249997 0.2579924859375 0.4700073734375 0.354643775 0.544727346875 0.36739842500000003
1 0.5389157921875001 0.463243790625 0.544450596875 0.3682925203125 0.468963325 0.358545825 0.4658562625 0.4457651828125 0.5389157921875001 0.463243790625
1 0.5333809625 0.55387496875 0.5383622953125 0.46600961406249997 0.463365596875 0.45467214843750003 0.46281209843750004 0.54159270625 0.5333809625 0.55387496875
1 0.531167046875 0.5934978875 0.53199726875 0.5538167546875 0.4619039609375 0.544073815625 0.4614284046875 0.577908871875 0.531167046875 0.5934978875
1 0.529506603125 0.6723323375 0.5314437953125 0.5934424703125 0.46004470937499997 0.5854117734375001 0.45866098906249997 0.6624120546875 0.529506603125 0.6723323375
1 0.6042502 0.6855593843750001 0.61255241875 0.5764362703125 0.5395569796874999 0.5639012343750001 0.5367254734375 0.6723323375 0.6042502 0.6855593843750001
1 0.6117254046875 0.5751486609375001 0.6167067375 0.45468811249999996 0.54495531875 0.44281235468749996 0.538665875 0.560504440625 0.6117254046875 0.5751486609375001
1 0.61962695 0.4502853359375 0.626268725 0.3227388375 0.5507689124999999 0.3096854 0.5449069765625 0.43894786874999997 0.61962695 0.4502853359375
1 0.6269709390625 0.3171123640625 0.6322289953125 0.1938174328125 0.5540909671875001 0.178682809375 0.550313771875 0.30341291875 0.6269709390625 0.3171123640625
1 0.9227710890624999 0.38221475781250003 0.928565346875 0.32101582031250003 0.883208409375 0.3070275140625 0.8785899734375 0.36552415 0.9227710890624999 0.38221475781250003
1 0.9129932984375 0.4486257875 0.9220468187499999 0.3855723359375 0.8766875921875 0.3709658390625 0.8695364515625 0.4387350296875 0.9129932984375 0.4486257875
1 0.909371884375 0.49183386249999994 0.9137175687499999 0.4497982234375 0.8707101765624999 0.44139066250000003 0.8651907671875 0.4844158078125 0.909371884375 0.49183386249999994
1 0.8513288890625 0.574231478125 0.8936169218750001 0.5792971203125 0.9005412843749999 0.5527025125 0.909444028125 0.49360336718750003 0.864735325 0.4849246734375 0.8513288890625 0.574231478125
1 0.878531709375 0.6725574640625 0.8946061234375 0.5813759203125 0.8487789734375 0.5773113671875 0.8327815078125 0.6712910546875 0.878531709375 0.6725574640625
1 0.9231843375000001 0.67194481875 0.9400006234375 0.5879396171875 0.8973901859375 0.5823736515625 0.8838638874999999 0.6694119984375 0.9231843375000001 0.67194481875
1 0.9407466890625 0.5841839953125 0.9570683859375 0.4930024796875 0.9148308500000001 0.4817607453125 0.9006843437500001 0.5782740921875 0.9407466890625 0.5841839953125
1 0.9574457187500001 0.49178976875 0.9680795578125 0.39554259375 0.928560734375 0.381147840625 0.9171360890625 0.482080615625 0.9574457187500001 0.49178976875
1 0.9698150625 0.39410915625 0.9794597015625 0.29364060937500003 0.9393219953124999 0.2773710078125 0.9297527390625 0.37891223125 0.9698150625 0.39410915625
1 0.9779858140625001 0.5869509671875 0.9930710265625 0.501257215625 0.955649425 0.493783671875 0.9436113468749999 0.5831517374999999 0.9779858140625001 0.5869509671875
1 0.9609222234375 0.673645946875 0.97773853125 0.590485015625 0.942661696875 0.5855375796875 0.9277842406250001 0.6690024375 0.9609222234375 0.673645946875
