12 0.0984375 0.33046875 0.19609375 0.02421875
12 0.4421875 0.25859375 0.05390625 0.25234375
12 0.73671875 0.2296875 0.5265625 0.1046875
12 0.37578125 0.02421875 0.11640625 0.0265625
12 0.49921875 0.0515625 0.1140625 0.02421875
12 0.61640625 0.07109375 0.10078125 0.02265625
12 0.77109375 0.09296875 0.18046875 0.07578125
12 0.93828125 0.11796875 0.12265625 0.06953125
12 0.11171875 0.10078125 0.06953125 0.08046875
12 0.29453125 0.159375 0.03125 0.0109375
12 0.24921875 0.221875 0.1296875 0.03828125
