12 0.284375 0.55 0.21875 0.13359375
12 0.01640625 0.33828125 0.0328125 0.0859375
12 0.2375 0.3015625 0.23203125 0.10234375
12 0.19453125 0.04375 0.25703125 0.03984375
12 0.0515625 0.9796875 0.0625 0.03984375
12 0.534375 0.67265625 0.93046875 0.5671875
12 0.76640625 0.184375 0.0578125 0.03984375
12 0.65546875 0.1828125 0.05390625 0.03359375
12 0.76484375 0.03671875 0.11171875 0.03984375
12 0.640625 0.0359375 0.06953125 0.0515625
12 0.66875 0.22890625 0.06953125 0.0578125
12 0.68984375 0.33515625 0.06484375 0.01796875
12 0.80234375 0.34296875 0.10234375 0.02890625
12 0.04453125 0.63203125 0.0890625 0.0984375
12 0.515625 0.24453125 0.140625 0.046875
12 0.09609375 0.01484375 0.07109375 0.015625
12 0.23984375 0.01328125 0.14765625 0.0265625
