12 0.815625 0.7078125 0.36796875 0.21640625
12 0.9015625 0.51484375 0.19609375 0.0359375
12 0.91640625 0.44765625 0.0984375 0.12734375
12 0.76328125 0.56796875 0.2609375 0.06484375
12 0.01640625 0.48046875 0.0328125 0.0328125
12 0.14375 0.49453125 0.1765625 0.06484375
12 0.30390625 0.47890625 0.11796875 0.06953125
12 0.51875 0.45234375 0.20078125 0.07578125
12 0.71875 0.4296875 0.14296875 0.05390625
12 0.925 0.42421875 0.14921875 0.05546875
12 0.92578125 0.21015625 0.1484375 0.0546875
12 0.68984375 0.215625 0.1609375 0.06015625
12 0.48515625 0.21640625 0.21171875 0.06015625
12 0.2578125 0.22109375 0.12734375 0.06015625
12 0.090625 0.221875 0.18046875 0.06015625
