12 0.0859375 0.01796875 0.171875 0.0359375
12 0.27109375 0.01796875 0.0828125 0.0359375
12 0.37421875 0.01875 0.0984375 0.0375
12 0.48984375 0.01875 0.03984375 0.02421875
12 0.55546875 0.02265625 0.0265625 0.0265625
12 0.6015625 0.02265625 0.0578125 0.02421875
12 0.7375 0.0265625 0.1296875 0.02421875
12 0.0828125 0.20078125 0.16484375 0.046875
12 0.27109375 0.19765625 0.04453125 0.0421875
12 0.359375 0.19609375 0.08671875 0.03984375
12 0.4875 0.184375 0.05546875 0.0421875
12 0.72109375 0.1828125 0.1296875 0.03125
12 0.57265625 0.1796875 0.08515625 0.03125
12 0.078125 0.38359375 0.15625 0.05390625
12 0.41484375 0.665625 0.8296875 0.35625
12 0.36796875 0.5203125 0.1046875 0.03828125
12 0.47578125 0.51015625 0.03984375 0.0265625
12 0.24765625 0.36015625 0.05390625 0.02421875
12 0.35703125 0.36484375 0.08671875 0.046875
12 0.47421875 0.35859375 0.03828125 0.03984375
12 0.5625 0.3484375 0.0671875 0.0359375
12 0.70625 0.315625 0.125 0.01796875
12 0.70390625 0.33828125 0.12734375 0.02890625
12 0.55546875 0.49453125 0.05546875 0.01796875
12 0.97734375 0.73203125 0.04453125 0.0734375
12 0.55234375 0.309375 0.04921875 0.02421875
12 0.2453125 0.528125 0.03984375 0.00703125
12 0.15390625 0.5390625 0.09140625 0.02421875
