12 0.94765625 0.94609375 0.1046875 0.0734375
12 0.82734375 0.78671875 0.11640625 0.03359375
12 0.9140625 0.78046875 0.03828125 0.0265625
12 0.98984375 0.7734375 0.0203125 0.02421875
12 0.2765625 0.59140625 0.03359375 0.0109375
12 0.46875 0.596875 0.27890625 0.03984375
12 0.6765625 0.590625 0.08046875 0.03359375
12 0.8234375 0.58046875 0.14765625 0.0359375
12 0.9609375 0.57109375 0.05546875 0.02890625
12 0.96796875 0.38984375 0.0515625 0.02421875
12 0.81953125 0.40390625 0.1140625 0.0515625
12 0.6796875 0.403125 0.0734375 0.03984375
12 0.44609375 0.41640625 0.24765625 0.05546875
12 0.1328125 0.42265625 0.265625 0.0578125
12 0.44609375 0.6890625 0.8921875 0.459375
12 0.140625 0.22109375 0.28125 0.05390625
12 0.4609375 0.21953125 0.25859375 0.04921875
12 0.70078125 0.215625 0.09140625 0.04453125
12 0.83671875 0.215625 0.125 0.04453125
12 0.97734375 0.2109375 0.04453125 0.02890625
12 0.859375 0.02109375 0.1296875 0.0421875
12 0.72734375 0.0203125 0.10234375 0.03984375
12 0.47890625 0.02109375 0.2703125 0.0421875
12 0.1484375 0.0203125 0.296875 0.03828125
