12 0.13046875 0.20859375 0.2609375 0.05546875
12 0.37578125 0.2140625 0.13359375 0.0578125
12 0.52890625 0.20859375 0.1515625 0.06953125
12 0.66953125 0.21015625 0.1140625 0.0578125
12 0.86484375 0.2078125 0.18515625 0.0578125
12 0.98515625 0.19765625 0.02890625 0.03359375
12 0.8890625 0.4203125 0.221875 0.09375
12 0.90703125 0.496875 0.18515625 0.02421875
12 0.77578125 0.75625 0.4453125 0.4875
12 0.69609375 0.42421875 0.109375 0.02890625
12 0.5578125 0.42890625 0.1453125 0.02265625
12 0.41171875 0.4484375 0.12734375 0.06015625
12 0.2625 0.4421875 0.05390625 0.0625
12 0.16640625 0.4296875 0.0734375 0.03125
12 0.01015625 0.3859375 0.0203125 0.0625
12 0.01796875 0.45859375 0.0359375 0.06484375
12 0.015625 0.671875 0.03125 0.05546875
12 0.04375 0.9375 0.08671875 0.03828125
12 0.01640625 0.875 0.0328125 0.08125
