12 0.159375 0.1015625 0.15625 0.04921875
12 0.02109375 0.28046875 0.0421875 0.0515625
12 0.1765625 0.27890625 0.14921875 0.04921875
12 0.03046875 0.465625 0.0578125 0.0421875
12 0.190625 0.4484375 0.14765625 0.04453125
12 0.3203125 0.109375 0.05390625 0.0265625
12 0.390625 0.11484375 0.0578125 0.0265625
12 0.47109375 0.12421875 0.0203125 0.02421875
12 0.53203125 0.1296875 0.04921875 0.0265625
12 0.6140625 0.13515625 0.046875 0.02265625
12 0.32734375 0.2703125 0.04453125 0.02890625
12 0.39609375 0.2734375 0.0515625 0.03359375
12 0.63046875 0.26328125 0.06953125 0.01796875
12 0.33671875 0.42734375 0.02890625 0.02421875
12 0.41171875 0.42265625 0.046875 0.03359375
12 0.4921875 0.41640625 0.01796875 0.02890625
12 0.63046875 0.38203125 0.06953125 0.015625
12 0.5 0.5203125 1 0.1046875
12 0.34140625 0.90625 0.68046875 0.1828125
12 0.90625 0.93671875 0.18515625 0.1203125
12 0.53671875 0.2703125 0.0421875 0.02890625
12 0.54921875 0.4140625 0.02421875 0.015625
