12 0.22578125 0.05546875 0.16953125 0.06484375
12 0.42265625 0.028125 0.06484375 0.0265625
12 0.5078125 0.0421875 0.04921875 0.05390625
12 0.63359375 0.04921875 0.10078125 0.0515625
12 0.73203125 0.05390625 0.0421875 0.04453125
12 0.66640625 0.24765625 0.1296875 0.01328125
12 0.7609375 0.246875 0.03359375 0.00703125
12 0.93828125 0.4765625 0.12265625 0.1359375
12 0.52578125 0.50859375 0.21640625 0.0625
12 0.33125 0.5125 0.16328125 0.0625
12 0.7375 0.9140625 0.1203125 0.171875
12 0.60859375 0.7421875 0.08046875 0.13203125
