12 0.18671875 0.01328125 0.05546875 0.01796875
12 0.296875 0.0359375 0.1140625 0.07109375
12 0.4328125 0.03671875 0.10234375 0.0578125
12 0.6328125 0.078125 0.18984375 0.1046875
12 0.85078125 0.12734375 0.2390625 0.11640625
12 0.10859375 0.20234375 0.11171875 0.03984375
12 0.22734375 0.24140625 0.11171875 0.03828125
12 0.3484375 0.2765625 0.109375 0.03828125
12 0.53125 0.3171875 0.1921875 0.08671875
12 0.75703125 0.3796875 0.21875 0.09375
12 0.9375 0.4296875 0.125 0.06953125
12 0.36015625 0.61171875 0.7203125 0.7734375
12 0.69765625 0.67421875 0.1765625 0.09140625
12 0.85234375 0.7234375 0.1296875 0.09140625
