12 0.03203125 0.0515625 0.0640625 0.065625
12 0.21171875 0.03125 0.14921875 0.0625
12 0.4015625 0.01328125 0.08515625 0.0265625
12 0.090625 0.27265625 0.18046875 0.0890625
12 0.23125 0.22734375 0.02890625 0.03125
12 0.346875 0.19609375 0.06953125 0.046875
12 0.4375 0.1828125 0.03984375 0.02265625
12 0.02265625 0.59375 0.04453125 0.07109375
12 0.0828125 0.56171875 0.07578125 0.07578125
12 0.2109375 0.50546875 0.078125 0.07578125
12 0.80546875 0.60859375 0.38828125 0.09140625
12 0.746875 0.01328125 0.0421875 0.0265625
12 0.95390625 0.0546875 0.09140625 0.03828125
