12 0.93203125 0.68671875 0.1359375 0.10078125
12 0.959375 0.40859375 0.08125 0.0828125
12 0.98671875 0.09296875 0.0265625 0.09140625
12 0.02578125 0.375 0.0515625 0.0421875
12 0.03125 0.02265625 0.0625 0.03984375
12 0.15546875 0.0234375 0.0734375 0.0359375
12 0.3515625 0.028125 0.04453125 0.02890625
12 0.4421875 0.02890625 0.078125 0.0265625
12 0.57578125 0.03359375 0.1140625 0.02421875
12 0.565625 0.17734375 0.11796875 0.02265625
12 0.4296875 0.1796875 0.07578125 0.02890625
12 0.35234375 0.19296875 0.04921875 0.03125
12 0.2390625 0.19453125 0.0828125 0.03359375
12 0.1453125 0.19765625 0.06484375 0.03828125
12 0.028125 0.2 0.05546875 0.04453125
12 0.13828125 0.35625 0.0421875 0.02421875
12 0.23671875 0.35390625 0.07578125 0.03359375
12 0.34375 0.34296875 0.02890625 0.0203125
12 0.42265625 0.30546875 0.0625 0.02421875
12 0.55 0.3125 0.11171875 0.0203125
12 0.253125 0.503125 0.0984375 0.02421875
12 0.14921875 0.51796875 0.06015625 0.01796875
12 0.4484375 0.6546875 0.896875 0.378125
12 0.24765625 0.02265625 0.09140625 0.04453125
12 0.42265625 0.34140625 0.0578125 0.03359375
