12 0.10078125 0.0125 0.125 0.02421875
12 0.18046875 0.23515625 0.16953125 0.03828125
12 0.34609375 0.20625 0.13828125 0.0359375
12 0.496875 0.17890625 0.11796875 0.02890625
12 0.659375 0.1375 0.1984375 0.07578125
12 0.859375 0.096875 0.16484375 0.078125
12 0.9796875 0.07109375 0.03984375 0.05546875
12 0.90078125 0.27890625 0.08046875 0.1359375
12 0.7375 0.55390625 0.2546875 0.1140625
12 0.7484375 0.82421875 0.21875 0.3515625
12 0.9296875 0.25 0.140625 0.05546875
12 0.7375 0.38046875 0.1453125 0.0359375
12 0.034375 0.5421875 0.06875 0.0625
12 0.91953125 0.41484375 0.14296875 0.05390625
