12 0.12265625 0.10625 0.16953125 0.06484375
12 0.29765625 0.10078125 0.14296875 0.06484375
12 0.56796875 0.09453125 0.29921875 0.0734375
12 0.8828125 0.07109375 0.234375 0.0625
12 0.15703125 0.3484375 0.16953125 0.17890625
12 0.01640625 0.33203125 0.0328125 0.0078125
12 0.13515625 0.3203125 0.1765625 0.03828125
12 0.03828125 0.4796875 0.07578125 0.0203125
12 0.55703125 0.28828125 0.28125 0.04453125
12 0.31953125 0.30703125 0.15625 0.03984375
12 0.9046875 0.259375 0.190625 0.046875
12 0.5890625 0.32890625 0.82109375 0.14765625
12 0.15703125 0.3484375 0.16953125 0.17890625
