12 0.14609375 0.2390625 0.03359375 0.04921875
12 0.25078125 0.2234375 0.07109375 0.04921875
12 0.28359375 0.184375 0.0515625 0.03125
12 0.38046875 0.1875 0.046875 0.03828125
12 0.51328125 0.18984375 0.0265625 0.03125
12 0.65703125 0.14765625 0.05390625 0.01796875
12 0.6953125 0.159375 0.18046875 0.0421875
12 0.6515625 0.24921875 0.04921875 0.02265625
12 0.68203125 0.28125 0.13359375 0.05546875
12 0.93046875 0.23671875 0.13828125 0.0578125
12 0.39921875 0.33828125 0.08671875 0.0265625
12 0.28046875 0.32578125 0.0984375 0.02265625
12 0.1484375 0.3703125 0.0203125 0.02265625
12 0.253125 0.3875 0.0625 0.04453125
12 0.5 0.43046875 1 0.1203125
12 0.85 0.7578125 0.3 0.053125
12 0.55234375 0.81796875 0.11640625 0.13828125
12 0.225 0.92578125 0.45 0.1484375
12 0.50234375 0.03828125 0.078125 0.0203125
12 0.3953125 0.03671875 0.09140625 0.0203125
12 0.2421875 0.04609375 0.0734375 0.046875
12 0.13828125 0.04453125 0.0421875 0.04921875
12 0.7859375 0.0421875 0.06484375 0.01796875
