12 0.97265625 0.9109375 0.0546875 0.096875
12 0.8984375 0.49765625 0.203125 0.1046875
12 0.60078125 0.98046875 0.0734375 0.0390625
12 0.38046875 0.89375 0.3078125 0.20078125
12 0.10078125 0.62421875 0.20078125 0.10078125
12 0.12265625 0.0828125 0.1203125 0.0625
12 0.28828125 0.078125 0.13359375 0.05390625
12 0.409375 0.059375 0.07109375 0.05546875
12 0.5734375 0.05 0.14921875 0.0671875
12 0.7375 0.02109375 0.0984375 0.0203125
12 0.92421875 0.0125 0.1515625 0.01328125
12 0.575 0.25859375 0.03828125 0.02890625
12 0.48125 0.27421875 0.08671875 0.015625
12 0.35859375 0.2890625 0.13359375 0.02265625
12 0.19609375 0.3046875 0.15390625 0.0265625
