12 0.8671875 0.03203125 0.2625 0.0640625
12 0.88359375 0.28828125 0.23203125 0.0625
12 0.46015625 0.03046875 0.41328125 0.06015625
12 0.32890625 0.18828125 0.09609375 0.0359375
12 0.1921875 0.1828125 0.02890625 0.02265625
12 0.109375 0.18671875 0.015625 0.02265625
12 0.11640625 0.23515625 0.0203125 0.046875
12 0.20859375 0.25859375 0.03359375 0.0515625
12 0.4953125 0.31015625 0.3953125 0.09375
12 0.1671875 0.0421875 0.03828125 0.0359375
12 0.24765625 0.48203125 0.0359375 0.0515625
12 0.640625 0.8078125 0.35703125 0.16953125
12 0.52578125 0.71796875 0.9484375 0.52421875
