12 0.90390625 0.17890625 0.1875 0.01796875
12 0.66640625 0.22890625 0.6671875 0.08671875
12 0.8859375 0.33828125 0.15859375 0.02890625
12 0.98203125 0.35234375 0.0359375 0.06015625
12 0.5 0.3953125 1 0.05546875
12 0.02265625 0.2375 0.03359375 0.015625
12 0.10390625 0.23984375 0.09609375 0.015625
12 0.07109375 0.27109375 0.12265625 0.05546875
12 0.01640625 0.140625 0.02890625 0.01796875
12 0.07109375 0.1578125 0.1421875 0.046875
12 0.878125 0.70859375 0.24296875 0.05546875
12 0.76484375 0.79140625 0.0734375 0.1765625
12 0.39375 0.91328125 0.7875 0.1234375
12 0.12734375 0.0359375 0.0671875 0.015625
