12 0.0234375 0.01640625 0.046875 0.0328125
12 0.21015625 0.01796875 0.22734375 0.0359375
12 0.428125 0.01640625 0.084375 0.0328125
12 0.53828125 0.01640625 0.1046875 0.0328125
12 0.6671875 0.01328125 0.04453125 0.0265625
12 0.77421875 0.01796875 0.09140625 0.0359375
12 0.9328125 0.02109375 0.13359375 0.0265625
12 0.921875 0.18046875 0.140625 0.02421875
12 0.75546875 0.18046875 0.0890625 0.03359375
12 0.6609375 0.18984375 0.06484375 0.02890625
12 0.52421875 0.19765625 0.10078125 0.0421875
12 0.4109375 0.2 0.07578125 0.0421875
12 0.2 0.203125 0.2234375 0.04921875
12 0.01875 0.20703125 0.0375 0.0515625
12 0.01484375 0.3984375 0.02890625 0.046875
12 0.1921875 0.39140625 0.21640625 0.0578125
12 0.3984375 0.378125 0.06015625 0.04453125
12 0.51484375 0.37265625 0.09375 0.046875
12 0.64375 0.36640625 0.0421875 0.03828125
12 0.7453125 0.3203125 0.08046875 0.03828125
12 0.7421875 0.359375 0.078125 0.0359375
12 0.903125 0.33828125 0.14765625 0.0515625
12 0.75234375 0.51484375 0.10703125 0.0265625
12 0.64296875 0.52578125 0.046875 0.0265625
12 0.5265625 0.5359375 0.1203125 0.0359375
12 0.4015625 0.5515625 0.06484375 0.03125
12 0.253125 0.5578125 0.1765625 0.03828125
12 0.44453125 0.67734375 0.88828125 0.4109375
12 0.9296875 0.971875 0.140625 0.05546875
