12 0.25546875 0.01484375 0.3484375 0.02890625
12 0.6375 0.01875 0.33125 0.0375
12 0.92734375 0.01875 0.1453125 0.0375
12 0.9203125 0.22109375 0.159375 0.0515625
12 0.63515625 0.21953125 0.3171875 0.06015625
12 0.3515625 0.221875 0.15625 0.05546875
12 0.17109375 0.221875 0.16484375 0.05390625
12 0.02421875 0.22109375 0.0484375 0.0546875
12 0.03203125 0.43671875 0.0640625 0.0546875
12 0.1875 0.42421875 0.15859375 0.04921875
12 0.35625 0.41953125 0.14921875 0.05390625
12 0.63203125 0.42109375 0.31015625 0.03828125
12 0.91640625 0.42421875 0.1671875 0.05390625
12 0.5 0.45390625 1 0.14921875
12 0.5 0.90078125 1 0.13359375
