12 0.73359375 0.74921875 0.2140625 0.17890625
12 0.81171875 0.921875 0.2703125 0.15625
12 0.30703125 0.57578125 0.20546875 0.12265625
12 0.496875 0.48203125 0.18515625 0.140625
12 0.6375 0.4015625 0.0734375 0.0734375
12 0.79375 0.3171875 0.11640625 0.08046875
12 0.1609375 0.32890625 0.2234375 0.1296875
12 0.371875 0.24140625 0.1765625 0.11796875
12 0.6328125 0.13203125 0.30390625 0.1765625
12 0.8796875 0.028125 0.1296875 0.05546875
12 0.07265625 0.05703125 0.1453125 0.1140625
12 0.23984375 0.0234375 0.140625 0.046875
12 0.75234375 0.41171875 0.13359375 0.1296875
12 0.83828125 0.33828125 0.3234375 0.22109375
12 0.8625 0.5421875 0.10234375 0.07578125
