12 0.7890625 0.03671875 0.234375 0.01796875
12 0.34140625 0.03203125 0.24765625 0.0203125
12 0.03046875 0.22421875 0.06015625 0.0421875
12 0.0421875 0.15703125 0.02421875 0.01796875
12 0.14140625 0.1875 0.0515625 0.03359375
12 0.23671875 0.19296875 0.04921875 0.03828125
12 0.3875 0.1984375 0.046875 0.03828125
12 0.0203125 0.38828125 0.03984375 0.0421875
12 0.44765625 0.653125 0.8953125 0.48203125
12 0.8125 0.265625 0.375 0.078125
12 0.69609375 0.17890625 0.33046875 0.0515625
12 0.24140625 0.3515625 0.08515625 0.03359375
12 0.14609375 0.33515625 0.0421875 0.0203125
12 0.66953125 0.153125 0.08515625 0.01796875
