12 0.06171875 0.078125 0.12265625 0.0734375
12 0.28671875 0.03828125 0.203125 0.07578125
12 0.49375 0.0109375 0.0875 0.021875
12 0.89296875 0.04375 0.03359375 0.02890625
12 0.765625 0.0859375 0.07109375 0.04453125
12 0.68203125 0.1171875 0.03828125 0.03828125
12 0.546875 0.15625 0.16484375 0.078125
12 0.32578125 0.21796875 0.22109375 0.0890625
12 0.09296875 0.2890625 0.1828125 0.0890625
12 0.521875 0.2859375 0.95625 0.175
12 0.21015625 0.44453125 0.07578125 0.0359375
12 0.0859375 0.56484375 0.171875 0.09375
12 0.30234375 0.8203125 0.6046875 0.359375
