12 0.1515625 0.43515625 0.18046875 0.0625
12 0.753125 0.9765625 0.203125 0.046875
12 0.75703125 0.71171875 0.328125 0.06953125
12 0.96953125 0.73203125 0.06015625 0.04921875
12 0.7078125 0.46875 0.4484375 0.0984375
12 0.35078125 0.44453125 0.1875 0.06015625
12 0.378125 0.2234375 0.2078125 0.078125
12 0.17734375 0.221875 0.18984375 0.06015625
12 0.84453125 0.18515625 0.046875 0.03125
12 0.65390625 0.184375 0.26796875 0.03359375
12 0.746875 0.23203125 0.46171875 0.0671875
12 0.63203125 0.33671875 0.2609375 0.05390625
12 0.3234375 0.725 0.646875 0.55
