12 0.090625 0.11953125 0.17890625 0.20078125
12 0.296875 0.140625 0.0734375 0.03125
12 0.38515625 0.1515625 0.046875 0.05546875
12 0.53203125 0.15546875 0.1296875 0.0671875
12 0.675 0.15859375 0.14296875 0.05546875
12 0.80390625 0.14375 0.10234375 0.06484375
12 0.9484375 0.1203125 0.10234375 0.0671875
12 0.959375 0.33984375 0.08125 0.0453125
12 0.84921875 0.35390625 0.109375 0.01796875
12 0.7140625 0.3671875 0.125 0.0203125
12 0.56484375 0.3796875 0.14921875 0.0265625
12 0.16640625 0.5625 0.03359375 0.09140625
12 0.23125 0.63359375 0.14765625 0.02265625
12 0.91796875 0.74921875 0.1640625 0.3703125
12 0.921875 0.52890625 0.15625 0.046875
