12 0.85546875 0.01875 0.0796875 0.0375
12 0.96875 0.02421875 0.0625 0.0109375
12 0.95546875 0.2 0.0890625 0.01328125
12 0.8328125 0.21640625 0.08671875 0.0421875
12 0.815625 0.40390625 0.07109375 0.0671875
12 0.94609375 0.40390625 0.03984375 0.0265625
12 0.95390625 0.484375 0.09140625 0.02890625
12 0.825 0.50703125 0.1453125 0.2140625
12 0.625 0.51328125 0.22734375 0.05390625
12 0.41875 0.5 0.18046875 0.00859375
12 0.13515625 0.51015625 0.2703125 0.0578125
12 0.09140625 0.96328125 0.1828125 0.0734375
