12 0.06171875 0.21015625 0.1203125 0.06953125
12 0.08046875 0.4265625 0.1609375 0.11796875
12 0.28828125 0.42265625 0.07109375 0.02890625
12 0.378125 0.43515625 0.04921875 0.05546875
12 0.51484375 0.42890625 0.109375 0.02421875
12 0.65625 0.42734375 0.1453125 0.02421875
12 0.78984375 0.4265625 0.109375 0.03359375
12 0.94296875 0.4296875 0.1140625 0.0625
12 0.91015625 0.5 0.1796875 0.01875
12 0.67734375 0.54609375 0.3125 0.05390625
12 0.65234375 0.77578125 0.6953125 0.4484375
12 0.246875 0.18671875 0.18984375 0.0109375
12 0.34453125 0.2234375 0.06953125 0.02265625
12 0.4890625 0.21640625 0.12265625 0.05390625
12 0.63203125 0.21796875 0.14296875 0.05390625
12 0.76796875 0.215625 0.1140625 0.05390625
12 0.9328125 0.2140625 0.13359375 0.05546875
