12 0.06796875 0.21328125 0.1359375 0.0515625
12 0.25546875 0.21953125 0.13359375 0.05546875
12 0.41640625 0.2140625 0.1609375 0.06484375
12 0.5625 0.21640625 0.11640625 0.0578125
12 0.76328125 0.21171875 0.1875 0.06015625
12 0.9359375 0.2125 0.128125 0.053125
12 0.92578125 0.49921875 0.1484375 0.0203125
12 0.784375 0.41875 0.18046875 0.0421875
12 0.434375 0.46171875 0.11796875 0.05390625
12 0.29609375 0.4578125 0.13203125 0.05390625
12 0.0828125 0.45625 0.16484375 0.0578125
12 0.77578125 0.7796875 0.4484375 0.440625
12 0.71640625 0.55 0.28984375 0.0625
12 0.94921875 0.44296875 0.1015625 0.1296875
