12 0.04765625 0.09296875 0.09140625 0.0671875
12 0.16640625 0.10625 0.1203125 0.0515625
12 0.28671875 0.10390625 0.0984375 0.0625
12 0.4578125 0.09453125 0.1671875 0.0625
12 0.63359375 0.09921875 0.16328125 0.06484375
12 0.87734375 0.109375 0.2453125 0.0625
12 0.05234375 0.29375 0.1046875 0.01328125
12 0.17265625 0.30390625 0.1203125 0.0109375
12 0.29921875 0.309375 0.0984375 0.00859375
12 0.06171875 0.43671875 0.12265625 0.04453125
12 0.20546875 0.4109375 0.18046875 0.03125
12 0.4421875 0.3046875 0.17421875 0.03359375
12 0.6296875 0.30703125 0.16484375 0.02890625
12 0.77265625 0.3 0.09140625 0.00703125
12 0.65234375 0.3109375 0.6953125 0.040625
