12 0.08515625 0.04453125 0.16953125 0.0890625
12 0.01875 0.390625 0.0375 0.075
12 0.21796875 0.26640625 0.32109375 0.23671875
12 0.5046875 0.08828125 0.22578125 0.1671875
12 0.89140625 0.03984375 0.0671875 0.07109375
12 0.4265625 0.4484375 0.1296875 0.1203125
12 0.26640625 0.56171875 0.09140625 0.09609375
12 0.13046875 0.67265625 0.1921875 0.1828125
12 0.01875 0.7609375 0.0375 0.046875
12 0.78125 0.88515625 0.15390625 0.22109375
12 0.64765625 0.53203125 0.171875 0.11640625
12 0.76953125 0.3578125 0.4609375 0.403125
12 0.82734375 0.64375 0.07109375 0.0890625
