12 0.4265625 0.07265625 0.171875 0.05390625
12 0.59921875 0.09140625 0.05546875 0.03828125
12 0.6671875 0.09609375 0.04921875 0.02421875
12 0.79921875 0.1125 0.03828125 0.02421875
12 0.88046875 0.121875 0.0515625 0.0203125
12 0.89921875 0.2546875 0.0515625 0.01796875
12 0.82109375 0.2578125 0.03125 0.01796875
12 0.7765625 0.2625 0.02890625 0.0203125
12 0.69296875 0.26640625 0.046875 0.0359375
12 0.625 0.2703125 0.03828125 0.0421875
12 0.46171875 0.2765625 0.15859375 0.05390625
12 0.18828125 0.28203125 0.26796875 0.0625
12 0.01875 0.54921875 0.0375 0.0765625
12 0.2390625 0.5125 0.2390625 0.09375
12 0.50546875 0.46875 0.13828125 0.07109375
12 0.91171875 0.37578125 0.05390625 0.01328125
12 0.53203125 0.7390625 0.25703125 0.1453125
12 0.75546875 0.79921875 0.4890625 0.0625
12 0.59296875 0.640625 0.15390625 0.07109375
12 0.07890625 0.7953125 0.1578125 0.09375
12 0.2375 0.7421875 0.0359375 0.0421875
12 0.63515625 0.5421875 0.7296875 0.1359375
