12 0.059375 0.01484375 0.11796875 0.02890625
12 0.2078125 0.0125 0.0890625 0.02421875
12 0.328125 0.0125 0.0984375 0.02421875
12 0.5703125 0.0109375 0.071875 0.021875
12 0.6875 0.01015625 0.03359375 0.0203125
12 0.77109375 0.01015625 0.10234375 0.0203125
12 0.959375 0.20703125 0.08125 0.0734375
12 0.78984375 0.21875 0.16953125 0.05546875
12 0.64375 0.17890625 0.03984375 0.01796875
12 0.61171875 0.21875 0.16953125 0.05390625
12 0.43984375 0.21640625 0.0984375 0.05546875
12 0.325 0.21640625 0.10703125 0.0515625
12 0.2109375 0.215625 0.0828125 0.04921875
12 0.09609375 0.22421875 0.04453125 0.0265625
12 0.059375 0.18828125 0.11796875 0.00703125
12 0.0421875 0.38984375 0.04453125 0.02421875
12 0.1046875 0.39296875 0.03125 0.02421875
12 0.21171875 0.41640625 0.08046875 0.046875
12 0.3203125 0.4265625 0.10703125 0.04921875
12 0.4375 0.4171875 0.09375 0.0421875
12 0.60625 0.41875 0.16328125 0.046875
12 0.78125 0.42109375 0.16953125 0.046875
12 0.953125 0.4265625 0.09375 0.03359375
12 0.69140625 0.45390625 0.6171875 0.0359375
12 0.36796875 0.49296875 0.00859375 0.06953125
12 0.17265625 0.4890625 0.3453125 0.03125
12 0.5 0.89296875 1 0.10703125
