12 0.17421875 0.01640625 0.3203125 0.0328125
12 0.40234375 0.01640625 0.0359375 0.0328125
12 0.54140625 0.02109375 0.18515625 0.0421875
12 0.7765625 0.02421875 0.1921875 0.0421875
12 0.96171875 0.03046875 0.07109375 0.03828125
12 0.95390625 0.20078125 0.06015625 0.03984375
12 0.7734375 0.20390625 0.1875 0.0515625
12 0.5109375 0.20859375 0.2390625 0.0578125
12 0.1953125 0.215625 0.29453125 0.0515625
12 0.2078125 0.4140625 0.2859375 0.05546875
12 0.515625 0.39140625 0.234375 0.046875
12 0.77421875 0.38203125 0.1765625 0.0578125
12 0.9484375 0.36484375 0.04453125 0.0421875
12 0.5 0.4578125 1 0.11171875
12 0.5 0.88828125 1 0.2234375
12 0.02421875 0.5046875 0.0484375 0.040625
12 0.08359375 0.190625 0.07578125 0.046875
12 0.08671875 0.30546875 0.06484375 0.02265625
