12 0.065625 0.03125 0.13125 0.0625
12 0.296875 0.034375 0.203125 0.0578125
12 0.62265625 0.02421875 0.08515625 0.02265625
12 0.70078125 0.02421875 0.06484375 0.01796875
12 0.65859375 0.04921875 0.171875 0.0265625
12 0.85234375 0.03984375 0.109375 0.04453125
12 0.9765625 0.1875 0.046875 0.03359375
12 0.87578125 0.16328125 0.02421875 0.02890625
12 0.84375 0.2265625 0.10703125 0.046875
12 0.65078125 0.23984375 0.16484375 0.0515625
12 0.31171875 0.26484375 0.2078125 0.0578125
12 0.0703125 0.28125 0.140625 0.06015625
12 0.5 0.42109375 1 0.09140625
12 0.6828125 0.41484375 0.06953125 0.02265625
12 0.828125 0.4015625 0.09609375 0.0421875
12 0.0734375 0.796875 0.146875 0.0875
