12 0.9875 0.8359375 0.02421875 0.03828125
12 0.8625 0.52890625 0.1140625 0.0671875
12 0.69296875 0.51328125 0.13203125 0.07578125
12 0.578125 0.48359375 0.06484375 0.06953125
12 0.409375 0.43203125 0.04453125 0.03359375
12 0.27265625 0.4265625 0.06484375 0.06953125
12 0.3015625 0.221875 0.08515625 0.0515625
12 0.4484375 0.221875 0.14765625 0.0578125
12 0.6328125 0.23671875 0.06484375 0.0625
12 0.77265625 0.23984375 0.1140625 0.0671875
12 0.92421875 0.253125 0.13359375 0.07578125
12 0.47890625 0.0078125 0.0984375 0.015625
12 0.34296875 0.0125 0.08046875 0.02421875
12 0.0234375 0.453125 0.046875 0.0515625
12 0.4953125 0.73046875 0.990625 0.4484375
