12 0.8828125 0.8625 0.234375 0.06953125
12 0.03984375 0.73359375 0.0796875 0.0359375
12 0.203125 0.6765625 0.16328125 0.06484375
12 0.121875 0.4953125 0.13828125 0.0828125
12 0.07265625 0.28046875 0.1453125 0.06015625
12 0.2390625 0.26328125 0.03984375 0.02890625
12 0.3078125 0.2625 0.03984375 0.02890625
12 0.39609375 0.2578125 0.0265625 0.0265625
12 0.43828125 0.25546875 0.0265625 0.02265625
12 0.51640625 0.2578125 0.04921875 0.02265625
12 0.53828125 0.38203125 0.0515625 0.02421875
12 0.6 0.5953125 0.8 0.196875
12 0.0515625 0.05546875 0.10234375 0.04921875
12 0.20390625 0.0703125 0.05546875 0.03359375
12 0.27109375 0.07890625 0.04453125 0.0265625
12 0.40546875 0.09921875 0.0265625 0.02421875
12 0.48984375 0.1140625 0.046875 0.015625
