8 0.7453125 0.2796875 0.509375 0.559375
2 0.82578125 0.35390625 0.021875 0.025
3 0.82421875 0.378125 0.015625 0.0171875
4 0.82578125 0.41640625 0.0265625 0.0546875
5 0.81484375 0.4296875 0.0609375 0.178125
0 0.12265625 0.01171875 0.0703125 0.0234375
1 0.12734375 0.06484375 0.046875 0.0515625
4 0.1296875 0.2234375 0.103125 0.29375
5 0.17421875 0.2796875 0.2265625 0.559375
9 0.57890625 0.6609375 0.046875 0.04375
9 0.6015625 0.64609375 0.0546875 0.0625
9 0.6296875 0.6421875 0.0546875 0.0640625
9 0.66328125 0.64609375 0.0265625 0.0421875
9 0.67734375 0.63828125 0.0546875 0.0578125
9 0.83125 0.721875 0.0390625 0.034375
9 0.95234375 0.7625 0.0578125 0.0390625
9 0.94921875 0.7359375 0.0375 0.0296875
9 0.9296875 0.75625 0.04375 0.0390625
8 0.70078125 0.87265625 0.0921875 0.128125
8 0.7390625 0.59609375 0.0234375 0.03125
9 0.790625 0.621875 0.0234375 0.0203125
9 0.809375 0.621875 0.0203125 0.021875
9 0.8484375 0.615625 0.009375 0.0203125
9 0.83359375 0.61875 0.028125 0.021875
8 0.30234375 0.8203125 0.3765625 0.359375
