8 0.81015625 0.25859375 0.3796875 0.3828125
8 0.415625 0.3515625 0.034375 0.0625
6 0.46953125 0.4125 0.00625 0.015625
6 0.49140625 0.43359375 0.0046875 0.015625
0 0.00859375 0.43046875 0.0046875 0.003125
7 0.00703125 0.43828125 0.0046875 0.009375
5 0.009375 0.43828125 0.00625 0.0234375
5 0.43125 0.43828125 0.009375 0.0234375
0 0.36953125 0.40078125 0.003125 0.003125
5 0.36875 0.4078125 0.0078125 0.01875
6 0.4609375 0.421875 0.00625 0.0125
6 0.5046875 0.41875 0.003125 0.015625
7 0.4609375 0.38671875 0.00625 0.0078125
5 0.46171875 0.38984375 0.0078125 0.0203125
7 0.10859375 0.43828125 0.0078125 0.0109375
5 0.1109375 0.43828125 0.0125 0.0234375
8 0.4828125 0.37265625 0.0203125 0.0359375
9 0.4609375 0.34765625 0.0234375 0.0203125
9 0.43984375 0.365625 0.0265625 0.0234375
1 0.74609375 0.55859375 0.2515625 0.2171875
4 0.81015625 0.82421875 0.3796875 0.3515625
5 0.81015625 0.725 0.3796875 0.55
1 0.5265625 0.66875 0.1875 0.359375
4 0.31015625 0.8578125 0.6203125 0.284375
5 0.31015625 0.725 0.6203125 0.55
