5 0.86484375 0.0890625 0.2515625 0.178125
8 0.28046875 0.2 0.5609375 0.4
7 0.34453125 0.35234375 0.0234375 0.05625
5 0.35390625 0.34453125 0.0484375 0.1109375
8 0.78046875 0.7 0.4390625 0.6
0 0.5046875 0.77578125 0.0765625 0.0734375
2 0.27265625 0.98828125 0.1234375 0.0234375
2 0.1734375 0.921875 0.128125 0.0828125
2 0.13046875 0.5171875 0.06875 0.04375
2 0.296875 0.58515625 0.0375 0.021875
3 0.50703125 0.83203125 0.0390625 0.0328125
3 0.2984375 0.6125 0.021875 0.0171875
3 0.13359375 0.57265625 0.0390625 0.034375
4 0.409375 0.88828125 0.146875 0.1421875
4 0.121875 0.68125 0.121875 0.2
4 0.2859375 0.65546875 0.0734375 0.0671875
5 0.2890625 0.7078125 0.10625 0.278125
5 0.4359375 0.86640625 0.2125 0.2671875
5 0.128125 0.92734375 0.25625 0.1453125
5 0.1203125 0.7140625 0.1828125 0.4515625
5 0.0265625 0.68203125 0.053125 0.4796875
