8 0.87578125 0.07578125 0.2484375 0.1515625
8 0.815625 0.28984375 0.36875 0.5796875
3 0.47890625 0.21796875 0.025 0.01875
2 0.478125 0.2 0.034375 0.0234375
4 0.4734375 0.25390625 0.0671875 0.059375
5 0.47421875 0.30859375 0.1625 0.2546875
5 0.83046875 0.83046875 0.2109375 0.3390625
5 0.93515625 0.8953125 0.1296875 0.209375
5 0.97890625 0.85390625 0.0421875 0.2921875
4 0.9421875 0.91640625 0.0671875 0.1015625
4 0.8625 0.88046875 0.1015625 0.20625
3 0.97890625 0.8625 0.0109375 0.0140625
3 0.84609375 0.76796875 0.0234375 0.0359375
0 0.97421875 0.83046875 0.0515625 0.0671875
0 0.86640625 0.70703125 0.0765625 0.0796875
5 0.30390625 0.60390625 0.0546875 0.0484375
