3 0.8390625 0.10625 0.278125 0.2125
7 0.85 0.31484375 0.3 0.3890625
5 0.85 0.2546875 0.3 0.509375
0 0.32578125 0.0765625 0.0234375 0.0359375
0 0.4171875 0.04921875 0.025 0.040625
0 0.26171875 0.278125 0.021875 0.0328125
0 0.19453125 0.2890625 0.01875 0.0328125
7 0.19921875 0.296875 0.040625 0.0578125
7 0.32890625 0.09140625 0.0359375 0.059375
7 0.409375 0.0671875 0.059375 0.0828125
5 0.39453125 0.0328125 0.0734375 0.065625
5 0.39296875 0.0890625 0.0921875 0.1296875
5 0.32265625 0.11171875 0.0625 0.1046875
5 0.26171875 0.29765625 0.0375 0.0859375
5 0.1984375 0.31171875 0.04375 0.0875
1 0.79765625 0.85703125 0.1953125 0.2859375
2 0.8140625 0.5859375 0.228125 0.153125
5 0.85 0.7546875 0.3 0.490625
6 0.203125 0.7546875 0.40625 0.490625
4 0.36640625 0.95390625 0.1609375 0.0921875
3 0.29765625 0.7859375 0.109375 0.15
5 0.3546875 0.7546875 0.34375 0.490625
