8 0.765625 0.31953125 0.46875 0.4984375
2 0.31171875 0.06328125 0.3765625 0.1265625
3 0.29140625 0.46328125 0.3328125 0.2109375
5 0.265625 0.284375 0.53125 0.56875
5 0.765625 0.7671875 0.46875 0.396875
6 0.38203125 0.9875 0.0140625 0.025
6 0.4015625 0.97109375 0.0109375 0.0171875
6 0.4125 0.9609375 0.00625 0.0140625
6 0.41953125 0.95546875 0.0046875 0.0125
6 0.42421875 0.95234375 0.0046875 0.0109375
6 0.43046875 0.94609375 0.00625 0.015625
6 0.525 0.97578125 0.0109375 0.01875
6 0.50078125 0.96015625 0.00625 0.0140625
6 0.49296875 0.95546875 0.0046875 0.0109375
6 0.48984375 0.953125 0.0046875 0.009375
6 0.48671875 0.94921875 0.003125 0.0140625
6 0.4328125 0.946875 0.003125 0.009375
6 0.4359375 0.9453125 0.003125 0.00625
6 0.44609375 0.94453125 0.0046875 0.00625
6 0.4625 0.94375 0.003125 0.00625
6 0.4796875 0.94375 0.003125 0.00625
6 0.49140625 0.94765625 0.003125 0.0078125
6 0.49375 0.94609375 0.003125 0.0078125
6 0.503125 0.9453125 0.003125 0.00625
6 0.515625 0.9453125 0.003125 0.00625
6 0.32265625 0.92734375 0.003125 0.00625
6 0.32578125 0.92265625 0.003125 0.0078125
2 0.26015625 0.9140625 0.00625 0.0046875
2 0.2859375 0.90390625 0.003125 0.0046875
2 0.296875 0.9203125 0.003125 0.0046875
2 0.30234375 0.9265625 0.003125 0.0046875
2 0.33203125 0.8953125 0.00625 0.00625
4 0.33359375 0.9125 0.009375 0.01875
4 0.28515625 0.91484375 0.0046875 0.0140625
4 0.25703125 0.925 0.00625 0.0109375
4 0.2859375 0.9265625 0.00625 0.0109375
5 0.26015625 0.93046875 0.015625 0.0390625
5 0.284375 0.91171875 0.009375 0.0203125
5 0.290625 0.93203125 0.0203125 0.034375
5 0.29609375 0.925 0.0078125 0.0125
5 0.3015625 0.9328125 0.0109375 0.01875
5 0.321875 0.934375 0.0046875 0.0234375
5 0.33203125 0.925 0.01875 0.0671875
