8 0.5421875 0.54375 0.1375 0.071875
8 0.73515625 0.28984375 0.5296875 0.5796875
5 0.9703125 0.22421875 0.0234375 0.0546875
7 0.9703125 0.22734375 0.01875 0.0328125
2 0.246875 0.04453125 0.025 0.0234375
3 0.2421875 0.07109375 0.0125 0.0171875
4 0.26796875 0.134375 0.05 0.109375
5 0.2609375 0.14140625 0.0796875 0.2203125
1 0.69921875 0.9015625 0.4578125 0.196875
2 0.7109375 0.68984375 0.48125 0.2203125
5 0.73515625 0.78984375 0.5296875 0.4203125
2 0.23515625 0.78828125 0.4703125 0.2640625
5 0.23515625 0.81171875 0.4703125 0.3765625
