1 0.9765625 0.16953125 0.046875 0.1140625
1 0.7234375 0.1375 0.10625 0.075
2 0.73515625 0.25859375 0.1296875 0.0484375
2 0.76015625 0.04453125 0.1796875 0.0890625
5 0.9078125 0.2015625 0.184375 0.403125
5 0.7609375 0.078125 0.18125 0.15625
5 0.83515625 0.22109375 0.3296875 0.4421875
7 0.6375 0.12109375 0.065625 0.2421875
4 0.51484375 0.1140625 0.1578125 0.228125
7 0.22109375 0.15859375 0.2640625 0.3171875
5 0.09453125 0.309375 0.1890625 0.61875
5 0.2515625 0.309375 0.425 0.61875
5 0.503125 0.309375 0.334375 0.61875
5 0.625 0.303125 0.090625 0.60625
6 0.98828125 0.9921875 0.0234375 0.015625
9 0.83515625 0.809375 0.3296875 0.38125
4 0.44375 0.84609375 0.3625 0.3078125
4 0.065625 0.86484375 0.13125 0.2703125
3 0.38828125 0.6765625 0.109375 0.0578125
3 0.03984375 0.7234375 0.0796875 0.053125
0 0.05234375 0.665625 0.1046875 0.09375
0 0.41640625 0.6359375 0.2140625 0.034375
5 0.38828125 0.809375 0.5640625 0.38125
5 0.1328125 0.809375 0.265625 0.38125
