1 0.9 0.05078125 0.0359375 0.059375
0 0.91015625 0.02109375 0.0578125 0.0421875
7 0.98515625 0.034375 0.0296875 0.06875
7 0.82578125 0.1046875 0.1359375 0.209375
7 0.7953125 0.0671875 0.121875 0.134375
7 0.7140625 0.0484375 0.115625 0.096875
5 0.70625 0.1609375 0.171875 0.321875
5 0.784375 0.18125 0.18125 0.3625
5 0.8203125 0.228125 0.240625 0.45625
5 0.97265625 0.03125 0.0546875 0.0625
9 0.44609375 0.171875 0.1109375 0.096875
9 0.29765625 0.15625 0.2328125 0.1671875
7 0.1796875 0.07578125 0.09375 0.1515625
7 0.34921875 0.14453125 0.1546875 0.2890625
5 0.3265625 0.28984375 0.284375 0.5796875
5 0.1546875 0.22265625 0.203125 0.4453125
5 0.80703125 0.92890625 0.1640625 0.1421875
4 0.14921875 0.78984375 0.2921875 0.4203125
4 0.0578125 0.740625 0.115625 0.321875
5 0.1140625 0.78984375 0.228125 0.4203125
5 0.25078125 0.78984375 0.5015625 0.4203125
5 0.175 0.78984375 0.35 0.4203125
