3 0.79453125 0.296875 0.009375 0.009375
0 0.79765625 0.27734375 0.0203125 0.021875
4 0.78125 0.3109375 0.034375 0.0421875
4 0.8515625 0.353125 0.0296875 0.0640625
5 0.8578125 0.35234375 0.0625 0.1296875
5 0.784375 0.334375 0.075 0.1453125
6 0.44765625 0.23125 0.0265625 0.05
6 0.27890625 0.2046875 0.0328125 0.0578125
6 0.346875 0.14375 0.015625 0.0328125
6 0.49453125 0.215625 0.0140625 0.03125
6 0.4171875 0.1640625 0.015625 0.0265625
6 0.3625 0.128125 0.0125 0.0234375
6 0.3265625 0.11015625 0.0109375 0.021875
6 0.00234375 0.06875 0.0046875 0.03125
6 0.03671875 0.05625 0.0125 0.025
6 0.29140625 0.0921875 0.009375 0.0203125
6 0.23515625 0.075 0.009375 0.01875
6 0.171875 0.06171875 0.009375 0.01875
6 0.08671875 0.0515625 0.009375 0.01875
6 0.1875 0.11484375 0.01875 0.040625
6 0.1390625 0.08046875 0.015625 0.0296875
6 0.19375 0.08125 0.0125 0.025
6 0.26171875 0.10390625 0.0140625 0.0265625
4 0.128125 0.01015625 0.0078125 0.0171875
5 0.12890625 0.01796875 0.0140625 0.0359375
9 0.1890625 0.3203125 0.378125 0.278125
