8 0.60078125 0.38828125 0.2203125 0.0609375
7 0.0484375 0.12421875 0.096875 0.2453125
5 0.0453125 0.209375 0.090625 0.41875
9 0.46015625 0.053125 0.0609375 0.10625
1 0.79921875 0.59609375 0.4015625 0.2515625
4 0.7453125 0.8375 0.509375 0.325
5 0.7453125 0.709375 0.509375 0.58125
7 0.03828125 0.7015625 0.0765625 0.265625
7 0.2484375 0.77578125 0.1125 0.259375
3 0.18046875 0.6921875 0.0265625 0.0671875
0 0.0109375 0.4953125 0.021875 0.075
0 0.1734375 0.634375 0.0609375 0.103125
5 0.21484375 0.7890625 0.1859375 0.421875
5 0.0671875 0.72734375 0.134375 0.5453125
