0 0.6 0.08203125 0.159375 0.1640625
8 0.94375 0.21328125 0.1125 0.4265625
7 0.63671875 0.36640625 0.2328125 0.2671875
3 0.59609375 0.24375 0.1078125 0.103125
5 0.746875 0.25 0.453125 0.5
2 0.140625 0.46953125 0.13125 0.0609375
2 0.240625 0.3796875 0.1359375 0.0921875
2 0.47890625 0.24609375 0.0828125 0.1390625
2 0.1015625 0.0390625 0.040625 0.025
3 0.1015625 0.06640625 0.025 0.01875
3 0.271875 0.01796875 0.040625 0.0359375
3 0.24765625 0.4828125 0.0734375 0.034375
4 0.03671875 0.35703125 0.0734375 0.1515625
4 0.28125 0.46640625 0.15 0.0671875
4 0.44921875 0.09375 0.1421875 0.1875
4 0.2859375 0.12734375 0.134375 0.2140625
4 0.115625 0.1109375 0.0796875 0.0734375
5 0.1125 0.16484375 0.1234375 0.2921875
5 0.04296875 0.346875 0.0859375 0.30625
5 0.296875 0.4015625 0.296875 0.196875
5 0.28984375 0.19921875 0.2078125 0.3984375
5 0.43515625 0.18515625 0.1703125 0.3703125
8 0.76015625 0.75 0.4796875 0.5
