8 0.77734375 0.159375 0.4453125 0.31875
8 0.54375 0.02421875 0.125 0.0484375
8 0.95 0.0578125 0.04375 0.028125
9 0.9 0.0625 0.04375 0.0296875
4 0.15546875 0.1296875 0.3046875 0.1453125
3 0.31875 0.1828125 0.05625 0.0421875
2 0.3671875 0.1640625 0.071875 0.065625
5 0.20859375 0.18671875 0.4171875 0.2640625
5 0.73828125 0.659375 0.5234375 0.68125
4 0.78671875 0.7984375 0.4265625 0.403125
2 0.7640625 0.37109375 0.234375 0.1046875
1 0.8046875 0.4984375 0.2171875 0.334375
0 0.16484375 0.50703125 0.3296875 0.3765625
3 0.096875 0.79296875 0.19375 0.3359375
7 0.23046875 0.90546875 0.4609375 0.1890625
5 0.23046875 0.659375 0.4609375 0.68125
