8 0.66015625 0.390625 0.6796875 0.78125
1 0.19765625 0.5828125 0.2453125 0.28125
2 0.20546875 0.3046875 0.2296875 0.140625
4 0.16015625 0.74296875 0.3203125 0.1921875
5 0.16015625 0.51875 0.3203125 0.640625
1 0.1375 0.88046875 0.0296875 0.0578125
0 0.13359375 0.85390625 0.0515625 0.0296875
7 0.03359375 0.8609375 0.0671875 0.04375
7 0.20625 0.91953125 0.115625 0.1609375
7 0.24296875 0.9046875 0.1046875 0.13125
7 0.29921875 0.89140625 0.0421875 0.1046875
5 0.246875 0.91953125 0.13125 0.1609375
5 0.2015625 0.91953125 0.190625 0.1609375
5 0.06328125 0.8609375 0.0609375 0.04375
5 0.0453125 0.86484375 0.090625 0.0515625
