5 0.9453125 0.19453125 0.109375 0.3890625
4 0.2453125 0.2203125 0.490625 0.3375
5 0.2453125 0.19453125 0.490625 0.3890625
3 0.55859375 0.84453125 0.009375 0.028125
0 0.57265625 0.834375 0.0203125 0.0453125
0 0.7203125 0.44140625 0.0265625 0.040625
7 0.53359375 0.87734375 0.0546875 0.121875
5 0.546875 0.9046875 0.08125 0.190625
7 0.72890625 0.51484375 0.0375 0.0890625
3 0.72109375 0.47265625 0.0109375 0.0140625
5 0.72890625 0.5640625 0.059375 0.2890625
5 0.9921875 0.534375 0.015625 0.290625
2 0.4421875 0.4359375 0.0765625 0.0859375
0 0.271875 0.43359375 0.090625 0.0890625
3 0.01171875 0.4734375 0.0234375 0.0625
3 0.2546875 0.56484375 0.0578125 0.059375
3 0.44453125 0.55703125 0.05 0.05625
7 0.42890625 0.69921875 0.1234375 0.3671875
4 0.26640625 0.7140625 0.125 0.284375
7 0.0484375 0.69453125 0.096875 0.4453125
5 0.08671875 0.69453125 0.1734375 0.6109375
5 0.25390625 0.69453125 0.2515625 0.6109375
5 0.4234375 0.69453125 0.134375 0.6109375
