6 0.609375 0.403125 0.025 0.0671875
0 0.69296875 0.08203125 0.00625 0.0046875
0 0.7 0.0859375 0.00625 0.0078125
7 0.6953125 0.0953125 0.0078125 0.0125
7 0.70234375 0.1 0.0109375 0.0203125
5 0.703125 0.10078125 0.0125 0.0390625
5 0.69296875 0.1015625 0.015625 0.0453125
1 0.38359375 0.33359375 0.1640625 0.24375
2 0.2375 0.0921875 0.2875 0.184375
5 0.265625 0.25 0.53125 0.5
8 0.77890625 0.75 0.4421875 0.5
6 0.40546875 0.890625 0.2515625 0.21875
6 0.12265625 0.86171875 0.1671875 0.2765625
6 0.021875 0.81171875 0.04375 0.2390625
