8 0.7125 0.39296875 0.559375 0.3328125
8 0.76875 0.2796875 0.4625 0.559375
1 0.1703125 0.221875 0.340625 0.3125
4 0.1703125 0.4296875 0.340625 0.259375
5 0.1703125 0.2796875 0.340625 0.559375
8 0.6703125 0.7796875 0.659375 0.440625
8 0.8328125 0.7796875 0.334375 0.440625
4 0.55859375 0.74609375 0.08125 0.1
2 0.5703125 0.65078125 0.0265625 0.0171875
3 0.565625 0.69375 0.021875 0.021875
5 0.5625 0.77265625 0.1234375 0.2703125
8 0.19921875 0.7796875 0.2828125 0.440625
4 0.3171875 0.665625 0.046875 0.0625
2 0.33125 0.6109375 0.01875 0.01875
3 0.33125 0.63046875 0.01875 0.0171875
5 0.31171875 0.7 0.0578125 0.20625
