8 0.82890625 0.19453125 0.3421875 0.3890625
2 0.68125 0.009375 0.05 0.01875
2 0.9203125 0.01015625 0.04375 0.0203125
3 0.9203125 0.034375 0.0234375 0.01875
4 0.9453125 0.09609375 0.0625 0.1046875
4 0.67890625 0.07578125 0.1046875 0.1515625
5 0.68359375 0.18671875 0.2546875 0.3734375
5 0.7265625 0.05234375 0.15 0.1046875
5 0.92109375 0.1640625 0.1578125 0.328125
5 0.14140625 0.19453125 0.2828125 0.3890625
8 0.4171875 0.5328125 0.246875 0.2875
2 0.13828125 0.5609375 0.028125 0.0265625
3 0.15234375 0.58671875 0.015625 0.0203125
4 0.1484375 0.659375 0.0609375 0.1171875
5 0.15703125 0.66328125 0.1015625 0.2375
