0 0.88046875 0.109375 0.0796875 0.0546875
0 0.765625 0.08515625 0.0359375 0.021875
0 0.83046875 0.10234375 0.04375 0.0234375
0 0.621875 0.09453125 0.0375 0.0234375
0 0.571875 0.0609375 0.034375 0.021875
0 0.609375 0.0765625 0.034375 0.01875
0 0.81328125 0.084375 0.028125 0.0171875
3 0.62890625 0.1109375 0.0109375 0.009375
1 0.76015625 0.1015625 0.0171875 0.0125
3 0.825 0.12265625 0.0140625 0.0140625
3 0.89375 0.153125 0.0390625 0.025
7 0.853125 0.2453125 0.1640625 0.190625
7 0.76953125 0.128125 0.046875 0.0625
7 0.5890625 0.10234375 0.03125 0.025
7 0.56484375 0.1171875 0.0296875 0.075
4 0.60078125 0.14921875 0.0609375 0.0796875
4 0.80234375 0.1265625 0.021875 0.0359375
4 0.81796875 0.159375 0.065625 0.071875
5 0.57265625 0.14296875 0.0453125 0.1953125
5 0.59609375 0.15546875 0.0703125 0.1828125
5 0.603125 0.171875 0.075 0.1875
5 0.75703125 0.16015625 0.0921875 0.1828125
5 0.8046875 0.165625 0.065625 0.1828125
5 0.82265625 0.12890625 0.0546875 0.078125
5 0.83984375 0.30625 0.2203125 0.465625
4 0.20234375 0.01953125 0.0265625 0.0390625
5 0.209375 0.08359375 0.06875 0.1671875
1 0.6140625 0.76484375 0.128125 0.2265625
5 0.678125 0.76953125 0.25625 0.4609375
5 0.4265625 0.7921875 0.084375 0.3265625
5 0.490625 0.76328125 0.075 0.3
5 0.28515625 0.79921875 0.3921875 0.4015625
5 0.09296875 0.78828125 0.1859375 0.4234375
2 0.08203125 0.68359375 0.1640625 0.1734375
2 0.32265625 0.690625 0.153125 0.159375
2 0.4296875 0.6421875 0.015625 0.0234375
2 0.50078125 0.6265625 0.01875 0.021875
4 0.496875 0.6953125 0.04375 0.09375
4 0.42421875 0.73828125 0.0421875 0.1171875
1 0.0734375 0.91796875 0.146875 0.1640625
1 0.33203125 0.91640625 0.1296875 0.1671875
