9 0.8 0.21953125 0.4 0.4390625
8 0.31953125 0.1421875 0.2234375 0.1546875
4 0.4109375 0.2171875 0.0359375 0.0546875
2 0.42109375 0.175 0.015625 0.0125
3 0.41953125 0.1875 0.0140625 0.0125
5 0.4140625 0.23828125 0.065625 0.1453125
9 0.09921875 0.13984375 0.1625 0.059375
3 0.49140625 0.54296875 0.009375 0.009375
0 0.49375 0.5234375 0.0203125 0.0234375
4 0.50078125 0.56015625 0.034375 0.0421875
4 0.421875 0.5796875 0.03125 0.0640625
5 0.415625 0.57734375 0.065625 0.128125
5 0.490625 0.58125 0.0765625 0.14375
