8 0.6828125 0.121875 0.2 0.240625
8 0.8328125 0.26953125 0.334375 0.3640625
6 0.5203125 0.1515625 0.015625 0.08125
8 0.465625 0.0484375 0.178125 0.096875
5 0.0390625 0.3 0.078125 0.6
6 0.98984375 0.909375 0.0203125 0.134375
6 0.825 0.8375 0.040625 0.0828125
6 0.77890625 0.78671875 0.021875 0.05
6 0.82578125 0.74921875 0.015625 0.0421875
6 0.77578125 0.75546875 0.0171875 0.0375
6 0.32578125 0.8734375 0.0109375 0.096875
6 0.39296875 0.80625 0.0296875 0.06875
6 0.46328125 0.77578125 0.021875 0.0546875
6 0.509375 0.75859375 0.0171875 0.0484375
6 0.5734375 0.74453125 0.0203125 0.0453125
6 0.66171875 0.73671875 0.015625 0.0375
6 0.7453125 0.73359375 0.0125 0.034375
6 0.8234375 0.734375 0.0140625 0.0390625
6 0.9359375 0.75078125 0.0171875 0.0515625
9 0.86484375 0.659375 0.0984375 0.09375
9 0.73359375 0.6671875 0.15 0.1109375
9 0.66015625 0.93515625 0.6796875 0.1296875
2 0.87578125 0.6203125 0.009375 0.009375
3 0.87421875 0.63203125 0.0046875 0.009375
4 0.87421875 0.6515625 0.015625 0.0328125
5 0.8765625 0.67421875 0.0265625 0.11875
