1 0.70078125 0.275 0.4609375 0.271875
2 0.71328125 0.05 0.4859375 0.1
4 0.73515625 0.50546875 0.5296875 0.1890625
5 0.73515625 0.3 0.5296875 0.6
0 0.1234375 0.07734375 0.021875 0.0375
0 0.05625 0.221875 0.0203125 0.0328125
0 0.1390625 0.19375 0.021875 0.0375
3 0.22109375 0.00625 0.0140625 0.0109375
0 0.00625 0.41015625 0.0125 0.0296875
7 0.059375 0.23515625 0.0328125 0.053125
7 0.1328125 0.20859375 0.0515625 0.075
7 0.1234375 0.10078125 0.0421875 0.0703125
7 0.21484375 0.04140625 0.0671875 0.0828125
5 0.20546875 0.08203125 0.0859375 0.1640625
5 0.1171875 0.13359375 0.0625 0.1515625
5 0.11796875 0.2296875 0.08125 0.11875
5 0.05390625 0.2546875 0.0546875 0.0953125
5 0.009375 0.42734375 0.01875 0.0796875
2 0.19453125 0.86328125 0.3890625 0.1578125
5 0.23515625 0.88515625 0.4703125 0.2296875
