5 0.62734375 0.09609375 0.2171875 0.1921875
3 0.203125 0.34375 0.14375 0.290625
7 0.29921875 0.290625 0.2015625 0.396875
0 0.08671875 0.24453125 0.1734375 0.4890625
5 0.2 0.24453125 0.4 0.4890625
8 0.57578125 0.63359375 0.2859375 0.2890625
5 0.071875 0.7796875 0.14375 0.440625
5 0.22890625 0.753125 0.1984375 0.49375
5 0.33515625 0.7890625 0.1296875 0.421875
3 0.346875 0.71015625 0.0484375 0.04375
3 0.18828125 0.6671875 0.0328125 0.065625
3 0.0296875 0.7046875 0.0546875 0.0515625
2 0.03671875 0.6 0.0734375 0.065625
2 0.2296875 0.5546875 0.090625 0.084375
2 0.36015625 0.61640625 0.0796875 0.0671875
4 0.34765625 0.86796875 0.1046875 0.2640625
4 0.23828125 0.84609375 0.1453125 0.3078125
4 0.053125 0.86171875 0.10625 0.2765625
