6 0.9234375 0.3828125 0.034375 0.0125
6 0.99296875 0.346875 0.0140625 0.034375
6 0.4859375 0.3703125 0.053125 0.0375
6 0.97421875 0.3125 0.0125 0.0234375
6 0.58359375 0.284375 0.0234375 0.040625
6 0.64296875 0.25703125 0.0171875 0.0328125
6 0.68515625 0.24453125 0.0125 0.025
6 0.93984375 0.2921875 0.0109375 0.021875
6 0.884375 0.27265625 0.009375 0.0203125
6 0.82109375 0.25625 0.0109375 0.01875
6 0.7359375 0.2421875 0.009375 0.01875
6 0.83359375 0.3109375 0.021875 0.040625
6 0.78671875 0.2734375 0.015625 0.0296875
6 0.84140625 0.27734375 0.0140625 0.025
6 0.909375 0.303125 0.015625 0.0265625
4 0.78046875 0.20234375 0.009375 0.01875
5 0.77890625 0.20703125 0.015625 0.0421875
8 0.71015625 0.69453125 0.5796875 0.6109375
5 0.54375 0.925 0.075 0.15
7 0.54609375 0.9390625 0.0421875 0.078125
3 0.55234375 0.89140625 0.0125 0.015625
0 0.55546875 0.86953125 0.0234375 0.0265625
5 0.28828125 0.66953125 0.0546875 0.1234375
4 0.29375 0.65703125 0.028125 0.0484375
0 0.30703125 0.621875 0.0109375 0.0109375
