5 0.76171875 0.02109375 0.1515625 0.0421875
3 0.94296875 0.21640625 0.0234375 0.0359375
0 0.94609375 0.13984375 0.0796875 0.1140625
0 0.6609375 0.440625 0.075 0.096875
7 0.56015625 0.42421875 0.1609375 0.1296875
7 0.9578125 0.34375 0.084375 0.290625
5 0.9453125 0.284375 0.109375 0.409375
5 0.57109375 0.42265625 0.2515625 0.1328125
8 0.10859375 0.146875 0.2171875 0.29375
8 0.4734375 0.76484375 0.484375 0.4703125
7 0.94609375 0.67265625 0.0390625 0.0796875
2 0.95234375 0.6078125 0.01875 0.0171875
3 0.94921875 0.6296875 0.015625 0.009375
5 0.9421875 0.70859375 0.08125 0.221875
5 0.2484375 0.71640625 0.034375 0.2109375
8 0.115625 0.74453125 0.23125 0.5109375
4 0.153125 0.8359375 0.025 0.0546875
2 0.15859375 0.78203125 0.0125 0.015625
5 0.15234375 0.81875 0.0359375 0.0921875
8 0.0171875 0.78828125 0.034375 0.0953125
