3 0.953125 0.02578125 0.0234375 0.0359375
0 0.68828125 0.30859375 0.0546875 0.1546875
7 0.97109375 0.18515625 0.0578125 0.3578125
5 0.96328125 0.26953125 0.0734375 0.5390625
0 0.275 0.01015625 0.021875 0.0203125
0 0.22421875 0.21484375 0.0203125 0.0328125
0 0.15546875 0.23125 0.01875 0.0328125
7 0.16171875 0.2390625 0.040625 0.0578125
7 0.2796875 0.0234375 0.0375 0.046875
7 0.359375 0.01328125 0.059375 0.0265625
5 0.34453125 0.0375 0.0921875 0.075
5 0.27421875 0.0453125 0.0609375 0.090625
5 0.22578125 0.23515625 0.0375 0.0875
5 0.1609375 0.25390625 0.04375 0.0890625
1 0.83046875 0.7375 0.3390625 0.309375
4 0.83046875 0.93125 0.3390625 0.1375
5 0.83046875 0.76953125 0.3390625 0.4609375
1 0.45625 0.9125 0.409375 0.175
2 0.4484375 0.64765625 0.425 0.2171875
5 0.33203125 0.76953125 0.6578125 0.4609375
