1 0.815625 0.87265625 0.36875 0.2546875
2 0.815625 0.6171875 0.36875 0.284375
5 0.815625 0.734375 0.36875 0.53125
4 0.14921875 0.51953125 0.1921875 0.1015625
7 0.57734375 0.69140625 0.1078125 0.4453125
1 0.53359375 0.6 0.021875 0.04375
0 0.51171875 0.553125 0.0515625 0.06875
0 0.36640625 0.56328125 0.0859375 0.0984375
7 0.4515625 0.80546875 0.2328125 0.3296875
6 0.43984375 0.9265625 0.0921875 0.146875
5 0.53203125 0.68203125 0.1078125 0.33125
5 0.44765625 0.74921875 0.2734375 0.5015625
5 0.5796875 0.7265625 0.103125 0.515625
5 0.1609375 0.5203125 0.28125 0.103125
