5 0.8 0.3 0.4 0.6
9 0.03671875 0.0953125 0.0453125 0.0421875
9 0.1515625 0.15859375 0.065625 0.05
9 0.1546875 0.13046875 0.0421875 0.0359375
9 0.1296875 0.146875 0.0515625 0.0484375
9 0.23671875 0.19296875 0.0578125 0.053125
6 0.46328125 0.31640625 0.0203125 0.015625
9 0.37734375 0.24609375 0.059375 0.05625
8 0.2375 0.47890625 0.34375 0.2421875
5 0.88125 0.71796875 0.1125 0.228125
4 0.875 0.66875 0.0359375 0.053125
0 0.88671875 0.621875 0.025 0.0296875
3 0.88671875 0.64296875 0.00625 0.009375
0 0.2390625 0.76171875 0.028125 0.028125
5 0.2359375 0.76796875 0.03125 0.0375
4 0.57890625 0.6046875 0.0109375 0.009375
4 0.57578125 0.61484375 0.0234375 0.0296875
