8 0.94609375 0.2046875 0.1078125 0.409375
9 0.63671875 0.1890625 0.0109375 0.053125
9 0.7796875 0.1046875 0.040625 0.0578125
9 0.67265625 0.159375 0.0828125 0.075
9 0.64921875 0.2734375 0.0359375 0.075
0 0.98515625 0.3421875 0.0109375 0.009375
7 0.99296875 0.37109375 0.0140625 0.0390625
5 0.9859375 0.39375 0.028125 0.1125
0 0.75625 0.2984375 0.0078125 0.0078125
4 0.76171875 0.31953125 0.0125 0.03125
5 0.76328125 0.3375 0.021875 0.0890625
5 0.74921875 0.33671875 0.0234375 0.0921875
5 0.8296875 0.44140625 0.0359375 0.115625
5 0.79921875 0.44609375 0.0390625 0.1078125
5 0.77890625 0.44453125 0.0296875 0.1109375
5 0.75859375 0.44296875 0.0359375 0.1140625
5 0.7671875 0.38046875 0.0125 0.0171875
5 0.74296875 0.3703125 0.01875 0.0375
0 0.74140625 0.36015625 0.0140625 0.015625
7 0.7453125 0.37734375 0.0125 0.015625
0 0.72578125 0.3578125 0.0109375 0.0109375
7 0.72734375 0.38828125 0.01875 0.046875
5 0.7265625 0.38359375 0.021875 0.0671875
0 0.7390625 0.3875 0.0140625 0.015625
7 0.7359375 0.4171875 0.01875 0.0390625
5 0.7375 0.43984375 0.03125 0.1203125
7 0.759375 0.421875 0.0296875 0.0453125
7 0.77734375 0.4234375 0.0234375 0.046875
7 0.796875 0.4296875 0.034375 0.046875
7 0.828125 0.4234375 0.0328125 0.0421875
0 0.82265625 0.39140625 0.0125 0.015625
0 0.7984375 0.3984375 0.0125 0.0140625
0 0.7703125 0.3890625 0.009375 0.0109375
0 0.753125 0.39296875 0.0125 0.0125
0 0.74453125 0.296875 0.0109375 0.009375
0 0.71328125 0.30546875 0.0125 0.0125
0 0.703125 0.2984375 0.0109375 0.0125
0 0.675 0.353125 0.0109375 0.0125
0 0.70703125 0.35625 0.0125 0.0140625
0 0.69375 0.3921875 0.0125 0.015625
0 0.68203125 0.4 0.0125 0.0140625
0 0.63515625 0.378125 0.0078125 0.015625
6 0.64765625 0.36015625 0.0109375 0.03125
5 0.64296875 0.428125 0.0234375 0.11875
5 0.66875 0.3828125 0.0328125 0.0765625
5 0.7078125 0.440625 0.0375 0.11875
5 0.6875 0.4421875 0.0375 0.115625
5 0.70625 0.3828125 0.0234375 0.0671875
5 0.715625 0.325 0.0171875 0.05625
5 0.70390625 0.32109375 0.0171875 0.0609375
7 0.63828125 0.4109375 0.0140625 0.046875
7 0.67265625 0.37734375 0.01875 0.0296875
7 0.6875 0.428125 0.0265625 0.04375
7 0.7046875 0.42578125 0.0265625 0.0484375
7 0.70625 0.384375 0.0203125 0.04375
7 0.71640625 0.33046875 0.015625 0.0359375
7 0.7046875 0.32578125 0.015625 0.03125
7 0.7484375 0.321875 0.0203125 0.0328125
6 0.74296875 0.1703125 0.0078125 0.0265625
6 0.7515625 0.1625 0.0078125 0.0203125
6 0.74609375 0.1546875 0.0078125 0.03125
5 0.0015625 0.1296875 0.003125 0.009375
8 0.00859375 0.1421875 0.0171875 0.046875
8 0.334375 0.12734375 0.59375 0.2546875
8 0.91484375 0.7859375 0.1703125 0.35625
8 0.72265625 0.75 0.1828125 0.5
0 0.1828125 0.5234375 0.08125 0.046875
4 0.19453125 0.65859375 0.1828125 0.23125
5 0.196875 0.68515625 0.25625 0.3703125
