9 0.27734375 0.2046875 0.4078125 0.409375
0 0.86484375 0.7328125 0.20625 0.2046875
0 0.51484375 0.9046875 0.0671875 0.190625
0 0.8234375 0.9765625 0.153125 0.046875
5 0.9578125 0.4859375 0.084375 0.125
4 0.5515625 0.559375 0.140625 0.165625
5 0.56484375 0.44453125 0.1671875 0.0703125
5 0.571875 0.575 0.18125 0.225
0 0.821875 0.92421875 0.1609375 0.1328125
4 0.8140625 0.84140625 0.1078125 0.128125
4 0.690625 0.9046875 0.1875 0.190625
2 0.68359375 0.77890625 0.10625 0.1046875
3 0.61328125 0.84453125 0.0421875 0.046875
5 0.77734375 0.97578125 0.3203125 0.0484375
5 0.85 0.8078125 0.2484375 0.2765625
5 0.66875 0.84921875 0.34375 0.3015625
5 0.51328125 0.90234375 0.0640625 0.1953125
5 0.01953125 0.81875 0.0390625 0.096875
4 0.00625 0.778125 0.0125 0.0125
3 0.00625 0.7890625 0.00625 0.0109375
4 0.00625 0.80546875 0.0125 0.0265625
9 0.02734375 0.66796875 0.0203125 0.0203125
8 0.31171875 0.725 0.15625 0.1328125
8 0.43125 0.690625 0.1 0.328125
8 0.3421875 0.9375 0.278125 0.125
8 0.221875 0.74765625 0.44375 0.5046875
9 0.1734375 0.6609375 0.0328125 0.028125
9 0.1640625 0.678125 0.0265625 0.0203125
9 0.153125 0.68125 0.0296875 0.015625
9 0.1375 0.67890625 0.0265625 0.0171875
9 0.128125 0.6859375 0.0234375 0.0109375
