8 0.678125 0.18359375 0.475 0.3671875
8 0.7203125 0.284375 0.559375 0.56875
5 0.834375 0.228125 0.33125 0.45625
3 0.10625 0.46640625 0.19375 0.2046875
7 0.24921875 0.384375 0.3828125 0.36875
0 0.04453125 0.284375 0.0890625 0.56875
5 0.2203125 0.284375 0.440625 0.56875
4 0.6640625 0.8265625 0.3875 0.346875
3 0.65703125 0.640625 0.1125 0.0671875
3 0.98203125 0.59140625 0.0359375 0.0453125
0 0.60859375 0.60234375 0.2171875 0.0671875
5 0.7203125 0.784375 0.559375 0.43125
5 0.921875 0.784375 0.15625 0.43125
1 0.134375 0.890625 0.26875 0.21875
2 0.11015625 0.7109375 0.2203125 0.203125
4 0.2140625 0.95390625 0.428125 0.0921875
5 0.2203125 0.784375 0.440625 0.43125
