5 0.60625 0.1671875 0.13125 0.334375
6 0.08671875 0.19921875 0.0546875 0.1078125
6 0.26875 0.02265625 0.028125 0.0453125
6 0.08359375 0.040625 0.021875 0.040625
6 0.02890625 0.05546875 0.015625 0.034375
6 0.10859375 0.0125 0.0171875 0.025
9 0.2703125 0.234375 0.540625 0.46875
1 0.6140625 0.81640625 0.146875 0.2921875
2 0.625 0.60859375 0.16875 0.1703125
4 0.7703125 0.9390625 0.459375 0.121875
5 0.7703125 0.734375 0.459375 0.53125
1 0.04921875 0.51015625 0.0984375 0.0828125
4 0.36796875 0.7390625 0.3453125 0.521875
4 0.11640625 0.7734375 0.2328125 0.453125
5 0.30078125 0.734375 0.4796875 0.53125
5 0.13515625 0.734375 0.2703125 0.53125
