9 0.7671875 0.22421875 0.109375 0.15625
9 0.93046875 0.178125 0.109375 0.1046875
7 0.84140625 0.1578125 0.1453125 0.271875
7 0.6234375 0.17109375 0.09375 0.178125
3 0.81171875 0.01640625 0.0359375 0.0328125
3 0.59140625 0.0625 0.0109375 0.0265625
0 0.60078125 0.03046875 0.0578125 0.0609375
5 0.84453125 0.26484375 0.3015625 0.5296875
5 0.64765625 0.26484375 0.1984375 0.5296875
1 0.16796875 0.2890625 0.3359375 0.340625
2 0.18046875 0.06875 0.3609375 0.1375
4 0.18046875 0.3796875 0.3609375 0.3
5 0.18046875 0.26484375 0.3609375 0.5296875
8 0.68046875 0.76484375 0.6390625 0.4703125
5 0.0734375 0.6671875 0.146875 0.275
