8 0.728125 0.35859375 0.515625 0.3421875
6 0.05234375 0.26484375 0.1046875 0.5296875
2 0.1703125 0.1234375 0.1515625 0.14375
3 0.15078125 0.36328125 0.1078125 0.1125
4 0.12421875 0.46484375 0.2484375 0.1296875
5 0.1859375 0.26484375 0.371875 0.5296875
1 0.75390625 0.73203125 0.4921875 0.3078125
4 0.73515625 0.89140625 0.5296875 0.2171875
5 0.73515625 0.76484375 0.5296875 0.4703125
8 0.2734375 0.8703125 0.39375 0.259375
7 0.0421875 0.775 0.015625 0.021875
5 0.0421875 0.76796875 0.01875 0.0453125
8 0.13359375 0.76484375 0.2671875 0.4703125
8 0.07734375 0.76484375 0.1546875 0.4703125
