8 0.78125 0.26484375 0.4375 0.5296875
6 0.03828125 0.3625 0.0453125 0.0875
6 0.01953125 0.21328125 0.0140625 0.0265625
6 0.03046875 0.22109375 0.015625 0.0328125
6 0.103125 0.18359375 0.0203125 0.034375
6 0.2328125 0.13046875 0.021875 0.04375
6 0.0796875 0.16328125 0.0125 0.0234375
9 0.259375 0.325 0.103125 0.409375
6 0.1265625 0.12578125 0.0109375 0.0203125
6 0.15546875 0.1 0.0109375 0.01875
9 0.125 0.07734375 0.0328125 0.04375
8 0.4765625 0.91171875 0.23125 0.1765625
6 0.646875 0.95625 0.025 0.084375
8 0.67890625 0.83203125 0.1953125 0.1359375
8 0.15546875 0.76484375 0.3109375 0.4703125
