8 0.696875 0.4078125 0.13125 0.284375
8 0.76015625 0.37265625 0.0984375 0.1140625
8 0.26015625 0.29140625 0.5203125 0.5171875
5 0.9375 0.775 0.125 0.45
4 0.43203125 0.69453125 0.15 0.234375
4 0.04765625 0.96796875 0.0953125 0.0640625
4 0.23515625 0.9546875 0.2703125 0.090625
4 0.203125 0.88359375 0.053125 0.06875
4 0.34140625 0.87265625 0.1921875 0.2546875
5 0.61015625 0.571875 0.0421875 0.04375
5 0.49140625 0.775 0.2796875 0.45
0 0.36171875 0.6796875 0.0359375 0.0703125
0 0.34375 0.73515625 0.046875 0.04375
0 0.309375 0.71171875 0.0265625 0.0453125
0 0.228125 0.63203125 0.1203125 0.0875
0 0.19375 0.73515625 0.0859375 0.071875
0 0.1640625 0.79296875 0.0515625 0.059375
0 0.0828125 0.7796875 0.1265625 0.115625
0 0.0109375 0.8453125 0.021875 0.06875
3 0.01328125 0.91796875 0.0265625 0.0421875
3 0.12890625 0.90078125 0.0734375 0.0546875
3 0.190625 0.84609375 0.03125 0.025
3 0.21328125 0.81171875 0.0390625 0.0328125
3 0.26328125 0.73359375 0.0703125 0.0640625
5 0.3578125 0.71015625 0.0484375 0.128125
5 0.33984375 0.740625 0.0375 0.0625
5 0.32890625 0.7875 0.2546875 0.425
5 0.2 0.77734375 0.084375 0.15625
5 0.190625 0.8421875 0.0921875 0.1625
5 0.21953125 0.8390625 0.3734375 0.321875
5 0.0578125 0.89921875 0.115625 0.2015625
5 0.06015625 0.87109375 0.0640625 0.1328125
5 0.08125 0.815625 0.1625 0.36875
