5 0.821875 0.22421875 0.0375 0.078125
8 0.8203125 0.209375 0.359375 0.41875
6 0.26171875 0.284375 0.4390625 0.56875
3 0.39765625 0.509375 0.1015625 0.11875
2 0.3921875 0.2046875 0.1875 0.175
5 0.44609375 0.3328125 0.3171875 0.471875
9 0.90234375 0.6125 0.0328125 0.0296875
9 0.83515625 0.59296875 0.0296875 0.025
9 0.86328125 0.60390625 0.0265625 0.0234375
9 0.62265625 0.59921875 0.0234375 0.0296875
4 0.69609375 0.61640625 0.025 0.053125
0 0.69609375 0.57734375 0.0140625 0.0171875
5 0.70078125 0.65859375 0.0421875 0.1796875
8 0.4171875 0.72890625 0.1703125 0.24375
8 0.05390625 0.878125 0.1078125 0.24375
8 0.4203125 0.91875 0.134375 0.1625
