5 0.49453125 0.25625 0.05 0.096875
5 0.40234375 0.2484375 0.025 0.059375
4 0.39921875 0.2609375 0.0203125 0.034375
4 0.4953125 0.275 0.0203125 0.0359375
2 0.50078125 0.2171875 0.0296875 0.03125
2 0.40390625 0.2359375 0.01875 0.021875
2 0.44140625 0.26015625 0.1015625 0.096875
2 0.49375 0.33515625 0.11875 0.0890625
2 0.6609375 0.25390625 0.0359375 0.0375
2 0.6484375 0.3453125 0.10625 0.06875
2 0.74296875 0.24296875 0.0328125 0.03125
2 0.86328125 0.171875 0.1765625 0.178125
2 0.92890625 0.365625 0.0359375 0.028125
2 0.90625 0.3484375 0.040625 0.0625
2 0.95703125 0.36328125 0.0390625 0.0328125
1 0.7375 0.29140625 0.03125 0.040625
1 0.78203125 0.31640625 0.1234375 0.1265625
1 0.65078125 0.29453125 0.025 0.028125
1 0.41171875 0.340625 0.0734375 0.078125
4 0.7109375 0.35078125 0.046875 0.0578125
1 0.75546875 0.746875 0.43125 0.25
2 0.76953125 0.51328125 0.4609375 0.2671875
4 0.68046875 0.840625 0.6390625 0.31875
5 0.68046875 0.68984375 0.6390625 0.6203125
1 0.18046875 0.84375 0.3609375 0.3125
2 0.18046875 0.55859375 0.3609375 0.2953125
4 0.18046875 0.93671875 0.3609375 0.1265625
5 0.18046875 0.69375 0.3609375 0.6125
