7 0.6875 0.36640625 0.0125 0.0046875
5 0.6859375 0.36171875 0.01875 0.0140625
0 0.04140625 0.11796875 0.0828125 0.2359375
0 0.16640625 0.17578125 0.171875 0.1890625
0 0.47421875 0.18984375 0.1484375 0.1390625
3 0.4734375 0.325 0.09375 0.08125
3 0.2046875 0.33046875 0.10625 0.0765625
5 0.4328125 0.24140625 0.275 0.2546875
5 0.23515625 0.21953125 0.3609375 0.2984375
5 0.07578125 0.184375 0.1515625 0.36875
1 0.65078125 0.5546875 0.1609375 0.346875
4 0.775 0.81328125 0.409375 0.3734375
5 0.78515625 0.684375 0.4296875 0.63125
