7 0.92578125 0.35703125 0.1484375 0.2109375
5 0.88515625 0.45546875 0.2296875 0.4890625
0 0.41328125 0.1828125 0.025 0.0359375
0 0.325 0.35625 0.0234375 0.0328125
0 0.26171875 0.35546875 0.021875 0.0328125
7 0.265625 0.3640625 0.04375 0.0578125
7 0.4140625 0.196875 0.0421875 0.0578125
7 0.47421875 0.1859375 0.0328125 0.084375
7 0.4828125 0.078125 0.015625 0.078125
5 0.46796875 0.10859375 0.0453125 0.1609375
5 0.45625 0.203125 0.06875 0.13125
5 0.4046875 0.21484375 0.071875 0.1046875
5 0.321875 0.3734375 0.0453125 0.0828125
5 0.2625 0.37578125 0.053125 0.0859375
1 0.60234375 0.79375 0.2234375 0.1875
4 0.690625 0.85 0.4 0.3
5 0.7453125 0.85 0.509375 0.3
0 0.35625 0.96953125 0.08125 0.0609375
0 0.1140625 0.9203125 0.09375 0.0671875
0 0.46796875 0.98203125 0.0359375 0.025
0 0.40390625 0.978125 0.04375 0.0265625
0 0.425 0.96640625 0.028125 0.01875
1 0.46953125 0.9953125 0.0171875 0.009375
3 0.40390625 0.9953125 0.0140625 0.009375
3 0.33203125 0.99609375 0.0390625 0.0078125
3 0.10390625 0.959375 0.040625 0.0265625
7 0.07578125 0.97265625 0.1484375 0.0546875
4 0.4234375 0.99453125 0.025 0.0109375
5 0.4109375 0.9765625 0.08125 0.046875
5 0.40390625 0.98203125 0.0609375 0.0359375
5 0.084375 0.93671875 0.16875 0.1265625
