4 0.90625 0.07890625 0.16875 0.1578125
5 0.86953125 0.23984375 0.2609375 0.4796875
5 0.83046875 0.23984375 0.3390625 0.4796875
5 0.690625 0.1859375 0.246875 0.371875
5 0.17890625 0.06015625 0.2609375 0.1203125
1 0.79296875 0.6484375 0.4140625 0.3375
4 0.7453125 0.86953125 0.509375 0.2609375
5 0.7453125 0.73984375 0.509375 0.5203125
1 0.28359375 0.72265625 0.4140625 0.3453125
2 0.31171875 0.51328125 0.3578125 0.0671875
4 0.2453125 0.90859375 0.490625 0.1828125
5 0.2453125 0.73984375 0.490625 0.5203125
