0 0.57421875 0.10078125 0.0859375 0.1328125
2 0.87734375 0.13203125 0.18125 0.071875
9 0.765625 0.2796875 0.46875 0.559375
3 0.553125 0.20703125 0.04375 0.0890625
3 0.8875 0.2375 0.1234375 0.06875
4 0.8484375 0.4 0.303125 0.31875
4 0.57578125 0.3921875 0.0890625 0.334375
4 0.91875 0.06015625 0.1625 0.1203125
5 0.88515625 0.06484375 0.2296875 0.1296875
5 0.61796875 0.29609375 0.1734375 0.5265625
5 0.80859375 0.3203125 0.3828125 0.478125
1 0.478125 0.06796875 0.10625 0.1359375
5 0.3390625 0.2796875 0.384375 0.559375
4 0.4234375 0.32890625 0.215625 0.4609375
1 0.7546875 0.90078125 0.446875 0.1984375
2 0.765625 0.69609375 0.46875 0.2515625
5 0.765625 0.7796875 0.46875 0.440625
5 0.25234375 0.7796875 0.5046875 0.440625
4 0.21796875 0.7796875 0.4265625 0.440625
