8 0.7921875 0.3296875 0.415625 0.659375
8 0.72890625 0.46640625 0.5359375 0.3859375
4 0.35390625 0.09375 0.1046875 0.1671875
4 0.28125 0.3265625 0.13125 0.24375
3 0.3609375 0.03125 0.03125 0.0453125
3 0.2921875 0.1796875 0.0203125 0.040625
2 0.25703125 0.10703125 0.08125 0.10625
5 0.365625 0.19140625 0.14375 0.3828125
5 0.29296875 0.3015625 0.2015625 0.5109375
8 0.28203125 0.27890625 0.3578125 0.5578125
7 0.74375 0.71171875 0.0390625 0.06875
3 0.73359375 0.68125 0.00625 0.0109375
0 0.734375 0.665625 0.025 0.0125
5 0.7265625 0.74921875 0.09375 0.1796875
8 0.73046875 0.8296875 0.5390625 0.340625
