6 0.47890625 0.2953125 0.015625 0.034375
6 0.615625 0.271875 0.0171875 0.0421875
6 0.75234375 0.2765625 0.021875 0.0515625
6 0.9109375 0.32265625 0.0390625 0.075
6 0.459375 0.26953125 0.009375 0.0234375
9 0.7671875 0.41953125 0.465625 0.1609375
6 0.5140625 0.24453125 0.009375 0.01875
6 0.54921875 0.2265625 0.009375 0.0171875
9 0.52421875 0.19765625 0.0296875 0.040625
4 0.86484375 0.62265625 0.2265625 0.2453125
4 0.528125 0.640625 0.15625 0.28125
5 0.83046875 0.72109375 0.3390625 0.4421875
5 0.58359375 0.728125 0.2671875 0.45625
7 0.13515625 0.58203125 0.040625 0.1015625
7 0.090625 0.61328125 0.0703125 0.1359375
7 0.17265625 0.61484375 0.059375 0.125
7 0.2203125 0.61640625 0.0390625 0.1015625
7 0.2453125 0.66953125 0.075 0.175
7 0.2984375 0.590625 0.0453125 0.096875
7 0.32421875 0.67421875 0.0703125 0.1265625
7 0.359375 0.6296875 0.028125 0.078125
7 0.403125 0.69375 0.09375 0.19375
0 0.428125 0.55078125 0.04375 0.0484375
0 0.35859375 0.5640625 0.01875 0.0265625
0 0.33828125 0.55390625 0.0359375 0.0390625
0 0.32890625 0.53359375 0.0203125 0.015625
0 0.3046875 0.51171875 0.025 0.0234375
0 0.26796875 0.525 0.0453125 0.046875
0 0.2390625 0.53828125 0.0171875 0.021875
0 0.1765625 0.51484375 0.034375 0.0296875
0 0.115625 0.503125 0.015625 0.00625
0 0.1046875 0.50859375 0.0375 0.0171875
3 0.10859375 0.53984375 0.015625 0.01875
3 0.1703125 0.546875 0.015625 0.0140625
3 0.24140625 0.5640625 0.0109375 0.0140625
3 0.26796875 0.56953125 0.0203125 0.01875
3 0.3046875 0.54296875 0.015625 0.0140625
3 0.35078125 0.575 0.00625 0.009375
3 0.33984375 0.5921875 0.0140625 0.0140625
3 0.4296875 0.60625 0.01875 0.025
5 0.1234375 0.6484375 0.075 0.296875
5 0.090625 0.67734375 0.10625 0.3546875
5 0.1703125 0.66953125 0.1125 0.3390625
5 0.2203125 0.640625 0.0546875 0.2296875
5 0.25234375 0.73046875 0.1171875 0.4609375
5 0.2953125 0.65078125 0.065625 0.3015625
5 0.328125 0.54140625 0.0203125 0.0359375
5 0.35546875 0.653125 0.0421875 0.20625
5 0.32734375 0.6890625 0.090625 0.3078125
5 0.440625 0.63671875 0.01875 0.0859375
5 0.39765625 0.7515625 0.1046875 0.453125
