8 0.61640625 0.23984375 0.3921875 0.4796875
8 0.94765625 0.3421875 0.1046875 0.225
8 0.21015625 0.24765625 0.4203125 0.4640625
2 0.3265625 0.11015625 0.0328125 0.0265625
3 0.33046875 0.1359375 0.0171875 0.0125
4 0.34921875 0.17109375 0.046875 0.084375
5 0.32265625 0.19453125 0.115625 0.2
8 0.21015625 0.73984375 0.4203125 0.5203125
5 0.384375 0.628125 0.071875 0.296875
7 0.396875 0.57578125 0.046875 0.1609375
7 0.1140625 0.87578125 0.184375 0.2484375
0 0.11640625 0.71015625 0.078125 0.0890625
5 0.19140625 0.8234375 0.3828125 0.353125
