4 0.7609375 0.134375 0.38125 0.26875
5 0.715625 0.134375 0.56875 0.26875
0 0.37421875 0.23671875 0.1140625 0.0640625
0 0.36640625 0.06484375 0.115625 0.0875
0 0.16015625 0.0890625 0.0640625 0.0296875
3 0.37421875 0.09140625 0.0421875 0.0296875
4 0.14765625 0.15546875 0.0640625 0.06875
4 0.29375 0.175 0.196875 0.1875
5 0.15625 0.13984375 0.0796875 0.1265625
5 0.3171875 0.14140625 0.228125 0.2546875
8 0.77890625 0.634375 0.4421875 0.73125
8 0.51640625 0.746875 0.1703125 0.315625
1 0.32578125 0.6203125 0.2109375 0.271875
2 0.31171875 0.3640625 0.2390625 0.153125
4 0.221875 0.8796875 0.41875 0.240625
5 0.215625 0.6359375 0.43125 0.728125
