8 0.540625 0.1640625 0.21875 0.328125
8 0.91875 0.3140625 0.1625 0.390625
9 0.871875 0.15859375 0.0453125 0.0515625
9 0.734375 0.065625 0.0421875 0.0546875
9 0.846875 0.128125 0.11875 0.0796875
9 0.8578125 0.234375 0.078125 0.075
0 0.89375 0.21796875 0.009375 0.009375
7 0.88984375 0.23203125 0.0109375 0.0171875
5 0.89140625 0.228125 0.0140625 0.03125
0 0.52265625 0.26015625 0.0109375 0.009375
7 0.51171875 0.28671875 0.0203125 0.0375
5 0.5140625 0.30625 0.04375 0.1046875
0 0.73828125 0.24453125 0.009375 0.0078125
4 0.7296875 0.26328125 0.0140625 0.028125
5 0.72734375 0.27890625 0.028125 0.0828125
5 0.740625 0.2796875 0.0296875 0.084375
5 0.65625 0.3671875 0.04375 0.1078125
5 0.684375 0.37734375 0.046875 0.109375
5 0.703125 0.38046875 0.0390625 0.1125
5 0.72109375 0.3796875 0.04375 0.1109375
5 0.71953125 0.31796875 0.0140625 0.0171875
5 0.74296875 0.3109375 0.0203125 0.034375
0 0.74453125 0.3015625 0.0140625 0.015625
7 0.73984375 0.31796875 0.0125 0.015625
0 0.759375 0.30234375 0.0109375 0.0109375
7 0.7546875 0.32890625 0.021875 0.04375
5 0.75625 0.32421875 0.0265625 0.0625
0 0.74453125 0.32734375 0.0140625 0.015625
7 0.74453125 0.3546875 0.021875 0.0375
5 0.74140625 0.3796875 0.040625 0.1203125
7 0.7234375 0.3578125 0.03125 0.04375
7 0.70625 0.35625 0.0265625 0.0453125
7 0.6875 0.359375 0.0359375 0.0453125
7 0.659375 0.35078125 0.0328125 0.0421875
0 0.66796875 0.32265625 0.0125 0.0140625
0 0.6890625 0.33125 0.0125 0.0140625
0 0.715625 0.32578125 0.0109375 0.0109375
0 0.73125 0.33125 0.0125 0.0140625
0 0.7484375 0.24375 0.0109375 0.009375
0 0.7765625 0.25546875 0.0125 0.0109375
0 0.78515625 0.24921875 0.0109375 0.0109375
0 0.80703125 0.30234375 0.0109375 0.0125
0 0.77734375 0.30234375 0.0125 0.0140625
0 0.7859375 0.3359375 0.0125 0.015625
0 0.7953125 0.34453125 0.0125 0.0140625
0 0.84296875 0.33046875 0.0140625 0.0140625
0 0.87109375 0.378125 0.0109375 0.0171875
6 0.83125 0.31171875 0.0140625 0.0296875
5 0.94140625 0.47578125 0.0265625 0.0328125
7 0.8609375 0.40546875 0.025 0.0421875
5 0.8484375 0.41640625 0.059375 0.109375
5 0.83359375 0.37578125 0.0421875 0.1109375
5 0.809375 0.33046875 0.0375 0.071875
5 0.76796875 0.38359375 0.046875 0.1171875
5 0.7859375 0.3890625 0.046875 0.121875
5 0.775 0.3265625 0.028125 0.0625
5 0.771875 0.27265625 0.021875 0.0515625
5 0.78359375 0.26953125 0.021875 0.05625
7 0.83984375 0.3609375 0.025 0.0453125
7 0.80625 0.325 0.01875 0.028125
7 0.78828125 0.36875 0.028125 0.0421875
7 0.771875 0.36640625 0.028125 0.046875
7 0.775 0.328125 0.0234375 0.040625
7 0.77109375 0.27734375 0.0171875 0.0328125
7 0.78203125 0.27421875 0.0171875 0.0296875
7 0.74296875 0.26640625 0.021875 0.0328125
6 0.7625 0.128125 0.009375 0.025
6 0.7546875 0.12109375 0.0078125 0.01875
6 0.7609375 0.1140625 0.009375 0.028125
6 0.02578125 0.02890625 0.0484375 0.0578125
5 0.1171875 0.40546875 0.234375 0.2078125
9 0.215625 0.2546875 0.43125 0.509375
9 0.54765625 0.8671875 0.0296875 0.034375
9 0.6703125 0.9015625 0.0265625 0.03125
9 0.92890625 0.92890625 0.015625 0.0375
9 0.896875 0.93984375 0.0796875 0.084375
9 0.85703125 0.946875 0.015625 0.0375
9 0.8328125 0.93828125 0.046875 0.053125
3 0.09765625 0.54609375 0.1015625 0.0734375
3 0.284375 0.5484375 0.125 0.078125
4 0.2390625 0.7234375 0.35 0.3859375
4 0.07578125 0.6859375 0.1515625 0.3
5 0.1 0.7546875 0.2 0.490625
5 0.215625 0.7546875 0.43125 0.490625
