8 0.8703125 0.21953125 0.259375 0.4390625
7 0.31953125 0.33828125 0.04375 0.0703125
3 0.31875 0.30546875 0.0078125 0.0125
0 0.32734375 0.2828125 0.028125 0.03125
5 0.29453125 0.34609375 0.1078125 0.1859375
8 0.3703125 0.21953125 0.740625 0.4390625
6 0.74765625 0.4984375 0.0140625 0.053125
6 0.7890625 0.55078125 0.0484375 0.0875
9 0.95 0.73125 0.1 0.5375
1 0.4515625 0.84453125 0.578125 0.3109375
2 0.434375 0.57890625 0.6125 0.2796875
4 0.3703125 0.94140625 0.740625 0.1171875
5 0.3703125 0.71953125 0.740625 0.5609375
