5 0.7875 0.1015625 0.334375 0.203125
5 0.68984375 0.26953125 0.1390625 0.4203125
0 0.51953125 0.05078125 0.1671875 0.1015625
0 0.54296875 0.11015625 0.1546875 0.1390625
0 0.0625 0.0984375 0.125 0.196875
0 0.43984375 0.27734375 0.184375 0.20625
0 0.07109375 0.4 0.1421875 0.153125
0 0.39765625 0.41875 0.2140625 0.121875
2 0.5703125 0.371875 0.1 0.134375
3 0.51796875 0.4015625 0.03125 0.0453125
0 0.07421875 0.29140625 0.1484375 0.1328125
4 0.07265625 0.20625 0.1078125 0.1296875
4 0.2 0.29609375 0.1875 0.2375
2 0.20625 0.1421875 0.1078125 0.1046875
3 0.278125 0.20859375 0.0421875 0.0484375
5 0.50390625 0.1125 0.2328125 0.225
4 0.4515625 0.078125 0.084375 0.15625
4 0.56796875 0.27734375 0.1046875 0.1953125
4 0.1484375 0.4453125 0.134375 0.06875
5 0.13828125 0.40234375 0.2765625 0.1546875
5 0.08046875 0.17265625 0.1609375 0.2765625
5 0.221875 0.2484375 0.3453125 0.36875
5 0.55 0.390625 0.140625 0.178125
5 0.440625 0.2765625 0.18125 0.2125
5 0.534375 0.21484375 0.171875 0.3546875
8 0.8953125 0.54375 0.209375 0.128125
7 0.24609375 0.4875 0.0328125 0.015625
5 0.225 0.55859375 0.090625 0.1578125
8 0.31015625 0.73984375 0.6203125 0.5203125
