8 0.85078125 0.228125 0.2984375 0.315625
0 0.87578125 0.8703125 0.053125 0.0484375
5 0.8828125 0.9203125 0.16875 0.159375
3 0.86484375 0.90234375 0.028125 0.0234375
4 0.8953125 0.95390625 0.09375 0.0921875
0 0.2234375 0.540625 0.2125 0.18125
0 0.615625 0.61640625 0.109375 0.2109375
0 0.32578125 0.80546875 0.1578125 0.15625
0 0.60703125 0.803125 0.1265625 0.225
0 0.63046875 0.94609375 0.0796875 0.1078125
0 0.303125 0.703125 0.165625 0.1375
4 0.29375 0.62109375 0.1109375 0.1296875
4 0.43203125 0.68125 0.1953125 0.240625
2 0.4078125 0.53515625 0.109375 0.1078125
3 0.48828125 0.58359375 0.04375 0.0484375
4 0.625 0.4765625 0.090625 0.053125
4 0.41796875 0.85703125 0.1359375 0.128125
4 0.43203125 0.96953125 0.1609375 0.0609375
5 0.4046875 0.9625 0.30625 0.075
5 0.3765625 0.82421875 0.321875 0.221875
5 0.25234375 0.59609375 0.25625 0.2828125
5 0.44453125 0.634375 0.3546875 0.36875
5 0.61640625 0.6140625 0.1078125 0.215625
