6 0.76328125 0.1109375 0.2390625 0.221875
5 0.85703125 0.328125 0.2859375 0.48125
4 0.025 0.096875 0.05 0.19375
4 0.203125 0.07734375 0.140625 0.1546875
4 0.42109375 0.10078125 0.1828125 0.2015625
5 0.42734375 0.284375 0.2265625 0.56875
5 0.37578125 0.284375 0.3296875 0.56875
5 0.06328125 0.246875 0.1265625 0.49375
5 0.23671875 0.2390625 0.2765625 0.478125
7 0.85234375 0.71640625 0.2953125 0.2953125
5 0.7703125 0.784375 0.459375 0.43125
8 0.08203125 0.8375 0.1640625 0.16875
8 0.2703125 0.784375 0.540625 0.43125
4 0.2828125 0.8734375 0.0328125 0.0578125
2 0.26875 0.82265625 0.015625 0.0171875
5 0.28203125 0.85703125 0.05 0.096875
8 0.46328125 0.796875 0.15 0.115625
