9 0.69921875 0.4390625 0.1203125 0.084375
0 0.99375 0.10390625 0.0125 0.1015625
0 0.60078125 0.84140625 0.0390625 0.1046875
0 0.690625 0.84609375 0.09375 0.0921875
0 0.6546875 0.93984375 0.03125 0.0328125
0 0.7453125 0.91015625 0.0375 0.0375
0 0.7984375 0.91015625 0.0375 0.040625
0 0.93515625 0.89375 0.0390625 0.040625
0 0.959375 0.9109375 0.025 0.0375
3 0.9609375 0.9296875 0.0109375 0.0140625
3 0.93046875 0.92109375 0.0109375 0.0171875
3 0.79921875 0.94140625 0.0171875 0.01875
3 0.59375 0.92265625 0.025 0.0484375
3 0.70390625 0.92890625 0.0453125 0.0484375
3 0.9890625 0.928125 0.0125 0.0125
5 0.97109375 0.946875 0.0484375 0.10625
5 0.95390625 0.93671875 0.0859375 0.1265625
0 0.98046875 0.90234375 0.0359375 0.0421875
5 0.82578125 0.9421875 0.0953125 0.115625
5 0.78359375 0.94296875 0.1203125 0.1140625
5 0.6546875 0.94296875 0.034375 0.046875
5 0.7421875 0.89375 0.2625 0.2125
7 0.990625 0.95859375 0.01875 0.0828125
7 0.95 0.95703125 0.0625 0.0859375
7 0.8171875 0.96875 0.059375 0.0625
7 0.73515625 0.95703125 0.2140625 0.0859375
7 0.77109375 0.96484375 0.0671875 0.0703125
6 0.53125 0.7 0.0078125 0.028125
2 0.540625 0.6359375 0.0046875 0.009375
5 0.5421875 0.64921875 0.015625 0.04375
4 0.5421875 0.65703125 0.0109375 0.0234375
