0 0.7375 0.04375 0.21875 0.0875
3 0.94375 0.01796875 0.1125 0.0359375
3 0.71796875 0.1609375 0.109375 0.0671875
4 0.80234375 0.37890625 0.2765625 0.4015625
4 0.925 0.3109375 0.15 0.5375
5 0.91484375 0.28984375 0.1703125 0.5796875
5 0.79765625 0.28984375 0.3484375 0.5796875
8 0.2 0.34375 0.4 0.471875
5 0.7 0.78984375 0.6 0.4203125
4 0.7 0.953125 0.6 0.09375
1 0.6421875 0.8125 0.484375 0.240625
2 0.64765625 0.5984375 0.4953125 0.0375
6 0.071875 0.6796875 0.0359375 0.0671875
9 0.2 0.78984375 0.4 0.4203125
