8 0.55234375 0.06484375 0.0328125 0.0359375
9 0.525 0.08125 0.0359375 0.0328125
3 0.5953125 0.12578125 0.009375 0.0125
0 0.59296875 0.10625 0.0234375 0.0359375
5 0.6 0.20546875 0.075 0.234375
4 0.4453125 0.11640625 0.0328125 0.0609375
0 0.43828125 0.07265625 0.0171875 0.0234375
5 0.45 0.16015625 0.071875 0.203125
5 0.33203125 0.24140625 0.1578125 0.3765625
1 0.74296875 0.71875 0.5140625 0.353125
2 0.71484375 0.48828125 0.5703125 0.1171875
4 0.70546875 0.87109375 0.5890625 0.2578125
5 0.70546875 0.71484375 0.5890625 0.5703125
8 0.23984375 0.71484375 0.3421875 0.5703125
8 0.20546875 0.79765625 0.4109375 0.4046875
