3 0.77109375 0.54453125 0.4578125 0.2296875
2 0.7453125 0.1984375 0.509375 0.365625
4 0.665625 0.54765625 0.66875 0.2234375
5 0.665625 0.33125 0.66875 0.65625
8 0.165625 0.15703125 0.33125 0.3140625
7 0.15703125 0.10234375 0.3140625 0.2046875
7 0.165625 0.09375 0.33125 0.1875
5 0.296875 0.10078125 0.06875 0.2015625
5 0.165625 0.29453125 0.33125 0.5890625
0 0.40546875 0.96015625 0.0859375 0.0796875
2 0.9703125 0.92109375 0.059375 0.1453125
2 0.76640625 0.66875 0.0734375 0.01875
2 0.6 0.7421875 0.0421875 0.0265625
3 0.6015625 0.7703125 0.025 0.0203125
3 0.76640625 0.71171875 0.0421875 0.0390625
3 0.94375 0.6734375 0.05625 0.028125
4 0.9359375 0.77265625 0.128125 0.1984375
4 0.7890625 0.81875 0.1484375 0.2171875
4 0.61796875 0.81328125 0.084375 0.0765625
5 0.6203125 0.859375 0.140625 0.28125
5 0.490625 0.94921875 0.259375 0.1015625
5 0.7953125 0.8296875 0.240625 0.340625
5 0.91640625 0.8296875 0.1671875 0.340625
8 0.26171875 0.75078125 0.1390625 0.1828125
