8 0.53125 0.04140625 0.078125 0.0828125
8 0.375 0.0421875 0.028125 0.040625
0 0.94609375 0.2125 0.0078125 0.009375
7 0.9453125 0.2296875 0.0125 0.0265625
7 0.94140625 0.24296875 0.0265625 0.075
8 0.26015625 0.31484375 0.2015625 0.6296875
8 0.68046875 0.81484375 0.6390625 0.3703125
8 0.540625 0.91484375 0.359375 0.1703125
0 0.89140625 0.91015625 0.0171875 0.01875
3 0.88671875 0.9328125 0.0125 0.015625
7 0.87734375 0.96484375 0.0359375 0.0609375
5 0.87890625 0.9484375 0.0578125 0.103125
3 0.1484375 0.79375 0.084375 0.078125
3 0.0421875 0.73828125 0.084375 0.1453125
0 0.17890625 0.69140625 0.1484375 0.1234375
4 0.11953125 0.89140625 0.2390625 0.2171875
5 0.08671875 0.8921875 0.1734375 0.215625
5 0.18046875 0.81484375 0.3609375 0.3703125
5 0.14453125 0.81484375 0.2890625 0.3703125
