9 0.8375 0.01484375 0.05 0.0296875
0 0.38046875 0.2234375 0.0234375 0.0125
9 0.98828125 0.6078125 0.0234375 0.03125
9 0.92265625 0.5828125 0.03125 0.0265625
9 0.95078125 0.59609375 0.0296875 0.025
8 0.6640625 0.5609375 0.0296875 0.0328125
9 0.6921875 0.575 0.0328125 0.0296875
3 0.6296875 0.62734375 0.0078125 0.0109375
0 0.62890625 0.6078125 0.01875 0.0328125
5 0.63359375 0.7046875 0.04375 0.228125
4 0.7734375 0.59765625 0.025 0.0578125
0 0.7765625 0.55390625 0.015625 0.0203125
5 0.7734375 0.640625 0.04375 0.196875
1 0.24921875 0.48359375 0.4984375 0.3296875
0 0.259375 0.28046875 0.45625 0.1015625
4 0.2953125 0.821875 0.590625 0.35625
5 0.2953125 0.61484375 0.590625 0.7703125
