3 0.68828125 0.32109375 0.025 0.021875
2 0.8703125 0.2453125 0.034375 0.0296875
2 0.6953125 0.28125 0.040625 0.0328125
5 0.690625 0.4140625 0.140625 0.3125
5 0.84921875 0.37890625 0.1171875 0.3171875
5 0.9703125 0.4859375 0.059375 0.290625
5 0.72421875 0.390625 0.2078125 0.51875
4 0.98984375 0.52734375 0.0203125 0.1171875
4 0.85390625 0.39375 0.08125 0.1734375
4 0.68125 0.340625 0.0703125 0.0640625
1 0.871875 0.284375 0.028125 0.0234375
5 0.08203125 0.075 0.1359375 0.15
5 0.540625 0.26875 0.159375 0.5375
8 0.26484375 0.825 0.5296875 0.35
