8 0.6890625 0.16953125 0.55 0.3390625
8 0.80546875 0.18984375 0.3890625 0.2984375
5 0.20234375 0.08984375 0.3109375 0.1796875
5 0.246875 0.16953125 0.246875 0.3390625
2 0.57734375 0.4109375 0.4140625 0.14375
3 0.62265625 0.64453125 0.5046875 0.2609375
4 0.68515625 0.87421875 0.6296875 0.2515625
5 0.68515625 0.66953125 0.6296875 0.6609375
8 0.253125 0.60625 0.234375 0.534375
8 0.18515625 0.76484375 0.3703125 0.4703125
5 0.0171875 0.73359375 0.034375 0.0578125
2 0.021875 0.7109375 0.0140625 0.0125
3 0.02265625 0.7234375 0.0078125 0.0125
4 0.015625 0.7390625 0.0203125 0.0375
