6 0.85546875 0.28984375 0.2703125 0.5796875
6 0.7015625 0.28984375 0.2625 0.5796875
1 0.2140625 0.19765625 0.428125 0.3953125
4 0.28515625 0.4390625 0.5703125 0.28125
5 0.28515625 0.28984375 0.5703125 0.5796875
2 0.6359375 0.71328125 0.13125 0.2671875
5 0.73203125 0.78984375 0.3234375 0.4203125
4 0.69765625 0.90859375 0.2546875 0.1828125
1 0.61953125 0.921875 0.0984375 0.15625
5 0.2265625 0.78984375 0.453125 0.4203125
4 0.1890625 0.82109375 0.378125 0.3578125
1 0.07578125 0.65390625 0.1515625 0.1484375
