8 0.478125 0.184375 0.115625 0.36875
8 0.59375 0.66953125 0.346875 0.6015625
6 0.6140625 0.91015625 0.14375 0.1796875
0 0.9125 0.6421875 0.0390625 0.034375
0 0.784375 0.64296875 0.04375 0.046875
2 0.4609375 0.49375 0.03125 0.0234375
7 0.45078125 0.55078125 0.0609375 0.0859375
7 0.984375 0.753125 0.03125 0.16875
7 0.90234375 0.74453125 0.084375 0.13125
7 0.7546875 0.734375 0.0984375 0.1453125
3 0.7765625 0.671875 0.0203125 0.025
3 0.91015625 0.6734375 0.0265625 0.025
3 0.4578125 0.521875 0.021875 0.021875
5 0.46015625 0.534375 0.0796875 0.11875
5 0.74921875 0.79453125 0.1609375 0.365625
5 0.8875 0.79609375 0.18125 0.359375
5 0.9375 0.78828125 0.125 0.4234375
1 0.1421875 0.7515625 0.284375 0.490625
5 0.21015625 0.684375 0.4203125 0.63125
