1 0.96640625 0.39375 0.0671875 0.1125
4 0.66796875 0.2671875 0.4359375 0.365625
1 0.75625 0.12734375 0.0703125 0.03125
5 0.675 0.25859375 0.45 0.3828125
5 0.828125 0.296875 0.34375 0.30625
2 0.93046875 0.240625 0.1390625 0.14375
8 0.25546875 0.234375 0.3890625 0.41875
0 0.29375 0.44609375 0.05 0.0078125
0 0.265625 0.32578125 0.0078125 0.0046875
7 0.2640625 0.33359375 0.015625 0.0140625
5 0.26171875 0.3375 0.025 0.0328125
0 0.26484375 0.35 0.009375 0.0046875
7 0.259375 0.359375 0.0171875 0.015625
5 0.2609375 0.3625 0.025 0.034375
2 0.55078125 0.7984375 0.0640625 0.05625
2 0.68515625 0.775 0.05625 0.0578125
2 0.78359375 0.7609375 0.065625 0.0578125
2 0.84453125 0.940625 0.0546875 0.0609375
0 0.93515625 0.7703125 0.084375 0.0875
3 0.92109375 0.86640625 0.046875 0.0546875
3 0.76484375 0.8640625 0.0375 0.0484375
3 0.6671875 0.884375 0.0484375 0.05625
3 0.5359375 0.9109375 0.0453125 0.0515625
4 0.628125 0.95234375 0.15625 0.0953125
4 0.73203125 0.94609375 0.1515625 0.1078125
7 0.8921875 0.934375 0.178125 0.13125
5 0.5453125 0.87890625 0.190625 0.2421875
5 0.6265625 0.86796875 0.265625 0.2640625
5 0.73359375 0.86171875 0.2640625 0.2765625
5 0.87890625 0.859375 0.2421875 0.28125
8 0.309375 0.64375 0.28125 0.3875
