8 0.5515625 0.0296875 0.203125 0.059375
9 0.7328125 0.015625 0.06875 0.03125
6 0.81796875 0.025 0.009375 0.015625
6 0.83203125 0.025 0.0109375 0.015625
6 0.85 0.025 0.009375 0.015625
6 0.86640625 0.025 0.009375 0.0203125
6 0.878125 0.025 0.009375 0.0203125
6 0.8875 0.02421875 0.0109375 0.01875
9 0.9140625 0.01640625 0.040625 0.0296875
8 0.9390625 0.0984375 0.121875 0.11875
8 0.225 0.2390625 0.45 0.478125
8 0.2390625 0.275 0.421875 0.55
8 0.49921875 0.75859375 0.0984375 0.1921875
8 0.9171875 0.73515625 0.165625 0.3703125
8 0.67890625 0.8125 0.309375 0.228125
8 0.75390625 0.6265625 0.0953125 0.153125
7 0.72890625 0.74140625 0.0140625 0.025
5 0.72734375 0.740625 0.0171875 0.03125
0 0.72265625 0.73125 0.00625 0.009375
0 0.85078125 0.91953125 0.0125 0.0140625
3 0.853125 0.93046875 0.0078125 0.0078125
7 0.85859375 0.9390625 0.021875 0.025
5 0.85859375 0.93046875 0.025 0.0390625
9 0.9234375 0.96171875 0.09375 0.0765625
9 0.8578125 0.971875 0.184375 0.05625
9 0.77734375 0.95859375 0.0921875 0.0484375
9 0.72734375 0.97265625 0.1578125 0.0546875
9 0.53984375 0.9578125 0.1796875 0.084375
8 0.815625 0.8953125 0.2765625 0.1375
0 0.615625 0.7078125 0.00625 0.0078125
0 0.62578125 0.70546875 0.00625 0.00625
0 0.6078125 0.70625 0.0078125 0.00625
0 0.5921875 0.7234375 0.0078125 0.0078125
7 0.59375 0.734375 0.0140625 0.0125
7 0.6078125 0.72265625 0.0125 0.0203125
7 0.61640625 0.7171875 0.0046875 0.009375
7 0.6265625 0.71484375 0.009375 0.0109375
5 0.62578125 0.71171875 0.0125 0.01875
5 0.615625 0.7125 0.0078125 0.01875
5 0.60703125 0.71875 0.0140625 0.03125
5 0.59375 0.73046875 0.0140625 0.025
8 0.11015625 0.66171875 0.2203125 0.2234375
