8 0.5828125 0.253125 0.225 0.453125
8 0.75078125 0.22265625 0.4984375 0.4453125
4 0.11875 0.0765625 0.2203125 0.103125
4 0.10390625 0.32890625 0.20625 0.1796875
0 0.10703125 0.2140625 0.1125 0.0578125
2 0.28046875 0.04296875 0.0703125 0.0546875
3 0.240625 0.071875 0.0359375 0.03125
5 0.16953125 0.12578125 0.3390625 0.2296875
5 0.1515625 0.42265625 0.303125 0.5015625
5 0.73515625 0.85 0.5296875 0.3
4 0.7640625 0.85 0.421875 0.3
9 0.45859375 0.81953125 0.0234375 0.0265625
8 0.221875 0.83984375 0.0296875 0.0328125
9 0.25 0.84765625 0.0328125 0.0296875
3 0.2015625 0.9046875 0.0078125 0.0109375
0 0.1984375 0.88671875 0.0203125 0.0328125
5 0.21953125 0.93359375 0.0640625 0.1328125
4 0.328125 0.85703125 0.0296875 0.0546875
0 0.32421875 0.8171875 0.015625 0.0203125
5 0.3359375 0.8953125 0.059375 0.1828125
