8 0.74375 0.24453125 0.5125 0.4890625
8 0.63125 0.378125 0.3 0.221875
2 0.70703125 0.25703125 0.0171875 0.0234375
3 0.71640625 0.275 0.0125 0.009375
4 0.72265625 0.2875 0.0328125 0.0421875
5 0.73125 0.33125 0.075 0.178125
9 0.49453125 0.3015625 0.0265625 0.0625
8 0.240625 0.24453125 0.48125 0.4890625
7 0.66875 0.565625 0.175 0.153125
5 0.675 0.74453125 0.275 0.5109375
8 0.240625 0.74453125 0.48125 0.5109375
5 0.4046875 0.53984375 0.153125 0.1015625
7 0.12578125 0.7859375 0.2375 0.39375
0 0.1046875 0.55 0.09375 0.1015625
5 0.23203125 0.74453125 0.4640625 0.5109375
