4 0.903125 0.31640625 0.19375 0.2453125
5 0.8296875 0.21953125 0.340625 0.4390625
2 0.48359375 0.37109375 0.071875 0.0734375
5 0.43203125 0.3796875 0.2609375 0.11875
9 0.95390625 0.6765625 0.0921875 0.159375
9 0.796875 0.62734375 0.109375 0.103125
7 0.8859375 0.6078125 0.146875 0.275
3 0.91328125 0.4609375 0.0390625 0.04375
5 0.87109375 0.71953125 0.2578125 0.5609375
6 0.02890625 0.9609375 0.0578125 0.078125
6 0.1265625 0.6765625 0.0109375 0.0296875
7 0.0125 0.60234375 0.00625 0.009375
7 0.021875 0.59921875 0.0109375 0.0203125
2 0.1203125 0.60859375 0.00625 0.009375
2 0.07109375 0.6 0.00625 0.009375
2 0.02421875 0.5859375 0.0046875 0.0078125
5 0.11796875 0.621875 0.01875 0.0453125
5 0.0703125 0.609375 0.015625 0.0328125
5 0.02265625 0.59453125 0.0125 0.028125
5 0.0125 0.60078125 0.0078125 0.0140625
4 0.1171875 0.6296875 0.0125 0.0234375
4 0.06953125 0.6140625 0.0109375 0.0203125
