8 0.865625 0.209375 0.26875 0.41875
1 0.084375 0.28828125 0.0359375 0.0390625
2 0.03359375 0.26640625 0.0671875 0.0484375
4 0.1640625 0.31796875 0.1234375 0.1265625
4 0.2734375 0.1296875 0.26875 0.184375
2 0.24609375 0.04921875 0.1 0.0453125
5 0.14140625 0.3140625 0.2828125 0.209375
5 0.36953125 0.209375 0.4921875 0.41875
0 0.86015625 0.47421875 0.1578125 0.1109375
3 0.87421875 0.58203125 0.0765625 0.1
3 0.7390625 0.715625 0.015625 0.065625
4 0.8078125 0.85546875 0.153125 0.2890625
4 0.92109375 0.796875 0.1578125 0.40625
5 0.88359375 0.709375 0.2328125 0.58125
5 0.834375 0.78671875 0.20625 0.4265625
0 0.35625 0.53671875 0.065625 0.0828125
7 0.35703125 0.72578125 0.1796875 0.3
5 0.37734375 0.746875 0.2546875 0.50625
