8 0.80546875 0.2046875 0.3890625 0.409375
0 0.22890625 0.15078125 0.034375 0.0359375
0 0.1421875 0.16015625 0.0375 0.0390625
0 0.05 0.16796875 0.0390625 0.0375
0 0.2828125 0.16796875 0.0359375 0.0375
0 0.503125 0.12421875 0.0359375 0.0359375
0 0.44921875 0.1046875 0.0328125 0.0375
0 0.184375 0.19140625 0.0390625 0.0421875
0 0.41640625 0.1453125 0.034375 0.0390625
0 0.3203125 0.1484375 0.0328125 0.0375
0 0.11484375 0.2140625 0.040625 0.0375
0 0.35390625 0.12734375 0.0328125 0.0375
0 0.5625 0.16328125 0.046875 0.0859375
0 0.37578125 0.16484375 0.0359375 0.04375
0 0.0328125 0.21484375 0.046875 0.04375
3 0.04296875 0.25625 0.025 0.0171875
3 0.0578125 0.20234375 0.021875 0.021875
3 0.12421875 0.25 0.0203125 0.0171875
3 0.14765625 0.1953125 0.0265625 0.01875
3 0.190625 0.23203125 0.028125 0.021875
3 0.23359375 0.1875 0.0234375 0.0203125
3 0.2875 0.20859375 0.0296875 0.021875
3 0.325 0.1828125 0.0234375 0.01875
3 0.35546875 0.159375 0.0203125 0.0203125
3 0.3796875 0.20625 0.0265625 0.025
3 0.4234375 0.178125 0.021875 0.0234375
3 0.45234375 0.140625 0.0234375 0.021875
3 0.4734375 0.1984375 0.0234375 0.021875
3 0.5078125 0.1640625 0.025 0.021875
3 0.53828125 0.14921875 0.01875 0.0171875
3 0.56328125 0.1875 0.021875 0.021875
3 0.60234375 0.16484375 0.0171875 0.0203125
0 0.5953125 0.1234375 0.03125 0.0375
0 0.5578125 0.14140625 0.0390625 0.0375
0 0.534375 0.11171875 0.0328125 0.0328125
0 0.46640625 0.15859375 0.0390625 0.0390625
7 0.5953125 0.23203125 0.03125 0.1453125
7 0.56953125 0.265625 0.0828125 0.159375
7 0.53515625 0.18125 0.0296875 0.0421875
7 0.52421875 0.2375 0.0765625 0.146875
7 0.48359375 0.27421875 0.090625 0.1515625
7 0.4625 0.18046875 0.0625 0.0609375
7 0.43046875 0.24921875 0.0734375 0.1234375
7 0.3828125 0.278125 0.1015625 0.146875
7 0.3515625 0.19140625 0.0265625 0.025
7 0.33671875 0.21328125 0.059375 0.0515625
7 0.29921875 0.275 0.0953125 0.134375
7 0.2421875 0.26171875 0.0796875 0.1234375
7 0.14921875 0.24140625 0.0328125 0.03125
7 0.071875 0.25859375 0.0515625 0.0765625
7 0.0484375 0.3359375 0.096875 0.146875
7 0.12265625 0.32890625 0.090625 0.153125
5 0.0734375 0.27734375 0.13125 0.2640625
5 0.0625 0.3 0.125 0.21875
5 0.12890625 0.3015625 0.1203125 0.215625
5 0.16640625 0.27421875 0.0953125 0.2703125
5 0.2 0.2875 0.13125 0.24375
5 0.25390625 0.26875 0.1203125 0.28125
5 0.30390625 0.275 0.1421875 0.26875
5 0.34453125 0.26640625 0.1078125 0.2859375
5 0.353125 0.15625 0.0484375 0.1
5 0.3953125 0.27265625 0.146875 0.2734375
5 0.43828125 0.265625 0.1046875 0.2875
5 0.45703125 0.1453125 0.0734375 0.121875
5 0.4859375 0.2703125 0.1375 0.278125
5 0.53046875 0.2546875 0.1109375 0.309375
5 0.5625 0.24921875 0.096875 0.3203125
5 0.5640625 0.26328125 0.09375 0.2921875
5 0.58046875 0.25703125 0.0609375 0.3046875
8 0.89140625 0.73203125 0.2171875 0.4859375
8 0.71875 0.78671875 0.215625 0.4265625
5 0.95078125 0.76640625 0.015625 0.0265625
5 0.6578125 0.8015625 0.0203125 0.0375
8 0.165625 0.52578125 0.203125 0.2328125
8 0.171875 0.7046875 0.34375 0.590625
