4 0.5796875 0.5875 0.078125 0.0375
5 0.584375 0.58984375 0.090625 0.0421875
5 0.52421875 0.784375 0.1671875 0.43125
5 0.6546875 0.784375 0.34375 0.43125
5 0.78359375 0.784375 0.2984375 0.43125
5 0.98984375 0.60234375 0.0203125 0.0671875
5 0.896875 0.784375 0.20625 0.43125
4 0.93828125 0.62890625 0.0953125 0.1203125
4 0.7875 0.646875 0.140625 0.15625
4 0.67265625 0.64609375 0.1609375 0.1546875
4 0.50234375 0.66015625 0.1234375 0.1828125
5 0.959375 0.784375 0.08125 0.43125
6 0.29375 0.796875 0.0328125 0.0453125
9 0.17578125 0.784375 0.3515625 0.43125
3 0.40546875 0.584375 0.0515625 0.03125
7 0.359375 0.784375 0.1625 0.43125
5 0.3390625 0.784375 0.203125 0.43125
