8 0.15546875 0.209375 0.3109375 0.41875
4 0.8921875 0.77421875 0.215625 0.4515625
5 0.8265625 0.709375 0.346875 0.58125
0 0.0421875 0.69375 0.078125 0.0515625
0 0.29609375 0.6796875 0.0921875 0.05625
0 0.00703125 0.69375 0.0140625 0.021875
3 0.0609375 0.734375 0.0390625 0.0234375
3 0.3 0.7203125 0.0390625 0.0234375
7 0.31875 0.803125 0.1359375 0.171875
7 0.0578125 0.83125 0.115625 0.1875
4 0.01015625 0.75234375 0.0203125 0.0703125
5 0.0078125 0.721875 0.015625 0.078125
5 0.06875 0.83125 0.1375 0.3375
5 0.3359375 0.8234375 0.190625 0.353125
