1 0.67890625 0.4296875 0.5234375 0.2
2 0.765625 0.25390625 0.4609375 0.1859375
5 0.6203125 0.334375 0.759375 0.390625
1 0.00625 0.15859375 0.0125 0.0578125
1 0.21875 0.434375 0.04375 0.059375
1 0.175 0.20625 0.06875 0.071875
1 0.07265625 0.21875 0.0796875 0.0828125
2 0.00703125 0.08515625 0.0140625 0.0546875
2 0.0640625 0.128125 0.08125 0.065625
2 0.1640625 0.121875 0.08125 0.0625
2 0.20625 0.34140625 0.06875 0.0953125
4 0.15234375 0.05625 0.1453125 0.1125
4 0.025 0.2515625 0.05 0.15
4 0.02265625 0.4265625 0.0453125 0.20625
4 0.10390625 0.3890625 0.2078125 0.28125
4 0.2046875 0.28203125 0.071875 0.1265625
5 0.140625 0.1015625 0.2 0.203125
5 0.1640625 0.25234375 0.153125 0.3328125
5 0.15625 0.40625 0.16875 0.246875
5 0.0484375 0.346875 0.096875 0.365625
5 0.1203125 0.30546875 0.240625 0.4484375
5 0.03359375 0.19296875 0.0671875 0.2890625
5 0.034375 0.04609375 0.06875 0.0921875
5 0.03203125 0.1046875 0.0640625 0.209375
2 0.54765625 0.64765625 0.3703125 0.2359375
5 0.6203125 0.76484375 0.759375 0.4703125
5 0.1203125 0.78828125 0.240625 0.4234375
