8 0.6953125 0.27734375 0.609375 0.5546875
7 0.934375 0.14609375 0.13125 0.2921875
5 0.853125 0.28671875 0.29375 0.5734375
0 0.27890625 0.03515625 0.1359375 0.0703125
3 0.26171875 0.1390625 0.0859375 0.071875
3 0.0234375 0.11953125 0.046875 0.0828125
4 0.0578125 0.38984375 0.115625 0.3796875
4 0.2390625 0.353125 0.1859375 0.3453125
5 0.2453125 0.28984375 0.290625 0.5796875
5 0.0796875 0.28984375 0.159375 0.5796875
2 0.81015625 0.72265625 0.3796875 0.2859375
5 0.6953125 0.78984375 0.609375 0.4203125
4 0.29375 0.6796875 0.19375 0.078125
4 0.2484375 0.9265625 0.196875 0.146875
0 0.2703125 0.8171875 0.1109375 0.046875
5 0.28359375 0.7375 0.2140625 0.196875
5 0.265625 0.89609375 0.25 0.2078125
