4 0.8453125 0.43125 0.309375 0.2375
5 0.8453125 0.275 0.309375 0.55
3 0.784375 0.234375 0.1875 0.371875
1 0.10703125 0.075 0.2140625 0.15
1 0.6625 0.16015625 0.05625 0.2078125
4 0.596875 0.41953125 0.1875 0.2609375
4 0.16953125 0.35390625 0.3390625 0.3921875
5 0.553125 0.275 0.275 0.55
5 0.296875 0.275 0.59375 0.55
3 0.78515625 0.5890625 0.0421875 0.0703125
7 0.78828125 0.790625 0.1671875 0.33125
5 0.803125 0.775 0.225 0.45
8 0.3453125 0.80703125 0.690625 0.3859375
0 0.4828125 0.74453125 0.03125 0.028125
7 0.47734375 0.803125 0.075 0.05625
5 0.465625 0.7890625 0.1109375 0.125
