3 0.7296875 0.57578125 0.06875 0.153125
7 0.63125 0.66640625 0.1 0.3046875
0 0.76015625 0.3390625 0.228125 0.41875
5 0.72890625 0.4703125 0.2953125 0.696875
1 0.196875 0.32734375 0.2546875 0.1859375
4 0.2234375 0.64453125 0.39375 0.3484375
2 0.2015625 0.10859375 0.26875 0.140625
5 0.25390625 0.42578125 0.5078125 0.7859375
5 0.496875 0.409375 0.16875 0.81875
6 0.64140625 0.978125 0.0640625 0.04375
6 0.6515625 0.896875 0.0875 0.15625
6 0.06015625 0.97265625 0.0453125 0.0546875
6 0.171875 0.98125 0.025 0.0375
6 0.28828125 0.98515625 0.0171875 0.0296875
6 0.41875 0.9921875 0.0125 0.015625
