7 0.65625 0.08515625 0.2125 0.1703125
7 0.87734375 0.10078125 0.2453125 0.2015625
5 0.67109375 0.25 0.2421875 0.5
5 0.85078125 0.25 0.2984375 0.5
6 0.08515625 0.33125 0.1015625 0.15625
6 0.22265625 0.1484375 0.128125 0.20625
6 0.3484375 0.0703125 0.175 0.140625
6 0.02890625 0.4046875 0.0578125 0.121875
1 0.61015625 0.75625 0.1203125 0.221875
2 0.64921875 0.571875 0.1984375 0.14375
5 0.9359375 0.7875 0.128125 0.425
5 0.775 0.75 0.45 0.5
4 0.17109375 0.55859375 0.3421875 0.1171875
5 0.2515625 0.7328125 0.503125 0.465625
