8 0.85 0.26484375 0.3 0.5296875
0 0.03828125 0.06484375 0.021875 0.0203125
0 0.10234375 0.059375 0.0109375 0.015625
0 0.08515625 0.04453125 0.025 0.0296875
0 0.08984375 0.0734375 0.04375 0.0375
0 0.1796875 0.06171875 0.0234375 0.025
0 0.23203125 0.06953125 0.0453125 0.0421875
0 0.278125 0.078125 0.015625 0.01875
0 0.29140625 0.0796875 0.0171875 0.01875
0 0.32421875 0.071875 0.03125 0.0296875
0 0.3671875 0.0453125 0.0234375 0.0234375
0 0.409375 0.01953125 0.0375 0.0390625
0 0.396875 0.07578125 0.0671875 0.071875
0 0.459375 0.10078125 0.0203125 0.0234375
0 0.48203125 0.090625 0.0125 0.009375
7 0.47890625 0.1140625 0.0140625 0.028125
0 0.4984375 0.0890625 0.025 0.025
0 0.54140625 0.06953125 0.0296875 0.028125
0 0.60234375 0.08515625 0.0234375 0.025
0 0.646875 0.09453125 0.0203125 0.0234375
0 0.69140625 0.08828125 0.0171875 0.0296875
7 0.6828125 0.17421875 0.034375 0.1140625
7 0.64453125 0.17578125 0.0609375 0.09375
7 0.60078125 0.171875 0.034375 0.10625
7 0.54296875 0.16328125 0.059375 0.1125
7 0.50078125 0.1625 0.0484375 0.096875
7 0.46484375 0.16484375 0.0359375 0.0828125
7 0.359375 0.12109375 0.0359375 0.08125
7 0.290625 0.14375 0.0390625 0.0734375
7 0.27578125 0.13671875 0.009375 0.05625
7 0.20390625 0.140625 0.0171875 0.0234375
7 0.1765625 0.1390625 0.0625 0.09375
7 0.11484375 0.1328125 0.021875 0.090625
7 0.0828125 0.125 0.0578125 0.06875
7 0.040625 0.13046875 0.040625 0.0828125
7 0.08046875 0.18203125 0.078125 0.1484375
7 0.23125 0.19140625 0.0859375 0.1625
7 0.32734375 0.15703125 0.0703125 0.10625
7 0.42734375 0.13359375 0.05 0.134375
7 0.38359375 0.27265625 0.096875 0.25
3 0.03828125 0.090625 0.0125 0.0125
3 0.09453125 0.11015625 0.0203125 0.01875
3 0.17890625 0.08984375 0.0140625 0.0140625
3 0.21953125 0.11328125 0.0078125 0.0203125
3 0.278125 0.0984375 0.0078125 0.0109375
3 0.29140625 0.1 0.0109375 0.009375
3 0.321875 0.10234375 0.0171875 0.015625
0 0.31171875 0.0953125 0.00625 0.0171875
3 0.365625 0.07109375 0.0140625 0.0125
3 0.37109375 0.128125 0.00625 0.028125
3 0.4578125 0.12265625 0.009375 0.0109375
3 0.49765625 0.11640625 0.0140625 0.0125
3 0.5390625 0.1 0.01875 0.0140625
1 0.6046875 0.109375 0.0078125 0.0203125
3 0.64609375 0.1203125 0.015625 0.0140625
3 0.69375 0.1203125 0.0125 0.01875
5 0.6875 0.23515625 0.025 0.3171875
5 0.68203125 0.225 0.0359375 0.30625
5 0.64140625 0.2140625 0.0671875 0.265625
5 0.61171875 0.21328125 0.0765625 0.2828125
5 0.5375 0.2078125 0.0703125 0.309375
5 0.48203125 0.10625 0.0171875 0.0421875
5 0.49609375 0.2015625 0.0578125 0.2515625
5 0.46171875 0.19453125 0.0421875 0.2140625
5 0.41953125 0.228125 0.0796875 0.45625
5 0.359375 0.109375 0.040625 0.1546875
5 0.32421875 0.21875 0.0859375 0.3296875
5 0.2890625 0.1703125 0.0453125 0.2015625
5 0.28046875 0.159375 0.0296875 0.1828125
5 0.22890625 0.26171875 0.0984375 0.43125
5 0.17109375 0.18125 0.0703125 0.26875
5 0.11328125 0.14453125 0.0421875 0.1875
5 0.08984375 0.1015625 0.075 0.1515625
5 0.0375 0.14609375 0.0515625 0.1890625
5 0.0703125 0.25 0.140625 0.4
5 0.38359375 0.28203125 0.1078125 0.4953125
4 0.87265625 0.5734375 0.2546875 0.0875
5 0.8671875 0.709375 0.265625 0.359375
