8 0.95390625 0.09921875 0.0921875 0.1984375
0 0.3265625 0.22109375 0.0140625 0.01875
7 0.32265625 0.25234375 0.0203125 0.0421875
7 0.59609375 0.27734375 0.0265625 0.040625
7 0.6140625 0.09921875 0.0234375 0.0390625
0 0.60078125 0.2375 0.0125 0.015625
0 0.615625 0.06328125 0.015625 0.0203125
5 0.6125 0.11953125 0.0375 0.1390625
5 0.5953125 0.2984375 0.0375 0.1421875
5 0.31796875 0.2796875 0.0421875 0.1390625
8 0.3796875 0.3796875 0.58125 0.759375
7 0.94296875 0.8796875 0.1140625 0.240625
5 0.83515625 0.8796875 0.3296875 0.240625
1 0.36015625 0.9765625 0.4796875 0.046875
2 0.09140625 0.9765625 0.1828125 0.046875
5 0.33515625 0.9671875 0.6703125 0.065625
