8 0.93984375 0.175 0.1203125 0.209375
6 0.96328125 0.04765625 0.009375 0.0203125
7 0.90859375 0.08359375 0.0125 0.0234375
0 0.90703125 0.0671875 0.00625 0.00625
5 0.9109375 0.0875 0.0203125 0.0484375
0 0.571875 0.09375 0.0078125 0.00625
0 0.56640625 0.09921875 0.00625 0.009375
7 0.575 0.10625 0.009375 0.0140625
7 0.56953125 0.11328125 0.0125 0.021875
5 0.56875 0.1140625 0.0171875 0.040625
5 0.57890625 0.11171875 0.0203125 0.046875
7 0.225 0.103125 0.45 0.20625
5 0.225 0.10859375 0.45 0.2171875
5 0.725 0.63984375 0.55 0.7203125
4 0.79140625 0.84921875 0.4171875 0.3015625
1 0.73984375 0.67421875 0.221875 0.259375
2 0.675 0.36640625 0.234375 0.1734375
9 0.07421875 0.47734375 0.1484375 0.3203125
2 0.1453125 0.37578125 0.225 0.1921875
2 0.33125 0.4046875 0.2375 0.25
3 0.21328125 0.496875 0.1140625 0.121875
3 0.41328125 0.65234375 0.0734375 0.1953125
4 0.253125 0.32734375 0.1 0.0953125
4 0.053125 0.365625 0.096875 0.1546875
4 0.2703125 0.72890625 0.3515625 0.5125
5 0.06171875 0.67421875 0.1234375 0.6515625
5 0.33359375 0.63984375 0.2328125 0.7203125
5 0.25234375 0.346875 0.1234375 0.134375
5 0.084375 0.4640625 0.16875 0.36875
5 0.24296875 0.63984375 0.4140625 0.7203125
