3 0.50390625 0.10546875 0.009375 0.009375
0 0.50390625 0.08515625 0.01875 0.021875
4 0.51640625 0.12109375 0.0296875 0.040625
4 0.4390625 0.15390625 0.021875 0.0625
5 0.4328125 0.15234375 0.046875 0.125
5 0.50859375 0.14453125 0.0578125 0.140625
8 0.10546875 0.1875 0.2109375 0.375
8 0.10546875 0.23359375 0.2109375 0.4671875
0 0.66796875 0.70390625 0.2046875 0.2703125
7 0.35703125 0.83046875 0.2921875 0.3390625
3 0.56875 0.75703125 0.10625 0.15625
5 0.49375 0.784375 0.565625 0.43125
0 0.1703125 0.64140625 0.08125 0.1453125
5 0.10546875 0.76171875 0.2109375 0.3859375
