8 0.72109375 0.33671875 0.203125 0.1765625
9 0.86796875 0.13046875 0.0265625 0.0328125
9 0.8921875 0.1265625 0.0265625 0.0296875
9 0.91640625 0.11953125 0.0265625 0.034375
9 0.9390625 0.11328125 0.028125 0.03125
9 0.9734375 0.10546875 0.0296875 0.03125
9 0.9921875 0.1 0.015625 0.03125
6 0.68828125 0.19296875 0.0125 0.0078125
8 0.98125 0.41640625 0.0375 0.2046875
8 0.87421875 0.259375 0.2515625 0.51875
1 0.30703125 0.08671875 0.2078125 0.1734375
5 0.25546875 0.259375 0.5109375 0.51875
4 0.29765625 0.328125 0.3953125 0.38125
4 0.56484375 0.60234375 0.1078125 0.1390625
3 0.52109375 0.5328125 0.0203125 0.028125
5 0.63046875 0.73984375 0.2390625 0.4421875
5 0.1140625 0.5796875 0.09375 0.121875
