9 0.8046875 0.1515625 0.165625 0.303125
2 0.89375 0.07265625 0.2125 0.1453125
2 0.546875 0.10625 0.053125 0.11875
3 0.95078125 0.17265625 0.0984375 0.1171875
4 0.9765625 0.02890625 0.046875 0.0578125
4 0.80390625 0.0578125 0.0890625 0.115625
4 0.9203125 0.3265625 0.159375 0.346875
4 0.6546875 0.36640625 0.26875 0.2671875
3 0.55859375 0.23046875 0.0765625 0.0734375
5 0.68046875 0.2609375 0.3203125 0.478125
5 0.96875 0.046875 0.0625 0.09375
5 0.81796875 0.15859375 0.1796875 0.3171875
5 0.8953125 0.25 0.209375 0.5
5 0.17734375 0.09375 0.3546875 0.1875
5 0.69140625 0.75 0.3421875 0.5
7 0.4125 0.60703125 0.215625 0.2140625
5 0.34453125 0.75 0.3515625 0.5
