0 0.603125 0.04765625 0.175 0.0953125
7 0.9296875 0.2796875 0.140625 0.240625
7 0.80859375 0.2 0.3703125 0.4
7 0.5609375 0.31015625 0.3 0.1796875
3 0.56640625 0.19140625 0.090625 0.0953125
5 0.85625 0.2 0.2875 0.4
5 0.77109375 0.2 0.4578125 0.4
5 0.58125 0.2 0.340625 0.4
5 0.4859375 0.2 0.15 0.4
7 0.10546875 0.29453125 0.2109375 0.2109375
0 0.08671875 0.22890625 0.1125 0.190625
5 0.12421875 0.25859375 0.2484375 0.2828125
4 0.48984375 0.53125 0.1578125 0.2625
7 0.76328125 0.58359375 0.2796875 0.3671875
4 0.95625 0.621875 0.0875 0.44375
5 0.87421875 0.7 0.2515625 0.6
5 0.72578125 0.7 0.4734375 0.6
5 0.54375 0.7 0.265625 0.6
8 0.20546875 0.7 0.4109375 0.6
