7 0.83125 0.3203125 0.015625 0.028125
0 0.834375 0.2984375 0.00625 0.009375
5 0.83203125 0.33515625 0.0234375 0.08125
8 0.68984375 0.4015625 0.1390625 0.25625
5 0.74921875 0.51171875 0.0453125 0.0359375
8 0.81015625 0.26484375 0.3796875 0.5296875
8 0.21328125 0.26484375 0.4265625 0.5296875
8 0.42578125 0.2203125 0.2890625 0.440625
7 0.37890625 0.265625 0.0265625 0.0390625
5 0.37734375 0.26484375 0.03125 0.046875
2 0.7015625 0.65859375 0.1625 0.2328125
5 0.81015625 0.76640625 0.3796875 0.4671875
8 0.2515625 0.8703125 0.21875 0.259375
8 0.075 0.85234375 0.15 0.2953125
9 0.4 0.978125 0.103125 0.04375
2 0.46640625 0.97421875 0.009375 0.0109375
5 0.4640625 0.984375 0.021875 0.03125
6 0.4859375 0.9890625 0.015625 0.021875
6 0.41171875 0.9859375 0.0140625 0.028125
8 0.54140625 0.946875 0.1578125 0.10625
