7 0.81171875 0.19140625 0.3765625 0.3828125
5 0.675 0.24453125 0.65 0.4890625
8 0.175 0.13046875 0.35 0.2609375
0 0.3359375 0.32109375 0.028125 0.0265625
3 0.3375 0.34296875 0.025 0.0109375
7 0.32421875 0.3953125 0.0515625 0.084375
5 0.28671875 0.396875 0.1265625 0.184375
7 0.73125 0.84765625 0.29375 0.3046875
5 0.759375 0.74453125 0.375 0.5109375
0 0.7203125 0.54453125 0.171875 0.1109375
3 0.73359375 0.67265625 0.0828125 0.1359375
5 0.246875 0.74453125 0.20625 0.5109375
5 0.0765625 0.74453125 0.153125 0.5109375
3 0.096875 0.57734375 0.03125 0.0625
3 0.2453125 0.61171875 0.05 0.0484375
2 0.2421875 0.51640625 0.075 0.0546875
2 0.0578125 0.50078125 0.084375 0.0234375
4 0.059375 0.8 0.11875 0.4
4 0.25703125 0.8140625 0.1578125 0.371875
