8 0.72421875 0.146875 0.4984375 0.29375
5 0.63671875 0.08984375 0.015625 0.0265625
8 0.215625 0.16953125 0.43125 0.3390625
7 0.26796875 0.196875 0.3265625 0.284375
7 0.28046875 0.24296875 0.3015625 0.1921875
3 0.20078125 0.04609375 0.0921875 0.0546875
2 0.21875 0.0078125 0.13125 0.015625
7 0.35390625 0.1265625 0.1296875 0.1265625
2 0.334375 0.04765625 0.0546875 0.0265625
5 0.3609375 0.10703125 0.140625 0.1734375
5 0.23046875 0.16953125 0.4015625 0.3390625
0 0.8296875 0.44609375 0.0671875 0.0765625
4 0.865625 0.6046875 0.1046875 0.1984375
5 0.878125 0.7015625 0.1625 0.596875
5 0.08359375 0.415625 0.1671875 0.153125
