1 0.70390625 0.1546875 0.2265625 0.309375
4 0.7953125 0.2578125 0.409375 0.103125
5 0.7953125 0.1546875 0.409375 0.309375
8 0.05078125 0.86953125 0.034375 0.0625
0 0.46015625 0.96640625 0.0046875 0.003125
7 0.4609375 0.97421875 0.0046875 0.009375
5 0.46015625 0.978125 0.00625 0.028125
5 0.02890625 0.9578125 0.009375 0.025
0 0.09453125 0.921875 0.0046875 0.003125
5 0.09453125 0.92890625 0.009375 0.01875
6 0.00234375 0.9390625 0.0046875 0.0125
7 0.00234375 0.90234375 0.0046875 0.0078125
5 0.003125 0.90703125 0.00625 0.0203125
8 0.5125 0.84765625 0.0140625 0.0140625
7 0.35703125 0.9703125 0.0078125 0.0109375
5 0.35703125 0.978125 0.0109375 0.0375
7 0.29453125 0.9875 0.00625 0.0125
5 0.29453125 0.9890625 0.0109375 0.021875
9 0.00859375 0.86328125 0.0171875 0.0203125
9 0.025 0.88203125 0.0265625 0.0234375
7 0.221875 0.9890625 0.0046875 0.009375
5 0.22109375 0.990625 0.00625 0.01875
