1 0.75 0.36484375 0.5 0.3140625
2 0.76484375 0.09765625 0.4703125 0.1953125
4 0.75 0.559375 0.5 0.31875
5 0.75 0.359375 0.5 0.71875
1 0.36015625 0.39921875 0.2796875 0.4109375
2 0.38515625 0.0859375 0.2296875 0.171875
4 0.275 0.5875 0.45 0.2625
5 0.25 0.359375 0.5 0.71875
8 0.75 0.859375 0.5 0.28125
0 0.6078125 0.86953125 0.0109375 0.0140625
7 0.61328125 0.88828125 0.0203125 0.021875
5 0.6125 0.88046875 0.0265625 0.0359375
9 0.83984375 0.9546875 0.3203125 0.090625
9 0.890625 0.859375 0.21875 0.28125
3 0.49375 0.76640625 0.0125 0.0359375
0 0.20625 0.95625 0.08125 0.0875
7 0.10859375 0.93515625 0.1703125 0.1296875
7 0.47421875 0.875 0.0515625 0.25
5 0.1234375 0.93203125 0.246875 0.1359375
