6 0.61015625 0.0125 0.00625 0.0234375
6 0.68828125 0.0140625 0.0078125 0.0234375
6 0.7640625 0.01796875 0.0078125 0.025
6 0.81796875 0.025 0.0078125 0.025
6 0.83046875 0.07734375 0.015625 0.0484375
6 0.86796875 0.034375 0.009375 0.0296875
6 0.89375 0.06171875 0.0125 0.0390625
6 0.8984375 0.04609375 0.009375 0.0359375
6 0.69765625 0.0875 0.0171875 0.05625
6 0.75859375 0.13828125 0.0296875 0.08125
6 0.9796875 0.1078125 0.021875 0.065625
6 0.9515625 0.034375 0.009375 0.03125
6 0.875 0.021875 0.0078125 0.0234375
6 0.8015625 0.01328125 0.00625 0.021875
6 0.7046875 0.00859375 0.00625 0.0171875
6 0.60234375 0.0078125 0.0078125 0.015625
8 0.78046875 0.74453125 0.4390625 0.5109375
2 0.8953125 0.73125 0.0390625 0.0265625
2 0.846875 0.9890625 0.05625 0.021875
3 0.9015625 0.75703125 0.0203125 0.015625
4 0.89453125 0.821875 0.0484375 0.0984375
5 0.9140625 0.8546875 0.15625 0.290625
1 0.1359375 0.521875 0.103125 0.065625
0 0.35625 0.61875 0.175 0.259375
7 0.3515625 0.69921875 0.41875 0.2890625
7 0.08984375 0.71171875 0.1796875 0.4453125
5 0.14765625 0.7109375 0.2953125 0.44375
5 0.34609375 0.6953125 0.4296875 0.4125
1 0.37421875 0.75390625 0.0671875 0.0515625
