5 0.5546875 0.5484375 0.028125 0.090625
8 0.66015625 0.39140625 0.2078125 0.328125
8 0.759375 0.34453125 0.4375 0.6890625
9 0.7765625 0.16484375 0.0234375 0.0609375
9 0.74765625 0.17578125 0.0546875 0.0765625
8 0.91015625 0.0625 0.034375 0.0515625
9 0.84765625 0.034375 0.0109375 0.0125
9 0.8625 0.05546875 0.015625 0.0203125
9 0.85078125 0.0640625 0.015625 0.021875
8 0.36875 0.33046875 0.03125 0.034375
9 0.39765625 0.33828125 0.034375 0.03125
9 0.00234375 0.3453125 0.0046875 0.015625
3 0.3484375 0.3984375 0.009375 0.0109375
0 0.34453125 0.3796875 0.021875 0.0328125
5 0.3671875 0.46953125 0.06875 0.21875
4 0.478125 0.3453125 0.03125 0.05625
0 0.4734375 0.30390625 0.0171875 0.021875
5 0.4859375 0.38515625 0.065625 0.190625
8 0.61796875 0.95 0.1546875 0.1
9 0.7171875 0.72265625 0.034375 0.034375
8 0.775 0.84453125 0.45 0.3109375
5 0.18125 0.7984375 0.3625 0.21875
