5 0.8125 0.15234375 0.25625 0.3046875
0 0.61875 0.11875 0.025 0.040625
0 0.565625 0.275 0.0234375 0.034375
0 0.6484375 0.2375 0.025 0.040625
7 0.5703125 0.28828125 0.0375 0.0578125
7 0.6375 0.253125 0.046875 0.08125
7 0.62109375 0.14296875 0.0484375 0.0765625
5 0.61875 0.178125 0.0765625 0.1609375
5 0.62265625 0.2765625 0.0765625 0.128125
5 0.56640625 0.30859375 0.0640625 0.1015625
8 0.83046875 0.68515625 0.3390625 0.6109375
0 0.7265625 0.54765625 0.034375 0.03125
3 0.7296875 0.578125 0.01875 0.021875
7 0.7140625 0.603125 0.0640625 0.0859375
5 0.73359375 0.64140625 0.1125 0.2265625
5 0.33046875 0.68984375 0.6609375 0.6203125
