5 0.80625 0.375 0.35625 0.109375
7 0.37734375 0.21953125 0.084375 0.14375
1 0.384375 0.140625 0.025 0.0375
1 0.7859375 0.00546875 0.025 0.0109375
1 0.68984375 0.08828125 0.0359375 0.034375
1 0.471875 0.01796875 0.0375 0.0328125
2 0.684375 0.03125 0.0875 0.0625
4 0.471875 0.0875 0.0921875 0.1328125
4 0.63359375 0.03828125 0.0796875 0.0765625
4 0.7453125 0.175 0.1140625 0.1875
4 0.81875 0.0640625 0.075 0.128125
4 0.87578125 0.0140625 0.0640625 0.028125
4 0.92734375 0.021875 0.0671875 0.04375
5 0.9265625 0.1515625 0.146875 0.303125
5 0.884375 0.1375 0.140625 0.275
5 0.8390625 0.16953125 0.159375 0.3390625
5 0.71875 0.1828125 0.221875 0.365625
5 0.6265625 0.065625 0.159375 0.13125
5 0.46484375 0.10546875 0.1703125 0.2109375
5 0.378125 0.2484375 0.134375 0.346875
0 0.365625 0.09609375 0.046875 0.0546875
8 0.15546875 0.21484375 0.3109375 0.4296875
2 0.15703125 0.30546875 0.0125 0.0140625
3 0.15625 0.3234375 0.00625 0.0109375
4 0.1640625 0.3421875 0.0203125 0.0390625
5 0.15625 0.34453125 0.0484375 0.0953125
5 0.421875 0.71484375 0.221875 0.5703125
7 0.3703125 0.63671875 0.11875 0.2578125
3 0.3265625 0.51328125 0.03125 0.0328125
0 0.3328125 0.4640625 0.04375 0.06875
