4 0.8015625 0.35234375 0.21875 0.2109375
4 0.61328125 0.03125 0.1765625 0.0625
3 0.721875 0.234375 0.025 0.0265625
0 0.76796875 0.1921875 0.14375 0.06875
5 0.59375 0.12890625 0.334375 0.2578125
5 0.73828125 0.38046875 0.4140625 0.4765625
7 0.0546875 0.09453125 0.109375 0.1890625
5 0.08671875 0.309375 0.1734375 0.61875
0 0.62890625 0.7390625 0.3984375 0.240625
3 0.55234375 0.946875 0.1546875 0.10625
5 0.671875 0.809375 0.603125 0.38125
2 0.18046875 0.65234375 0.1140625 0.0671875
3 0.18984375 0.68515625 0.0671875 0.08125
7 0.2078125 0.81953125 0.1609375 0.3109375
5 0.1875 0.809375 0.365625 0.38125
