7 0.99296875 0.31640625 0.0140625 0.0484375
5 0.98046875 0.34296875 0.0390625 0.1734375
8 0.73046875 0.21484375 0.5390625 0.4296875
8 0.396875 0.1109375 0.128125 0.221875
8 0.0484375 0.23984375 0.096875 0.2421875
8 0.65078125 0.57890625 0.3796875 0.2984375
8 0.68984375 0.50859375 0.1171875 0.1578125
8 0.47578125 0.49140625 0.0296875 0.1234375
0 0.41484375 0.52890625 0.078125 0.065625
3 0.39296875 0.56640625 0.0328125 0.028125
4 0.3734375 0.6390625 0.1234375 0.14375
4 0.10390625 0.484375 0.2078125 0.109375
5 0.1734375 0.61171875 0.346875 0.3640625
5 0.3671875 0.6921875 0.1875 0.409375
