6 0.5453125 0.19296875 0.0671875 0.1203125
6 0.68828125 0.16796875 0.046875 0.0921875
6 0.8265625 0.15234375 0.0328125 0.06875
6 0.928125 0.12890625 0.0203125 0.046875
6 0.94921875 0.1109375 0.01875 0.0390625
6 0.97734375 0.1 0.015625 0.0359375
6 0.99765625 0.09296875 0.0046875 0.0265625
6 0.9890625 0.08359375 0.0125 0.025
6 0.49453125 0.06875 0.0078125 0.040625
6 0.53671875 0.06640625 0.01875 0.0375
6 0.53359375 0.04921875 0.0171875 0.0359375
6 0.4953125 0.0375 0.009375 0.034375
6 0.64140625 0.0296875 0.0078125 0.01875
6 0.5953125 0.021875 0.0078125 0.0171875
6 0.71875 0.04140625 0.0109375 0.021875
6 0.80625 0.05546875 0.0125 0.0234375
6 0.87734375 0.06640625 0.0078125 0.01875
6 0.8875 0.13828125 0.0234375 0.05625
6 0.928125 0.0734375 0.0109375 0.0234375
6 0.9984375 0.0703125 0.003125 0.021875
6 0.94375 0.06640625 0.0109375 0.021875
6 0.84375 0.0515625 0.0109375 0.021875
6 0.76328125 0.0421875 0.009375 0.01875
6 0.703125 0.034375 0.009375 0.01875
6 0.6359375 0.0234375 0.009375 0.0171875
6 0.58359375 0.01640625 0.0078125 0.0203125
6 0.878125 0.1234375 0.0328125 0.0875
6 0.89453125 0.125 0.028125 0.084375
9 0.7453125 0.2390625 0.509375 0.221875
8 0.23984375 0.175 0.4796875 0.35
9 0.2453125 0.1546875 0.490625 0.309375
1 0.94765625 0.70859375 0.1046875 0.2421875
2 0.9 0.45078125 0.2 0.2015625
4 0.83203125 0.9015625 0.3359375 0.196875
5 0.77734375 0.675 0.4453125 0.65
1 0.2484375 0.68046875 0.484375 0.3578125
2 0.28671875 0.44296875 0.4078125 0.1859375
4 0.2453125 0.8796875 0.490625 0.240625
5 0.2453125 0.675 0.490625 0.65
