8 0.340625 0.125 0.24375 0.25
0 0.96015625 0.43515625 0.0796875 0.2796875
7 0.6796875 0.59609375 0.378125 0.3890625
3 0.928125 0.4953125 0.1078125 0.153125
7 0.69765625 0.9640625 0.3890625 0.071875
5 0.7453125 0.53671875 0.509375 0.5140625
5 0.7 0.92890625 0.41875 0.1421875
0 0.171875 0.33046875 0.146875 0.1015625
2 0.0375 0.29921875 0.075 0.0390625
3 0.040625 0.3953125 0.0390625 0.0546875
3 0.4671875 0.37265625 0.0234375 0.05
4 0.44296875 0.69609375 0.0953125 0.6078125
4 0.159375 0.75859375 0.240625 0.4828125
4 0.0453125 0.50859375 0.0265625 0.1078125
5 0.0296875 0.45 0.059375 0.253125
5 0.04140625 0.63984375 0.0828125 0.7203125
0 0.1734375 0.63984375 0.346875 0.7203125
0 0.40546875 0.63984375 0.1703125 0.7203125
9 0.2453125 0.63984375 0.490625 0.7203125
