2 0.846875 0.04921875 0.053125 0.0703125
9 0.91015625 0.2765625 0.1796875 0.553125
4 0.8953125 0.33671875 0.15 0.3328125
5 0.91015625 0.315625 0.1796875 0.628125
7 0.61796875 0.3609375 0.0171875 0.03125
0 0.621875 0.3375 0.00625 0.009375
5 0.61796875 0.3765625 0.0296875 0.090625
5 0.2453125 0.1796875 0.009375 0.0265625
8 0.25234375 0.18359375 0.075 0.1125
9 0.28046875 0.21484375 0.028125 0.040625
9 0.31796875 0.24140625 0.05625 0.0796875
7 0.25625 0.22265625 0.009375 0.0203125
5 0.2546875 0.23203125 0.0140625 0.05625
8 0.43515625 0.46640625 0.2078125 0.3265625
5 0.51875 0.590625 0.053125 0.078125
8 0.51328125 0.31484375 0.6140625 0.6296875
8 0.13125 0.10859375 0.025 0.04375
9 0.20078125 0.0921875 0.0109375 0.0171875
9 0.18125 0.0796875 0.00625 0.009375
9 0.17890625 0.09296875 0.0125 0.0171875
9 0.178125 0.11015625 0.0171875 0.0203125
9 0.18828125 0.11796875 0.0171875 0.025
9 0.1984375 0.1328125 0.01875 0.025
9 0.215625 0.1265625 0.0171875 0.0203125
9 0.93125 0.915625 0.1375 0.15625
7 0.56953125 0.8484375 0.0171875 0.03125
0 0.5734375 0.825 0.00625 0.009375
5 0.56953125 0.8640625 0.0296875 0.090625
5 0.196875 0.6671875 0.009375 0.0265625
8 0.2046875 0.678125 0.075 0.096875
9 0.23203125 0.70234375 0.028125 0.040625
9 0.26953125 0.72890625 0.05625 0.0796875
7 0.2078125 0.71015625 0.009375 0.0203125
5 0.20625 0.71953125 0.0140625 0.05625
8 0.38671875 0.8953125 0.2078125 0.209375
8 0.4890625 0.81484375 0.6625 0.3703125
