1 0.46484375 0.1390625 0.0671875 0.21875
8 0.8515625 0.2265625 0.296875 0.453125
0 0.4921875 0.0609375 0.121875 0.121875
0 0.6703125 0.275 0.196875 0.303125
7 0.6828125 0.3734375 0.4515625 0.315625
5 0.53359375 0.3046875 0.2046875 0.609375
5 0.68515625 0.3421875 0.503125 0.4921875
1 0.70234375 0.42578125 0.071875 0.05625
0 0.3015625 0.06328125 0.1125 0.1265625
3 0.346875 0.1 0.028125 0.05
4 0.3984375 0.1546875 0.065625 0.309375
5 0.34921875 0.3046875 0.1640625 0.609375
1 0.64296875 0.85234375 0.159375 0.1203125
2 0.62890625 0.69140625 0.2203125 0.1640625
4 0.6734375 0.92109375 0.38125 0.1578125
5 0.715625 0.8046875 0.56875 0.390625
8 0.18046875 0.8046875 0.3609375 0.390625
8 0.2828125 0.871875 0.296875 0.25625
