8 0.56328125 0.06875 0.3640625 0.1375
8 0.190625 0.2546875 0.38125 0.509375
6 0.88359375 0.59375 0.021875 0.0484375
6 0.78125 0.58125 0.0125 0.0390625
6 0.74140625 0.57890625 0.009375 0.03125
6 0.71484375 0.5765625 0.009375 0.03125
6 0.49921875 0.9140625 0.1171875 0.171875
6 0.675 0.69453125 0.0421875 0.0921875
6 0.60625 0.64453125 0.0234375 0.0578125
6 0.57578125 0.62421875 0.0171875 0.0484375
6 0.5546875 0.625 0.0125 0.0390625
6 0.54296875 0.60546875 0.0140625 0.028125
6 0.54921875 0.59375 0.0125 0.0296875
6 0.6953125 0.575 0.009375 0.025
6 0.6609375 0.5796875 0.0078125 0.0234375
6 0.940625 0.54765625 0.009375 0.0265625
6 0.88046875 0.54921875 0.0140625 0.034375
9 0.690625 0.7546875 0.61875 0.490625
0 0.02109375 0.778125 0.0421875 0.265625
5 0.1296875 0.7546875 0.259375 0.490625
