9 0.66015625 0.390625 0.090625 0.1390625
9 0.81484375 0.35859375 0.09375 0.0875
7 0.734375 0.334375 0.1125 0.2453125
3 0.7203125 0.196875 0.03125 0.0421875
0 0.709375 0.134375 0.0421875 0.0546875
5 0.73046875 0.234375 0.1953125 0.46875
8 0.28515625 0.234375 0.5703125 0.46875
8 0.47109375 0.12265625 0.1984375 0.2453125
3 0.8203125 0.4890625 0.14375 0.040625
7 0.81015625 0.734375 0.3796875 0.53125
5 0.78515625 0.734375 0.4296875 0.53125
3 0.07109375 0.525 0.040625 0.0390625
2 0.33828125 0.584375 0.06875 0.0625
2 0.0640625 0.48125 0.046875 0.025
4 0.103125 0.64609375 0.1296875 0.225
5 0.28359375 0.69921875 0.2265625 0.2953125
5 0.08984375 0.66328125 0.1796875 0.3890625
