1 0.72421875 0.29296875 0.3484375 0.2640625
2 0.7015625 0.0796875 0.303125 0.159375
4 0.775 0.42265625 0.45 0.1546875
5 0.775 0.25 0.45 0.5
9 0.32265625 0.46171875 0.1171875 0.0765625
0 0.01875 0.1484375 0.0375 0.1
6 0.840625 0.78203125 0.0390625 0.103125
6 0.68671875 0.734375 0.03125 0.0765625
6 0.99453125 0.64453125 0.0109375 0.0390625
6 0.7640625 0.63515625 0.0125 0.0328125
6 0.846875 0.6421875 0.0125 0.0359375
6 0.85546875 0.62734375 0.0078125 0.025
6 0.93125 0.62890625 0.009375 0.0296875
6 0.66484375 0.6125 0.0078125 0.0171875
6 0.8265625 0.621875 0.0109375 0.028125
6 0.69296875 0.61328125 0.009375 0.0234375
6 0.96171875 0.61953125 0.0078125 0.0171875
6 0.95234375 0.6171875 0.0078125 0.0171875
6 0.96953125 0.60703125 0.0046875 0.0140625
6 0.9421875 0.60703125 0.00625 0.0109375
6 0.9109375 0.61796875 0.00625 0.01875
6 0.89765625 0.61484375 0.0078125 0.01875
6 0.86171875 0.61171875 0.00625 0.0171875
6 0.87890625 0.60546875 0.0046875 0.0125
6 0.85078125 0.61484375 0.0078125 0.0203125
6 0.809375 0.6171875 0.009375 0.0234375
6 0.79765625 0.615625 0.009375 0.021875
6 0.92265625 0.6046875 0.00625 0.0125
6 0.78203125 0.6125 0.009375 0.025
6 0.7765625 0.6078125 0.0078125 0.01875
6 0.7484375 0.6125 0.0078125 0.0203125
6 0.7171875 0.6296875 0.0109375 0.028125
6 0.59296875 0.61328125 0.0078125 0.021875
6 0.6578125 0.6109375 0.00625 0.0171875
6 0.65390625 0.6078125 0.00625 0.015625
6 0.36484375 0.59453125 0.2078125 0.1890625
6 0.48984375 0.809375 0.1203125 0.38125
6 0.2421875 0.528125 0.165625 0.05625
