8 0.84921875 0.18203125 0.3015625 0.3640625
6 0.39140625 0.8078125 0.0515625 0.084375
6 0.44140625 0.76640625 0.0265625 0.05
6 0.403125 0.72421875 0.021875 0.0421875
6 0.44921875 0.73828125 0.021875 0.0375
6 0.8765625 0.9203125 0.053125 0.096875
6 0.80625 0.84296875 0.0390625 0.06875
6 0.74453125 0.80390625 0.0296875 0.0546875
6 0.703125 0.78046875 0.0234375 0.0484375
6 0.64453125 0.75703125 0.025 0.0453125
6 0.56171875 0.73671875 0.0203125 0.0375
6 0.48203125 0.72109375 0.0171875 0.034375
6 0.4078125 0.71015625 0.01875 0.0390625
9 0.38125 0.6328125 0.1 0.103125
9 0.50234375 0.66015625 0.159375 0.1265625
9 0.665625 0.9046875 0.66875 0.190625
2 0.37265625 0.59453125 0.0109375 0.0109375
3 0.371875 0.60546875 0.00625 0.009375
4 0.36875 0.62421875 0.0203125 0.0328125
5 0.3640625 0.6453125 0.04375 0.1140625
