7 0.56328125 0.24296875 0.3265625 0.4859375
5 0.7 0.2796875 0.6 0.559375
8 0.2 0.2796875 0.4 0.559375
8 0.2546875 0.30625 0.290625 0.384375
8 0.45625 0.91875 0.1125 0.1625
8 0.00703125 0.63359375 0.0140625 0.0578125
8 0.04296875 0.63203125 0.0359375 0.0609375
8 0.06328125 0.63828125 0.04375 0.0640625
8 0.09296875 0.63984375 0.046875 0.075
8 0.125 0.64765625 0.0578125 0.075
8 0.1796875 0.6421875 0.0484375 0.0984375
8 0.19453125 0.6578125 0.0453125 0.0828125
8 0.22109375 0.66484375 0.0390625 0.0734375
9 0.29453125 0.6921875 0.0765625 0.10625
9 0.36875 0.70703125 0.04375 0.1203125
