8 0.89765625 0.090625 0.2046875 0.18125
8 0.86796875 0.296875 0.2640625 0.54375
5 0.365625 0.284375 0.409375 0.56875
4 0.4296875 0.46015625 0.28125 0.2171875
2 0.384375 0.04375 0.16875 0.0875
1 0.421875 0.16015625 0.2 0.2265625
9 0.83359375 0.67265625 0.0359375 0.0328125
9 0.8734375 0.6625 0.0296875 0.0265625
9 0.89921875 0.65 0.034375 0.0296875
8 0.98515625 0.66640625 0.0296875 0.0421875
0 0.925 0.66015625 0.025 0.0375
0 0.92421875 0.740625 0.025 0.0390625
4 0.91796875 0.69921875 0.0359375 0.0640625
4 0.93046875 0.80234375 0.0359375 0.078125
5 0.91875 0.71484375 0.0671875 0.1453125
5 0.9328125 0.85390625 0.103125 0.2703125
3 0.928125 0.76640625 0.0109375 0.009375
3 0.15546875 0.64765625 0.1078125 0.1578125
7 0.30703125 0.775 0.4640625 0.4125
5 0.26953125 0.78046875 0.5390625 0.4234375
