1 0.5296875 0.44296875 0.0890625 0.0796875
1 0.74296875 0.55625 0.0796875 0.046875
1 0.97734375 0.375 0.0453125 0.05
1 0.6359375 0.0421875 0.0640625 0.0640625
1 0.8921875 0.1375 0.0578125 0.0703125
1 0.60078125 0.365625 0.059375 0.0625
1 0.4734375 0.0953125 0.053125 0.0546875
2 0.48671875 0.02421875 0.0859375 0.0484375
2 0.6 0.26796875 0.09375 0.0890625
2 0.52421875 0.34140625 0.1078125 0.08125
2 0.9875 0.2828125 0.025 0.053125
2 0.871875 0.03515625 0.096875 0.0703125
4 0.47890625 0.2953125 0.1171875 0.35
4 0.51328125 0.525 0.1859375 0.109375
4 0.6203125 0.46171875 0.1046875 0.16875
4 0.8328125 0.33359375 0.15 0.3390625
4 0.9828125 0.2625 0.034375 0.246875
4 0.9515625 0.4375 0.0890625 0.0765625
4 0.95703125 0.51484375 0.0859375 0.1296875
2 0.73984375 0.46796875 0.08125 0.065625
5 0.946875 0.22578125 0.10625 0.4515625
5 0.92421875 0.4125 0.1515625 0.334375
5 0.9265625 0.44140625 0.146875 0.2765625
5 0.89765625 0.1 0.2046875 0.2
5 0.85 0.28984375 0.26875 0.5796875
5 0.73984375 0.5015625 0.2109375 0.15625
5 0.5390625 0.4359375 0.2375 0.2875
5 0.61953125 0.3921875 0.178125 0.3390625
5 0.6546875 0.190625 0.2375 0.38125
5 0.66796875 0.12109375 0.2640625 0.2421875
5 0.50234375 0.28984375 0.1640625 0.5796875
1 0.046875 0.28984375 0.09375 0.2421875
5 0.103125 0.28984375 0.20625 0.5796875
1 0.65546875 0.71875 0.4703125 0.278125
4 0.71015625 0.903125 0.5796875 0.19375
5 0.71015625 0.78984375 0.5796875 0.4203125
8 0.21015625 0.78984375 0.4203125 0.4203125
