6 0.8484375 0.20546875 0.0171875 0.0421875
6 0.91640625 0.31484375 0.034375 0.08125
6 0.6390625 0.2 0.015625 0.040625
6 0.83984375 0.1734375 0.0125 0.025
6 0.6859375 0.17109375 0.0125 0.03125
6 0.69765625 0.15 0.00625 0.021875
6 0.6796875 0.14140625 0.00625 0.021875
6 0.7125 0.1546875 0.0078125 0.025
6 0.76953125 0.13515625 0.0046875 0.01875
6 0.77578125 0.140625 0.00625 0.01875
6 0.8125 0.14765625 0.00625 0.01875
6 0.96171875 0.13671875 0.00625 0.01875
6 0.965625 0.1421875 0.00625 0.015625
6 0.9328125 0.14765625 0.00625 0.0203125
6 0.87734375 0.14296875 0.00625 0.015625
0 0.2796875 0.196875 0.0640625 0.071875
0 0.48984375 0.11953125 0.0984375 0.1265625
0 0.1625 0.45546875 0.028125 0.034375
4 0.1515625 0.5046875 0.053125 0.05
5 0.15390625 0.4828125 0.0609375 0.09375
5 0.28671875 0.34375 0.1390625 0.371875
5 0.4875 0.2921875 0.2875 0.475
4 0.4703125 0.35703125 0.1984375 0.3421875
4 0.29296875 0.36640625 0.0953125 0.2078125
4 0.1703125 0.11640625 0.015625 0.0375
0 0.16796875 0.08671875 0.0125 0.015625
5 0.16640625 0.140625 0.03125 0.128125
8 0.815625 0.66953125 0.36875 0.2796875
6 0.47421875 0.58671875 0.015625 0.0453125
6 0.25625 0.57578125 0.021875 0.05
6 0.00625 0.61796875 0.0125 0.0703125
9 0.315625 0.76484375 0.63125 0.4703125
