1 0.765625 0.14296875 0.46875 0.2859375
4 0.765625 0.43046875 0.46875 0.0984375
5 0.765625 0.23984375 0.46875 0.4796875
1 0.16953125 0.43984375 0.1703125 0.0796875
1 0.43515625 0.4171875 0.0890625 0.075
1 0.3453125 0.3484375 0.0953125 0.0796875
2 0.2359375 0.3328125 0.2640625 0.1015625
2 0.31796875 0.2578125 0.13125 0.0734375
2 0.4640625 0.2765625 0.134375 0.090625
5 0.4578125 0.35703125 0.146875 0.2453125
5 0.3515625 0.29921875 0.1578125 0.1546875
5 0.265625 0.37578125 0.53125 0.2078125
7 0.925 0.57109375 0.146875 0.1828125
7 0.8578125 0.50546875 0.071875 0.0515625
7 0.8046875 0.56328125 0.121875 0.1671875
7 0.73203125 0.534375 0.1109375 0.109375
7 0.64765625 0.54765625 0.1109375 0.1359375
7 0.56796875 0.54140625 0.0734375 0.1234375
5 0.909375 0.68984375 0.18125 0.4203125
5 0.85546875 0.64296875 0.0890625 0.3265625
5 0.803125 0.678125 0.159375 0.396875
5 0.7296875 0.64375 0.13125 0.328125
5 0.690625 0.609375 0.0875 0.259375
5 0.6453125 0.66015625 0.13125 0.3609375
5 0.60703125 0.62578125 0.0859375 0.2921875
5 0.58125 0.60390625 0.065625 0.2484375
5 0.57734375 0.64765625 0.0921875 0.3359375
8 0.265625 0.65625 0.53125 0.353125
