8 0.6796875 0.34921875 0.121875 0.2796875
8 0.67890625 0.08046875 0.1953125 0.1609375
0 0.58359375 0.078125 0.0046875 0.009375
7 0.58515625 0.096875 0.0078125 0.025
5 0.5875 0.10390625 0.0125 0.0609375
4 0.3734375 0.18203125 0.1875 0.234375
3 0.32109375 0.03984375 0.0859375 0.06875
5 0.36171875 0.24453125 0.4390625 0.4890625
3 0.78515625 0.54140625 0.0984375 0.0953125
3 0.95703125 0.5171875 0.0859375 0.05625
4 0.9046875 0.7 0.190625 0.378125
4 0.7234375 0.72265625 0.284375 0.2890625
5 0.7359375 0.74453125 0.309375 0.5109375
5 0.8078125 0.74453125 0.384375 0.5109375
8 0.290625 0.74453125 0.58125 0.5109375
5 0.253125 0.96328125 0.04375 0.0734375
7 0.2515625 0.9875 0.03125 0.025
3 0.2453125 0.9671875 0.0109375 0.0140625
0 0.24453125 0.94453125 0.0203125 0.025
