0 0.7203125 0.1015625 0.0375 0.040625
0 0.628125 0.2203125 0.028125 0.0421875
0 0.58984375 0.37890625 0.025 0.0359375
0 0.66875 0.33515625 0.0296875 0.0421875
3 0.7140625 0.1296875 0.0171875 0.0140625
7 0.59609375 0.3921875 0.0421875 0.059375
7 0.66484375 0.35234375 0.0640625 0.084375
7 0.63359375 0.24453125 0.0546875 0.078125
7 0.71171875 0.15859375 0.0828125 0.1109375
5 0.709375 0.190625 0.1203125 0.2171875
5 0.63359375 0.278125 0.090625 0.1625
5 0.65390625 0.3765625 0.1015625 0.13125
5 0.59453125 0.4125 0.0703125 0.1046875
6 0.40859375 0.29765625 0.0609375 0.10625
6 0.19453125 0.23515625 0.0328125 0.0609375
6 0.078125 0.22578125 0.021875 0.04375
6 0.02890625 0.21953125 0.015625 0.034375
6 0.30390625 0.1734375 0.0109375 0.0265625
6 0.3734375 0.165625 0.0125 0.0265625
6 0.43046875 0.15703125 0.009375 0.025
6 0.2625 0.165625 0.0109375 0.0234375
6 0.0015625 0.215625 0.003125 0.021875
9 0.265625 0.3734375 0.53125 0.253125
5 0.9109375 0.875 0.040625 0.084375
8 0.74765625 0.8234375 0.4328125 0.353125
8 0.85390625 0.81640625 0.2921875 0.3671875
6 0.16640625 0.96171875 0.1328125 0.0765625
5 0.1484375 0.56796875 0.296875 0.1359375
