7 0.50546875 0.125 0.2359375 0.25
5 0.52734375 0.3046875 0.3296875 0.609375
6 0.1078125 0.24140625 0.034375 0.0609375
6 0.15625 0.16015625 0.0171875 0.034375
6 0.23046875 0.159375 0.015625 0.028125
6 0.16640625 0.1390625 0.0140625 0.0234375
6 0.12578125 0.1328125 0.0125 0.0234375
6 0.0859375 0.12578125 0.0109375 0.021875
6 0.02421875 0.125 0.009375 0.0203125
6 0.059375 0.14609375 0.0140625 0.028125
9 0.13046875 0.43515625 0.2609375 0.3484375
8 0.95390625 0.68125 0.0921875 0.14375
8 0.66484375 0.8046875 0.6703125 0.390625
7 0.4890625 0.7140625 0.025 0.0421875
4 0.5203125 0.9296875 0.0265625 0.040625
0 0.51484375 0.89609375 0.0171875 0.0265625
5 0.49140625 0.73515625 0.05625 0.140625
5 0.5234375 0.9390625 0.05625 0.121875
