0 0.85078125 0.10390625 0.075 0.10625
0 0.69765625 0.1515625 0.0671875 0.096875
7 0.684375 0.3359375 0.046875 0.278125
7 0.86484375 0.33515625 0.125 0.3125
3 0.6875 0.23125 0.03125 0.034375
3 0.83828125 0.1859375 0.028125 0.0375
5 0.8453125 0.271875 0.18125 0.45625
5 0.69609375 0.2984375 0.0703125 0.403125
4 0.296875 0.2609375 0.134375 0.1421875
2 0.321875 0.1703125 0.0453125 0.025
5 0.30078125 0.30234375 0.1984375 0.303125
2 0.23671875 0.80546875 0.453125 0.1359375
3 0.23046875 0.978125 0.4609375 0.04375
5 0.33046875 0.85703125 0.6609375 0.2859375
