8 0.9125 0.24609375 0.175 0.3453125
5 0.94921875 0.2921875 0.01875 0.0375
7 0.946875 0.296875 0.0171875 0.0234375
6 0.13828125 0.3515625 0.0359375 0.0671875
6 0.40078125 0.32890625 0.0203125 0.0546875
6 0.53046875 0.328125 0.01875 0.04375
9 0.28515625 0.45625 0.5703125 0.165625
4 0.23515625 0.1796875 0.0109375 0.0265625
5 0.234375 0.18984375 0.0171875 0.0703125
4 0.2484375 0.68515625 0.221875 0.2921875
4 0.53671875 0.7265625 0.0671875 0.375
5 0.278125 0.76953125 0.328125 0.4609375
5 0.48203125 0.76953125 0.1765625 0.4609375
