8 0.78515625 0.28984375 0.4296875 0.5796875
8 0.86953125 0.38046875 0.2609375 0.3984375
4 0.6375 0.20234375 0.0453125 0.0625
2 0.64296875 0.1484375 0.0203125 0.028125
5 0.640625 0.184375 0.059375 0.1078125
4 0.25859375 0.29921875 0.15 0.196875
2 0.2171875 0.15859375 0.05625 0.0640625
5 0.28984375 0.35078125 0.3578125 0.4578125
8 0.78515625 0.765625 0.4296875 0.371875
8 0.62421875 0.77734375 0.1078125 0.3953125
2 0.20625 0.6203125 0.1375 0.08125
3 0.31015625 0.6546875 0.078125 0.046875
4 0.16171875 0.8140625 0.3234375 0.36875
4 0.33046875 0.7140625 0.16875 0.2265625
5 0.096875 0.634375 0.19375 0.109375
5 0.2375 0.78984375 0.475 0.4203125
5 0.3453125 0.7828125 0.340625 0.40625
5 0.496875 0.78984375 0.146875 0.4203125
