3 0.63125 0.03359375 0.140625 0.0671875
4 0.75859375 0.10390625 0.3953125 0.2078125
5 0.78046875 0.12109375 0.4390625 0.2421875
3 0.66015625 0.440625 0.1984375 0.178125
2 0.66875 0.23125 0.215625 0.14375
5 0.77578125 0.32109375 0.4296875 0.4171875
8 0.35 0.10546875 0.421875 0.2109375
8 0.18828125 0.26484375 0.3765625 0.5296875
0 0.60703125 0.55546875 0.0796875 0.0515625
3 0.63203125 0.56640625 0.0328125 0.071875
0 0.6875 0.56953125 0.0390625 0.0578125
7 0.66015625 0.7046875 0.0875 0.19375
7 0.6203125 0.765625 0.11875 0.334375
5 0.640625 0.76484375 0.159375 0.4703125
5 0.6484375 0.76484375 0.175 0.4703125
2 0.40234375 0.715625 0.3171875 0.371875
5 0.28046875 0.76484375 0.5609375 0.4703125
