0 0.17734375 0.125 0.2265625 0.25
3 0.07421875 0.153125 0.1171875 0.1625
5 0.14921875 0.2328125 0.2984375 0.465625
4 0.55234375 0.9453125 0.2046875 0.109375
4 0.81015625 0.67109375 0.18125 0.1203125
3 0.7515625 0.64375 0.059375 0.0265625
3 0.64921875 0.88984375 0.0265625 0.028125
0 0.6109375 0.83671875 0.1515625 0.0640625
2 0.72734375 0.58984375 0.1203125 0.0671875
5 0.81640625 0.746875 0.3359375 0.3796875
5 0.62578125 0.8984375 0.3515625 0.203125
7 0.1984375 0.76953125 0.396875 0.4609375
5 0.19453125 0.76953125 0.3890625 0.4609375
