5 0.75625 0.221875 0.18125 0.44375
5 0.61796875 0.2390625 0.175 0.3453125
5 0.5625 0.15625 0.125 0.3125
4 0.5671875 0.0984375 0.05625 0.10625
4 0.6453125 0.1875 0.059375 0.096875
4 0.725 0.1578125 0.0890625 0.1984375
3 0.55546875 0.04765625 0.021875 0.01875
3 0.6140625 0.13359375 0.009375 0.0125
3 0.7453125 0.05 0.021875 0.034375
0 0.54765625 0.01328125 0.0359375 0.0265625
0 0.61875 0.103125 0.05 0.0640625
0 0.7296875 0.01328125 0.071875 0.0265625
4 0.13359375 0.078125 0.2671875 0.15625
5 0.215625 0.2265625 0.43125 0.453125
8 0.63671875 0.75625 0.4109375 0.39375
0 0.38046875 0.91640625 0.0125 0.0140625
4 0.38359375 0.94140625 0.0203125 0.034375
9 0.2640625 0.94921875 0.253125 0.1015625
5 0.38359375 0.93828125 0.025 0.059375
