6 0.43671875 0.28984375 0.3671875 0.5796875
4 0.225 0.4609375 0.278125 0.2375
3 0.28984375 0.27734375 0.14375 0.1578125
2 0.33046875 0.02890625 0.1953125 0.0578125
5 0.32109375 0.28984375 0.5984375 0.5796875
4 0.49765625 0.965625 0.1234375 0.06875
4 0.3421875 0.94375 0.140625 0.1125
4 0.06015625 0.9171875 0.1203125 0.165625
2 0.52265625 0.825 0.08125 0.0828125
3 0.50859375 0.91953125 0.0546875 0.053125
3 0.309375 0.871875 0.040625 0.0515625
5 0.1484375 0.86328125 0.296875 0.2734375
5 0.31640625 0.8984375 0.2390625 0.203125
5 0.48515625 0.884375 0.2703125 0.23125
