0 0.71640625 0.11328125 0.1109375 0.0796875
0 0.528125 0.165625 0.1359375 0.096875
0 0.8875 0.12734375 0.1296875 0.090625
0 0.40078125 0.1125 0.0390625 0.175
4 0.92109375 0.29609375 0.1578125 0.2078125
4 0.7265625 0.27734375 0.165625 0.175
4 0.5390625 0.3265625 0.2015625 0.1796875
4 0.4421875 0.403125 0.121875 0.290625
3 0.54921875 0.22734375 0.065625 0.0421875
3 0.73203125 0.17578125 0.053125 0.04375
3 0.87734375 0.19375 0.053125 0.0421875
3 0.4 0.2421875 0.0375 0.084375
5 0.5515625 0.334375 0.2828125 0.45625
5 0.51171875 0.35390625 0.2609375 0.7078125
5 0.7671875 0.31015625 0.3359375 0.5078125
5 0.89296875 0.3203125 0.2140625 0.5
8 0.06328125 0.11796875 0.1265625 0.2359375
8 0.190625 0.325 0.38125 0.65
8 0.76875 0.86484375 0.4625 0.2703125
0 0.2078125 0.86484375 0.346875 0.2703125
5 0.190625 0.86484375 0.38125 0.2703125
