6 0.46875 0.453125 0.25625 0.53125
6 0.59765625 0.31953125 0.3703125 0.6390625
5 0.05234375 0.584375 0.1046875 0.26875
1 0.8125 0.728125 0.034375 0.01875
4 0.74609375 0.77578125 0.1203125 0.1140625
5 0.7890625 0.84765625 0.275 0.2578125
5 0.55234375 0.859375 0.4234375 0.28125
1 0.12421875 0.7265625 0.0703125 0.015625
1 0.159375 0.84375 0.0765625 0.0640625
1 0.16328125 0.98828125 0.0671875 0.0234375
2 0.028125 0.978125 0.05625 0.04375
2 0.15546875 0.9203125 0.08125 0.06875
2 0.13203125 0.759375 0.096875 0.08125
4 0.29765625 0.80625 0.0859375 0.175
4 0.08046875 0.79375 0.06875 0.1453125
4 0.034375 0.93984375 0.06875 0.1203125
5 0.271875 0.828125 0.1375 0.21875
5 0.20546875 0.9359375 0.2671875 0.128125
5 0.184375 0.859375 0.296875 0.28125
5 0.12734375 0.825 0.2359375 0.2125
5 0.109375 0.75234375 0.21875 0.0671875
5 0.04453125 0.875 0.0890625 0.25
