8 0.86015625 0.05 0.2078125 0.1
6 0.0453125 0.25625 0.01875 0.025
6 0.09921875 0.228125 0.0140625 0.0328125
6 0.140625 0.2109375 0.009375 0.025
6 0.40625 0.225 0.0078125 0.021875
6 0.346875 0.2125 0.0078125 0.0203125
6 0.28046875 0.20390625 0.009375 0.0171875
6 0.1921875 0.20078125 0.0078125 0.01875
6 0.303125 0.253125 0.01875 0.03125
6 0.2484375 0.22578125 0.0125 0.0296875
6 0.30390625 0.22265625 0.0109375 0.025
6 0.3765625 0.23984375 0.0109375 0.0265625
4 0.23046875 0.1546875 0.0078125 0.0171875
5 0.2296875 0.159375 0.009375 0.04375
3 0.728125 0.5265625 0.2515625 0.221875
0 0.81484375 0.45703125 0.3140625 0.3765625
7 0.70546875 0.8625 0.4453125 0.275
5 0.696875 0.634375 0.571875 0.73125
