5 0.86015625 0.11953125 0.2390625 0.2390625
5 0.69375 0.11953125 0.246875 0.2390625
4 0.20234375 0.05234375 0.2234375 0.1046875
5 0.434375 0.03359375 0.084375 0.0671875
5 0.19140625 0.11953125 0.3828125 0.2390625
3 0.578125 0.35859375 0.015625 0.0640625
0 0.5828125 0.2828125 0.025 0.0875
7 0.60234375 0.54140625 0.0640625 0.3015625
5 0.665625 0.61953125 0.190625 0.7609375
0 0.36015625 0.35859375 0.190625 0.1921875
3 0.38046875 0.52734375 0.10625 0.0875
4 0.44765625 0.79140625 0.2421875 0.4171875
5 0.4171875 0.62265625 0.30625 0.7546875
