6 0.49765625 0.37734375 0.0328125 0.1453125
6 0.6 0.0375 0.0234375 0.0515625
6 0.77578125 0.0265625 0.0296875 0.053125
6 0.55234375 0.01640625 0.0125 0.03125
9 0.83671875 0.23984375 0.3265625 0.4203125
8 0.31796875 0.35390625 0.3265625 0.1921875
8 0.740625 0.725 0.51875 0.55
2 0.1171875 0.4765625 0.090625 0.053125
2 0.275 0.47265625 0.128125 0.0453125
2 0.42109375 0.490625 0.1203125 0.08125
4 0.265625 0.675 0.2171875 0.3171875
4 0.1203125 0.553125 0.1328125 0.065625
4 0.03125 0.7578125 0.0625 0.2875
4 0.37734375 0.7328125 0.2078125 0.346875
5 0.3578125 0.725 0.246875 0.55
5 0.26015625 0.725 0.3703125 0.55
5 0.1375 0.703125 0.19375 0.50625
5 0.07421875 0.7453125 0.1484375 0.509375
5 0.0203125 0.76015625 0.040625 0.4796875
