8 0.790625 0.41328125 0.41875 0.3328125
0 0.12265625 0.23046875 0.2453125 0.3578125
0 0.23828125 0.28828125 0.1703125 0.19375
0 0.49453125 0.23359375 0.1734375 0.2015625
3 0.4890625 0.4140625 0.109375 0.1515625
3 0.228125 0.4890625 0.0984375 0.11875
3 0.14765625 0.48046875 0.0703125 0.1984375
5 0.43203125 0.35390625 0.2984375 0.4515625
5 0.23515625 0.38203125 0.3203125 0.3953125
5 0.14296875 0.30703125 0.2859375 0.5453125
8 0.790625 0.8046875 0.41875 0.390625
8 0.82421875 0.94296875 0.3515625 0.1140625
8 0.1875 0.78984375 0.375 0.4203125
