5 0.7078125 0.2546875 0.29375 0.509375
4 0.64296875 0.32734375 0.1640625 0.3640625
1 0.6265625 0.1015625 0.13125 0.203125
8 0.22890625 0.14765625 0.3578125 0.2953125
8 0.23046875 0.2546875 0.4609375 0.509375
8 0.85703125 0.73828125 0.2859375 0.4578125
2 0.940625 0.67265625 0.0171875 0.0171875
3 0.9375 0.6984375 0.0078125 0.0109375
4 0.9375 0.725 0.040625 0.0484375
5 0.9234375 0.73515625 0.0890625 0.1453125
5 0.83046875 0.55625 0.034375 0.08125
5 0.26875 0.7546875 0.5375 0.490625
4 0.20078125 0.878125 0.4015625 0.24375
1 0.2390625 0.57890625 0.190625 0.1390625
