8 0.94375 0.11640625 0.1125 0.2296875
8 0.746875 0.31953125 0.29375 0.6390625
4 0.3 0.5578125 0.6 0.1625
1 0.29609375 0.34453125 0.5546875 0.3828125
2 0.32578125 0.15625 0.4140625 0.1203125
5 0.3 0.34453125 0.6 0.5890625
5 0.825 0.88359375 0.190625 0.2328125
5 0.9328125 0.94375 0.134375 0.1125
5 0.975 0.90390625 0.05 0.1921875
4 0.9921875 0.92265625 0.015625 0.1046875
4 0.93203125 0.97890625 0.0609375 0.0421875
4 0.85625 0.9375 0.09375 0.125
3 0.96484375 0.95625 0.0109375 0.0125
3 0.83984375 0.86796875 0.021875 0.0328125
0 0.96171875 0.925 0.05 0.0625
0 0.859375 0.809375 0.071875 0.0734375
1 0.4109375 0.9234375 0.128125 0.153125
3 0.4828125 0.675 0.08125 0.071875
4 0.43203125 0.83046875 0.3171875 0.3390625
5 0.40390625 0.81953125 0.3921875 0.3609375
