8 0.4421875 0.115625 0.1625 0.23125
8 0.7734375 0.3 0.453125 0.6
7 0.85703125 0.54609375 0.021875 0.0375
7 0.9625 0.10703125 0.01875 0.040625
4 0.97265625 0.328125 0.0203125 0.0390625
0 0.97265625 0.29375 0.0140625 0.0265625
5 0.9640625 0.12890625 0.0375 0.1390625
5 0.97421875 0.340625 0.0421875 0.125
5 0.86015625 0.53828125 0.03125 0.0609375
4 0.68046875 0.8953125 0.6390625 0.209375
1 0.7171875 0.6734375 0.546875 0.146875
5 0.68046875 0.8 0.6390625 0.4
5 0.059375 0.82890625 0.0171875 0.0359375
5 0.0734375 0.6171875 0.025 0.034375
4 0.0828125 0.6078125 0.009375 0.015625
4 0.0609375 0.83515625 0.0109375 0.0140625
2 0.0578125 0.8140625 0.009375 0.00625
8 0.28046875 0.615625 0.1546875 0.03125
8 0.0984375 0.65703125 0.196875 0.1140625
8 0.190625 0.871875 0.340625 0.25625
8 0.2625 0.725 0.196875 0.25
