4 0.82578125 0.13671875 0.3484375 0.2734375
5 0.7453125 0.34453125 0.509375 0.6890625
0 0.4859375 0.25 0.009375 0.025
0 0.4390625 0.25625 0.0453125 0.040625
0 0.39296875 0.26484375 0.015625 0.01875
0 0.38046875 0.26484375 0.0171875 0.01875
0 0.34765625 0.25625 0.03125 0.0296875
0 0.3046875 0.228125 0.0234375 0.0234375
0 0.265625 0.2015625 0.0375 0.040625
0 0.275 0.2578125 0.065625 0.071875
0 0.2109375 0.28125 0.01875 0.0234375
0 0.1890625 0.26953125 0.0109375 0.009375
7 0.19140625 0.29296875 0.0125 0.028125
0 0.1734375 0.26640625 0.025 0.025
0 0.13125 0.246875 0.0296875 0.028125
0 0.07109375 0.26015625 0.021875 0.0234375
0 0.02578125 0.26640625 0.0203125 0.0234375
7 0.02734375 0.346875 0.0546875 0.09375
7 0.06796875 0.3453125 0.0328125 0.1046875
7 0.1265625 0.33984375 0.0578125 0.1125
7 0.16875 0.3390625 0.046875 0.096875
7 0.2046875 0.34375 0.034375 0.0828125
7 0.3109375 0.30390625 0.034375 0.08125
7 0.37734375 0.328125 0.0375 0.071875
7 0.3921875 0.32265625 0.009375 0.05625
7 0.4640625 0.32890625 0.0171875 0.0234375
7 0.4765625 0.3265625 0.028125 0.09375
7 0.434375 0.37734375 0.084375 0.1625
7 0.34140625 0.340625 0.0671875 0.1046875
7 0.2421875 0.31328125 0.046875 0.1328125
7 0.2796875 0.453125 0.09375 0.2484375
3 0.4875 0.27890625 0.00625 0.0140625
3 0.45 0.3015625 0.0078125 0.0203125
3 0.39296875 0.284375 0.0078125 0.0109375
3 0.37890625 0.284375 0.0109375 0.009375
3 0.3484375 0.2859375 0.0171875 0.015625
0 0.359375 0.27890625 0.00625 0.0171875
3 0.30625 0.25390625 0.0125 0.0125
3 0.29765625 0.31015625 0.00625 0.028125
3 0.2125 0.3015625 0.009375 0.0109375
3 0.1734375 0.29375 0.0125 0.0125
3 0.13203125 0.2765625 0.01875 0.0140625
1 0.0671875 0.28359375 0.0078125 0.0203125
3 0.025 0.2921875 0.015625 0.0140625
5 0.0296875 0.38515625 0.059375 0.2640625
5 0.0546875 0.38671875 0.075 0.28125
5 0.13046875 0.384375 0.06875 0.30625
5 0.1890625 0.28515625 0.0171875 0.0421875
5 0.17109375 0.37890625 0.05625 0.25
5 0.20546875 0.3734375 0.040625 0.2140625
5 0.24765625 0.4078125 0.078125 0.45625
5 0.3109375 0.2921875 0.040625 0.1546875
5 0.34140625 0.40234375 0.084375 0.328125
5 0.37734375 0.3546875 0.0421875 0.2015625
5 0.3875 0.3453125 0.0296875 0.1828125
5 0.4328125 0.44765625 0.0953125 0.4296875
5 0.47578125 0.36796875 0.0296875 0.2671875
5 0.278125 0.45234375 0.103125 0.4734375
8 0.78203125 0.84453125 0.4359375 0.3109375
