8 0.92109375 0.31640625 0.1578125 0.5671875
8 0.0796875 0.1265625 0.159375 0.215625
8 0.23515625 0.3 0.4703125 0.6
2 0.040625 0.09140625 0.0140625 0.0171875
3 0.04453125 0.1109375 0.0125 0.0140625
5 0.05625 0.13359375 0.0453125 0.1109375
4 0.0484375 0.1421875 0.0171875 0.0453125
8 0.82578125 0.8 0.3484375 0.4
4 0.34765625 0.7453125 0.2453125 0.128125
0 0.03828125 0.95234375 0.0765625 0.0671875
3 0.06015625 0.98515625 0.0390625 0.0296875
3 0.20703125 0.78828125 0.05625 0.0390625
2 0.15859375 0.765625 0.0703125 0.0640625
5 0.290625 0.83984375 0.359375 0.3203125
