0 0.6078125 0.178125 0.128125 0.115625
7 0.69140625 0.37734375 0.3078125 0.1453125
0 0.8859375 0.2171875 0.0984375 0.1046875
3 0.88828125 0.33046875 0.0546875 0.0578125
3 0.61640625 0.315625 0.0734375 0.0671875
5 0.6828125 0.2796875 0.325 0.340625
5 0.90390625 0.3015625 0.1921875 0.296875
8 0.18671875 0.125 0.3734375 0.25
8 0.259375 0.278125 0.303125 0.34375
1 0.66640625 0.5296875 0.075 0.0859375
7 0.6859375 0.7140625 0.215625 0.3015625
5 0.71875 0.725 0.396875 0.55
8 0.26015625 0.68984375 0.5203125 0.4796875
