0 0.7703125 0.36484375 0.1875 0.23125
3 0.80234375 0.53359375 0.034375 0.0546875
0 0.5734375 0.1515625 0.15 0.18125
4 0.7546875 0.596875 0.2125 0.084375
4 0.5609375 0.4640625 0.253125 0.35
5 0.57265625 0.34921875 0.3046875 0.5796875
5 0.78828125 0.44140625 0.3078125 0.3953125
8 0.21875 0.27734375 0.0390625 0.0671875
8 0.3828125 0.50390625 0.075 0.0796875
6 0.28125 0.3390625 0.00625 0.015625
6 0.29609375 0.42265625 0.00625 0.0234375
6 0.31875 0.44453125 0.00625 0.028125
6 0.30859375 0.3609375 0.0046875 0.0171875
7 0.3765625 0.425 0.00625 0.0109375
7 0.353125 0.41875 0.0078125 0.0140625
7 0.33515625 0.41171875 0.00625 0.0109375
7 0.32890625 0.4125 0.00625 0.015625
0 0.37578125 0.4125 0.0046875 0.0046875
0 0.3515625 0.40703125 0.0046875 0.0046875
5 0.3765625 0.43046875 0.0140625 0.0390625
5 0.353125 0.42265625 0.009375 0.0359375
5 0.33671875 0.41796875 0.009375 0.034375
5 0.3296875 0.41875 0.009375 0.0359375
7 0.13046875 0.609375 0.0125 0.028125
5 0.13515625 0.61484375 0.0234375 0.0484375
0 0.00390625 0.5328125 0.0078125 0.00625
0 0.03203125 0.53671875 0.0046875 0.0046875
7 0.03203125 0.54921875 0.0078125 0.0125
7 0.0046875 0.54609375 0.009375 0.0140625
5 0.0046875 0.540625 0.009375 0.025
5 0.03203125 0.54609375 0.009375 0.0234375
5 0.2421875 0.37109375 0.009375 0.028125
0 0.171875 0.3328125 0.0046875 0.003125
5 0.17265625 0.340625 0.009375 0.0203125
6 0.27421875 0.3515625 0.00625 0.0140625
6 0.3203125 0.34453125 0.0046875 0.0171875
7 0.27109375 0.3125 0.00625 0.009375
5 0.271875 0.31640625 0.0078125 0.021875
8 0.29375 0.2953125 0.021875 0.0390625
9 0.26796875 0.2703125 0.025 0.021875
9 0.24609375 0.28984375 0.028125 0.025
7 0.03828125 0.40625 0.0046875 0.009375
5 0.03828125 0.4078125 0.0078125 0.0203125
4 0.7578125 0.721875 0.171875 0.165625
5 0.6515625 0.81953125 0.4125 0.3609375
8 0.09609375 0.78984375 0.1921875 0.3015625
8 0.22109375 0.71328125 0.0875 0.103125
