1 0.83359375 0.40703125 0.3046875 0.2796875
2 0.81328125 0.13125 0.2640625 0.259375
4 0.840625 0.52890625 0.31875 0.1203125
5 0.840625 0.29453125 0.31875 0.5890625
7 0.10234375 0.0609375 0.1609375 0.121875
5 0.1515625 0.2359375 0.303125 0.471875
8 0.8859375 0.76640625 0.228125 0.3546875
0 0.828125 0.8875 0.009375 0.0125
7 0.8296875 0.9109375 0.0125 0.0328125
5 0.8328125 0.9203125 0.021875 0.08125
9 0.63046875 0.70546875 0.1015625 0.1859375
7 0.453125 0.6625 0.075 0.146875
7 0.51171875 0.72734375 0.1421875 0.2765625
5 0.5171875 0.79453125 0.203125 0.4109375
5 0.46328125 0.79453125 0.1390625 0.4109375
