6 0.40546875 0.2421875 0.009375 0.0375
6 0.25625 0.21640625 0.009375 0.034375
6 0.22265625 0.2109375 0.009375 0.03125
6 0.36484375 0.22265625 0.009375 0.0328125
6 0.2109375 0.209375 0.0078125 0.0296875
6 0.05859375 0.184375 0.0078125 0.0203125
6 0.12265625 0.1890625 0.00625 0.01875
6 0.18125 0.19375 0.00625 0.01875
6 0.23359375 0.20859375 0.00625 0.021875
6 0.24921875 0.19921875 0.00625 0.01875
6 0.3 0.203125 0.00625 0.0171875
6 0.31328125 0.228125 0.0109375 0.0328125
6 0.30859375 0.2171875 0.00625 0.021875
6 0.30625 0.2140625 0.0046875 0.01875
6 0.34765625 0.2078125 0.00625 0.015625
6 0.3734375 0.21875 0.00625 0.021875
6 0.38203125 0.22109375 0.00625 0.0203125
1 0.640625 0.5296875 0.440625 0.271875
2 0.66171875 0.36640625 0.4828125 0.0328125
4 0.71015625 0.8453125 0.5796875 0.309375
5 0.71015625 0.675 0.5796875 0.65
4 0.1234375 0.83671875 0.190625 0.3265625
3 0.115625 0.62578125 0.053125 0.059375
2 0.11640625 0.528125 0.071875 0.06875
5 0.1484375 0.74296875 0.225 0.5140625
