8 0.6484375 0.17109375 0.334375 0.3421875
8 0.77578125 0.1390625 0.3234375 0.278125
5 0.1453125 0.265625 0.290625 0.346875
4 0.16875 0.39453125 0.203125 0.0890625
4 0.4 0.31328125 0.1625 0.2515625
3 0.34140625 0.19921875 0.059375 0.0515625
0 0.33046875 0.07265625 0.1796875 0.1453125
0 0.13671875 0.17890625 0.140625 0.1625
5 0.3734375 0.21953125 0.215625 0.4390625
3 0.146875 0.31328125 0.046875 0.0484375
0 0.53984375 0.5765625 0.1171875 0.275
3 0.49453125 0.7390625 0.0265625 0.096875
5 0.55 0.71953125 0.1375 0.5609375
7 0.12421875 0.5453125 0.2484375 0.2125
5 0.14296875 0.71953125 0.2859375 0.5609375
