8 0.8625 0.340625 0.275 0.496875
5 0.99609375 0.24296875 0.0078125 0.0359375
6 0.06640625 0.221875 0.015625 0.0421875
6 0.18515625 0.19375 0.0140625 0.0390625
6 0.33203125 0.15234375 0.0140625 0.0375
6 0.0015625 0.21875 0.003125 0.03125
6 0.12421875 0.19453125 0.0109375 0.028125
6 0.29375 0.4625 0.06875 0.18125
6 0.365625 0.14296875 0.0125 0.03125
6 0.22421875 0.16953125 0.0125 0.034375
6 0.378125 0.13984375 0.0109375 0.03125
6 0.52890625 0.0984375 0.009375 0.021875
6 0.46484375 0.11015625 0.009375 0.0203125
6 0.40625 0.12109375 0.009375 0.0203125
6 0.3546875 0.1421875 0.009375 0.021875
6 0.33828125 0.13359375 0.009375 0.01875
6 0.28671875 0.14296875 0.009375 0.0171875
6 0.2765625 0.1703125 0.015625 0.034375
6 0.2796875 0.15859375 0.0078125 0.0234375
6 0.28203125 0.15546875 0.00625 0.0203125
6 0.23984375 0.15390625 0.009375 0.0171875
6 0.21484375 0.1671875 0.0078125 0.021875
6 0.20703125 0.16953125 0.009375 0.021875
6 0.15078125 0.17890625 0.009375 0.021875
6 0.13046875 0.184375 0.0078125 0.021875
6 0.07265625 0.19453125 0.0078125 0.021875
6 0.02578125 0.203125 0.0078125 0.0171875
6 0.015625 0.203125 0.0078125 0.0171875
6 0.03203125 0.1890625 0.00625 0.0140625
6 0.003125 0.19453125 0.00625 0.0125
1 0.80234375 0.9140625 0.3953125 0.171875
2 0.7703125 0.70234375 0.459375 0.2265625
4 0.7703125 0.9546875 0.459375 0.090625
5 0.7703125 0.79453125 0.459375 0.4109375
