1 0.8 0.2703125 0.4 0.2375
5 0.8 0.19453125 0.4 0.3890625
3 0.50625 0.37109375 0.11875 0.0359375
4 0.4484375 0.29296875 0.28125 0.1921875
5 0.3 0.19453125 0.6 0.3890625
4 0.72109375 0.6078125 0.2421875 0.240625
5 0.8 0.56796875 0.4 0.3578125
3 0.6703125 0.9453125 0.140625 0.109375
2 0.65546875 0.76875 0.1109375 0.11875
5 0.77265625 0.8453125 0.3453125 0.309375
0 0.5171875 0.55078125 0.165625 0.1078125
0 0.17578125 0.659375 0.1234375 0.109375
4 0.23359375 0.87578125 0.2171875 0.2484375
4 0.54296875 0.821875 0.1140625 0.35625
5 0.26640625 0.79609375 0.3234375 0.4078125
5 0.4890625 0.7390625 0.221875 0.521875
3 0.5 0.646875 0.071875 0.0625
3 0.1953125 0.7359375 0.075 0.0515625
