8 0.7453125 0.234375 0.509375 0.46875
8 0.834375 0.37109375 0.33125 0.1953125
4 0.5609375 0.296875 0.04375 0.0609375
2 0.565625 0.24296875 0.0203125 0.0265625
5 0.56484375 0.27890625 0.05625 0.1046875
7 0.30625 0.29609375 0.025 0.046875
5 0.2890625 0.3375 0.0796875 0.20625
8 0.2453125 0.234375 0.490625 0.46875
4 0.85390625 0.54296875 0.2671875 0.1484375
5 0.753125 0.734375 0.49375 0.53125
8 0.240625 0.734375 0.48125 0.53125
7 0.33828125 0.7171875 0.0453125 0.05
5 0.340625 0.71171875 0.0796875 0.071875
7 0.090625 0.6875 0.0578125 0.0609375
5 0.09453125 0.67421875 0.0609375 0.0890625
