5 0.1890625 0.4 0.0328125 0.0859375
5 0.6734375 0.56484375 0.015625 0.0328125
5 0.65546875 0.36484375 0.0203125 0.0484375
5 0.946875 0.4703125 0.0109375 0.028125
5 0.9203125 0.33515625 0.009375 0.0453125
4 0.91953125 0.32890625 0.00625 0.015625
4 0.94453125 0.47265625 0.00625 0.0140625
2 0.94765625 0.4578125 0.0046875 0.0046875
2 0.9203125 0.315625 0.0046875 0.00625
2 0.6484375 0.34375 0.0046875 0.00625
4 0.64765625 0.36171875 0.00625 0.021875
4 0.671875 0.5703125 0.009375 0.0140625
2 0.67421875 0.55078125 0.0078125 0.00625
4 0.18046875 0.36171875 0.0109375 0.0109375
3 0.18203125 0.37109375 0.0046875 0.009375
4 0.17890625 0.38671875 0.009375 0.0234375
9 0.14296875 0.2046875 0.034375 0.0171875
9 0.1015625 0.20078125 0.0390625 0.01875
9 0.0171875 0.18984375 0.034375 0.025
9 0.21015625 0.2609375 0.0171875 0.01875
9 0.1484375 0.2609375 0.021875 0.0140625
9 0.13828125 0.26640625 0.025 0.0171875
8 0.0328125 0.3125 0.065625 0.175
8 0.46796875 0.334375 0.1375 0.109375
8 0.6921875 0.31953125 0.290625 0.2765625
8 0.9890625 0.32578125 0.021875 0.0796875
8 0.859375 0.4875 0.21875 0.1390625
8 0.53125 0.6203125 0.353125 0.2484375
8 0.2890625 0.3609375 0.55625 0.4515625
9 0.134375 0.275 0.015625 0.0125
9 0.34609375 0.265625 0.028125 0.0234375
9 0.3359375 0.28046875 0.0234375 0.0171875
9 0.325 0.28203125 0.0265625 0.0125
9 0.3109375 0.278125 0.0234375 0.015625
9 0.3015625 0.284375 0.0203125 0.0078125
