8 0.4765625 0.22421875 0.2125 0.4296875
8 0.18515625 0.14140625 0.3703125 0.2828125
0 0.79453125 0.50390625 0.034375 0.0359375
0 0.878125 0.4875 0.0375 0.0390625
0 0.96484375 0.46796875 0.0390625 0.0375
0 0.74921875 0.53671875 0.0375 0.0375
0 0.53203125 0.5578125 0.0359375 0.0375
0 0.57734375 0.52578125 0.0328125 0.0359375
0 0.84765625 0.52890625 0.0390625 0.0421875
0 0.61875 0.55390625 0.0359375 0.0390625
0 0.709375 0.528125 0.0328125 0.0375
0 0.91875 0.53046875 0.040625 0.0375
0 0.671875 0.51796875 0.0328125 0.0375
0 0.48828125 0.61171875 0.05 0.084375
0 0.66171875 0.559375 0.0375 0.04375
0 0.9859375 0.50546875 0.028125 0.0453125
3 0.99296875 0.54765625 0.0140625 0.0203125
3 0.96875 0.50234375 0.0234375 0.021875
3 0.9203125 0.565625 0.0203125 0.0171875
3 0.8828125 0.52265625 0.0265625 0.0203125
3 0.853125 0.56875 0.028125 0.021875
3 0.80078125 0.5390625 0.0234375 0.0203125
3 0.75625 0.575 0.0296875 0.021875
3 0.7140625 0.56171875 0.0234375 0.0203125
3 0.67890625 0.5484375 0.0203125 0.0203125
3 0.6703125 0.5984375 0.0265625 0.025
3 0.621875 0.58515625 0.021875 0.0234375
3 0.584375 0.559375 0.0234375 0.021875
3 0.58046875 0.61875 0.0234375 0.021875
3 0.5390625 0.59765625 0.025 0.021875
3 0.50703125 0.5921875 0.0171875 0.0171875
3 0.49375 0.634375 0.021875 0.021875
3 0.45 0.6265625 0.021875 0.0203125
3 0.4125 0.62265625 0.028125 0.0234375
0 0.40546875 0.5796875 0.0390625 0.0390625
0 0.44609375 0.5859375 0.0390625 0.0375
0 0.48671875 0.59140625 0.0390625 0.0375
0 0.5 0.55625 0.0328125 0.0328125
0 0.57578125 0.5796875 0.0390625 0.0390625
7 0.3828125 0.7015625 0.025 0.16875
7 0.396875 0.7640625 0.053125 0.171875
7 0.42578125 0.703125 0.10625 0.159375
7 0.46484375 0.68984375 0.0640625 0.1421875
7 0.5046875 0.7109375 0.1 0.15625
7 0.51875 0.621875 0.03125 0.0421875
7 0.5453125 0.6703125 0.0796875 0.14375
7 0.5921875 0.69296875 0.09375 0.1484375
7 0.5859375 0.59921875 0.0640625 0.0625
7 0.6359375 0.65390625 0.0765625 0.1203125
7 0.6875 0.66640625 0.103125 0.1453125
7 0.6921875 0.57734375 0.0265625 0.025
7 0.71171875 0.59375 0.059375 0.0515625
7 0.76328125 0.640625 0.096875 0.1328125
7 0.81328125 0.61015625 0.08125 0.121875
7 0.89453125 0.56484375 0.0328125 0.03125
7 0.97109375 0.55859375 0.0546875 0.075
7 0.98359375 0.63046875 0.0328125 0.1640625
7 0.94296875 0.63828125 0.09375 0.15
5 0.9625 0.6421875 0.075 0.396875
5 0.9765625 0.69375 0.046875 0.425
5 0.94296875 0.68359375 0.1140625 0.3578125
5 0.90390625 0.6546875 0.1109375 0.375
5 0.88125 0.6921875 0.1421875 0.384375
5 0.8203125 0.66875 0.1328125 0.375
5 0.77890625 0.7 0.15625 0.3890625
5 0.7328125 0.68515625 0.1203125 0.3609375
5 0.68125 0.5453125 0.0515625 0.0984375
5 0.69296875 0.72578125 0.1578125 0.39375
5 0.6453125 0.71171875 0.1171875 0.3625
5 0.58125 0.56484375 0.0765625 0.1203125
5 0.60703125 0.746875 0.15 0.390625
5 0.55625 0.72734375 0.1265625 0.38125
5 0.52109375 0.71875 0.1109375 0.365625
5 0.51484375 0.7625 0.140625 0.39375
5 0.48515625 0.75 0.128125 0.375
5 0.44296875 0.76640625 0.1453125 0.4234375
5 0.41796875 0.80078125 0.0953125 0.3984375
5 0.4015625 0.7734375 0.0625 0.45
