6 0.51328125 0.35546875 0.0296875 0.04375
9 0.7453125 0.2 0.509375 0.4
3 0.4640625 0.09765625 0.0453125 0.06875
7 0.47578125 0.246875 0.0703125 0.30625
6 0.31640625 0.28515625 0.028125 0.084375
6 0.4234375 0.15546875 0.0078125 0.025
6 0.3734375 0.21796875 0.015625 0.0515625
6 0.41328125 0.1671875 0.009375 0.0328125
6 0.39921875 0.184375 0.0125 0.0375
6 0.4328125 0.14609375 0.00625 0.021875
6 0.4390625 0.13828125 0.003125 0.0203125
6 0.115625 0.153125 0.0078125 0.0296875
6 0.4078125 0.1140625 0.003125 0.0125
7 0.2921875 0.1125 0.0046875 0.0078125
7 0.23828125 0.1125 0.0046875 0.0078125
7 0.23125 0.10859375 0.0078125 0.01875
2 0.13828125 0.08984375 0.0046875 0.009375
2 0.1859375 0.09609375 0.0046875 0.009375
2 0.23203125 0.09453125 0.0046875 0.0078125
5 0.13671875 0.103125 0.0140625 0.04375
5 0.18359375 0.1046875 0.0109375 0.03125
5 0.23046875 0.103125 0.009375 0.0265625
5 0.2390625 0.1109375 0.00625 0.0125
5 0.28515625 0.1109375 0.0078125 0.0171875
5 0.29296875 0.109375 0.0046875 0.0109375
4 0.13515625 0.1109375 0.009375 0.021875
4 0.1828125 0.10859375 0.0078125 0.01875
7 0.62578125 0.68125 0.3703125 0.5625
5 0.7203125 0.7 0.559375 0.6
3 0.24296875 0.425 0.0765625 0.05
4 0.2265625 0.57265625 0.18125 0.25625
5 0.1765625 0.7 0.353125 0.6
