3 0.68125 0.3 0.08125 0.075
3 0.80390625 0.24921875 0.1015625 0.140625
0 0.8296875 0.090625 0.28125 0.18125
0 0.66015625 0.178125 0.1421875 0.15
4 0.71328125 0.3921875 0.2515625 0.19375
4 0.88671875 0.35703125 0.2265625 0.2640625
4 0.95546875 0.3984375 0.0890625 0.18125
5 0.8265625 0.39921875 0.346875 0.1796875
5 0.73046875 0.24453125 0.5390625 0.4890625
5 0.7234375 0.290625 0.34375 0.396875
8 0.078125 0.24453125 0.15625 0.4890625
8 0.40859375 0.2125 0.1046875 0.425
4 0.14609375 0.05078125 0.0828125 0.1015625
5 0.16484375 0.15390625 0.2015625 0.3078125
5 0.0734375 0.03671875 0.109375 0.0734375
9 0.05546875 0.56328125 0.0921875 0.14375
7 0.17578125 0.525 0.0734375 0.071875
5 0.0421875 0.74453125 0.084375 0.5109375
5 0.175 0.6796875 0.125 0.38125
