6 0.7203125 0.06953125 0.203125 0.1390625
6 0.9046875 0.30390625 0.190625 0.4703125
1 0.34375 0.35078125 0.453125 0.2515625
2 0.28515625 0.0671875 0.5703125 0.134375
4 0.28515625 0.44453125 0.5703125 0.1890625
5 0.28515625 0.26953125 0.5703125 0.5390625
8 0.615625 0.74375 0.090625 0.409375
8 0.6484375 0.8125 0.15625 0.30625
9 0.86328125 0.97109375 0.090625 0.0375
8 0.128125 0.8640625 0.25625 0.271875
8 0.3625 0.83671875 0.2296875 0.165625
7 0.4984375 0.9078125 0.0171875 0.040625
5 0.5 0.903125 0.0265625 0.06875
0 0.5 0.87578125 0.0109375 0.0125
