8 0.665625 0.225 0.45 0.45
2 0.3921875 0.3875 0.096875 0.096875
5 0.25390625 0.2953125 0.3734375 0.309375
5 0.72578125 0.725 0.5484375 0.55
4 0.81015625 0.77890625 0.3796875 0.4421875
1 0.8921875 0.571875 0.215625 0.24375
3 0.28359375 0.88203125 0.0078125 0.015625
2 0.08984375 0.87734375 0.0125 0.0140625
2 0.06328125 0.8796875 0.0109375 0.0125
2 0.29453125 0.8578125 0.015625 0.0203125
2 0.284375 0.87109375 0.0125 0.0171875
3 0.0921875 0.8890625 0.0078125 0.0109375
3 0.06640625 0.8953125 0.0078125 0.0078125
4 0.29765625 0.9296875 0.0296875 0.0765625
4 0.30625 0.92265625 0.0203125 0.0703125
4 0.31015625 0.90859375 0.0234375 0.078125
2 0.29296875 0.871875 0.009375 0.015625
5 0.31328125 0.921875 0.0609375 0.15625
5 0.3078125 0.93125 0.065625 0.1375
5 0.29140625 0.93203125 0.0671875 0.1359375
5 0.075 0.934375 0.05 0.13125
5 0.096875 0.934375 0.05625 0.13125
