3 0.825 0.08046875 0.26875 0.1609375
4 0.8453125 0.3140625 0.309375 0.409375
5 0.8453125 0.259375 0.309375 0.51875
6 0.01875 0.040625 0.021875 0.040625
6 0.20703125 0.00859375 0.0234375 0.0171875
6 0.31640625 0.03671875 0.0359375 0.0640625
6 0.56953125 0.1765625 0.0859375 0.1375
6 0.02265625 0.0109375 0.0171875 0.021875
9 0.3421875 0.33046875 0.684375 0.3765625
9 0.928125 0.765625 0.0171875 0.0375
9 0.96015625 0.77578125 0.0796875 0.0859375
9 0.996875 0.78125 0.00625 0.0375
8 0.29375 0.759375 0.546875 0.48125
