5 0.72109375 0.19375 0.046875 0.096875
8 0.95859375 0.2296875 0.0828125 0.11875
8 0.72109375 0.215625 0.4640625 0.43125
5 0.18359375 0.3875 0.01875 0.04375
8 0.45078125 0.28203125 0.0390625 0.0390625
8 0.27578125 0.37890625 0.3890625 0.2015625
8 0.06171875 0.3828125 0.0609375 0.0953125
4 0.12578125 0.35625 0.0046875 0.0109375
5 0.1265625 0.35859375 0.0078125 0.021875
4 0.63125 0.91953125 0.103125 0.1609375
3 0.60703125 0.86796875 0.0296875 0.04375
3 0.71328125 0.98359375 0.0203125 0.0328125
2 0.7265625 0.909375 0.08125 0.10625
2 0.59921875 0.80078125 0.05 0.059375
5 0.6375 0.88203125 0.146875 0.2359375
5 0.74453125 0.925 0.2015625 0.15
8 0.68203125 0.7765625 0.4234375 0.446875
8 0.23515625 0.8296875 0.4703125 0.340625
0 0.17109375 0.89453125 0.025 0.0265625
3 0.17578125 0.91484375 0.0125 0.0125
4 0.1796875 0.93359375 0.03125 0.0359375
5 0.17734375 0.915625 0.0390625 0.071875
