8 0.71015625 0.31953125 0.5796875 0.6390625
5 0.86796875 0.6171875 0.0578125 0.04375
3 0.86328125 0.6328125 0.0109375 0.0125
0 0.86015625 0.61328125 0.0203125 0.025
8 0.21015625 0.31953125 0.4203125 0.6390625
5 0.784375 0.81953125 0.43125 0.3609375
6 0.321875 0.96171875 0.04375 0.0765625
6 0.13359375 0.83125 0.028125 0.059375
6 0.00234375 0.771875 0.0046875 0.028125
6 0.0171875 0.7484375 0.0046875 0.0109375
6 0.02890625 0.75234375 0.0046875 0.0125
6 0.0671875 0.74921875 0.00625 0.015625
6 0.08046875 0.76328125 0.0078125 0.021875
6 0.15546875 0.76171875 0.00625 0.0171875
6 0.11796875 0.7953125 0.0125 0.0296875
6 0.203125 0.78515625 0.0140625 0.0328125
6 0.2390625 0.76484375 0.009375 0.0234375
6 0.26484375 0.74921875 0.0046875 0.0140625
6 0.33984375 0.7765625 0.0078125 0.0234375
6 0.3125 0.80078125 0.0140625 0.03125
6 0.41484375 0.81875 0.0109375 0.0375
