3 0.709375 0.18046875 0.08125 0.040625
3 0.9796875 0.21328125 0.040625 0.0328125
3 0.425 0.11875 0.06875 0.040625
0 0.44375 0.0296875 0.10625 0.059375
0 0.71015625 0.0859375 0.165625 0.0859375
0 0.971875 0.13125 0.05625 0.078125
7 0.9359375 0.3828125 0.128125 0.284375
7 0.70390625 0.33671875 0.3046875 0.26875
7 0.4703125 0.30390625 0.159375 0.3203125
5 0.91875 0.4 0.1625 0.6375
5 0.71484375 0.3734375 0.3890625 0.690625
5 0.4859375 0.359375 0.190625 0.71875
8 0.1953125 0.41328125 0.390625 0.4796875
5 0.21953125 0.446875 0.0546875 0.1296875
1 0.840625 0.96875 0.26875 0.0625
