0 0.65 0.1 0.3 0.2
0 0.8421875 0.1953125 0.175 0.190625
3 0.8328125 0.3578125 0.1078125 0.096875
3 0.58359375 0.38359375 0.1671875 0.1796875
5 0.8125 0.2984375 0.375 0.403125
5 0.6484375 0.25 0.296875 0.5
9 0.0296875 0.32734375 0.059375 0.0546875
8 0.21875 0.2984375 0.275 0.1984375
8 0.34375 0.22578125 0.3125 0.4515625
5 0.8203125 0.75 0.359375 0.5
4 0.865625 0.75 0.26875 0.5
8 0.25 0.75 0.5 0.5
0 0.0265625 0.884375 0.0109375 0.0140625
7 0.03203125 0.903125 0.0203125 0.021875
5 0.03125 0.896875 0.028125 0.0359375
9 0.29375 0.9625 0.40625 0.075
9 0.34453125 0.85703125 0.3109375 0.2859375
