8 0.5921875 0.28359375 0.24375 0.5671875
8 0.728125 0.159375 0.25 0.31875
8 0.8734375 0.10859375 0.09375 0.109375
0 0.23359375 0.0390625 0.0859375 0.078125
0 0.375 0.0703125 0.090625 0.1015625
2 0.10390625 0.03203125 0.0890625 0.0640625
3 0.08515625 0.1265625 0.0453125 0.06875
3 0.228125 0.1125 0.0453125 0.0421875
3 0.375 0.1625 0.046875 0.05
4 0.37421875 0.3109375 0.1390625 0.284375
4 0.209375 0.25859375 0.15 0.26875
4 0.04765625 0.30625 0.0953125 0.35
5 0.09921875 0.3046875 0.1984375 0.609375
5 0.2015625 0.3046875 0.265625 0.609375
5 0.36171875 0.3109375 0.2171875 0.596875
5 0.4296875 0.3203125 0.08125 0.578125
5 0.73515625 0.8046875 0.5296875 0.390625
4 0.71484375 0.85625 0.4171875 0.2875
1 0.728125 0.6796875 0.21875 0.140625
8 0.23515625 0.8046875 0.4703125 0.390625
