5 0.946875 0.21171875 0.0875 0.4234375
8 0.475 0.33984375 0.5125 0.6796875
8 0.2859375 0.44609375 0.50625 0.4671875
0 0.7109375 0.19921875 0.015625 0.015625
3 0.71015625 0.221875 0.009375 0.0140625
7 0.70546875 0.2546875 0.028125 0.0578125
5 0.70625 0.253125 0.040625 0.125
3 0.8421875 0.9796875 0.025 0.01875
3 0.771875 0.98984375 0.0203125 0.01875
0 0.74296875 0.9828125 0.0234375 0.034375
0 0.76953125 0.95546875 0.0296875 0.03125
0 0.7828125 0.9953125 0.0375 0.009375
0 0.84296875 0.94296875 0.0328125 0.03125
0 0.85 0.99375 0.034375 0.0125
0 0.8921875 0.98828125 0.034375 0.0234375
0 0.93359375 0.97109375 0.0328125 0.034375
0 0.9515625 0.99453125 0.0375 0.0109375
0 0.9921875 0.98203125 0.015625 0.0359375
8 0.365625 0.83984375 0.73125 0.3203125
5 0.3140625 0.83984375 0.215625 0.3203125
7 0.371875 0.878125 0.0875 0.24375
3 0.3796875 0.68828125 0.034375 0.0171875
