3 0.69140625 0.521875 0.5546875 0.25625
2 0.70703125 0.13515625 0.5859375 0.2703125
4 0.68203125 0.52421875 0.5421875 0.2515625
5 0.70546875 0.325 0.5890625 0.65
8 0.70546875 0.825 0.5890625 0.35
5 0.740625 0.690625 0.021875 0.0328125
7 0.375 0.684375 0.071875 0.06875
7 0.3296875 0.66484375 0.059375 0.0296875
7 0.28671875 0.68046875 0.0734375 0.0609375
7 0.1859375 0.675 0.084375 0.05
7 0.1046875 0.66484375 0.078125 0.0296875
5 0.01875 0.7671875 0.0375 0.234375
5 0.05390625 0.7484375 0.0734375 0.196875
5 0.1015625 0.76171875 0.096875 0.2234375
5 0.1453125 0.74453125 0.0625 0.1890625
5 0.1921875 0.76875 0.096875 0.2375
5 0.2375 0.75078125 0.059375 0.2015625
5 0.28203125 0.77109375 0.0890625 0.2421875
5 0.33046875 0.75625 0.0640625 0.2125
5 0.36328125 0.7453125 0.0515625 0.190625
5 0.37421875 0.771875 0.0734375 0.24375
5 0.390625 0.759375 0.040625 0.21875
