8 0.5296875 0.16796875 0.3375 0.3359375
0 0.03046875 0.153125 0.0609375 0.11875
3 0.04453125 0.19765625 0.034375 0.071875
0 0.0984375 0.20234375 0.0390625 0.0578125
7 0.0703125 0.30390625 0.090625 0.1296875
7 0.04609375 0.29921875 0.0921875 0.1390625
5 0.06796875 0.184375 0.1359375 0.36875
5 0.075 0.2328125 0.15 0.271875
3 0.86953125 0.915625 0.2453125 0.16875
1 0.63828125 0.75546875 0.5546875 0.4890625
2 0.675 0.475 0.628125 0.2125
2 0.95390625 0.61015625 0.0921875 0.2765625
5 0.80234375 0.71328125 0.3953125 0.5734375
5 0.678125 0.684375 0.634375 0.63125
5 0.18046875 0.684375 0.3609375 0.63125
4 0.18046875 0.89765625 0.3609375 0.2046875
1 0.146875 0.75 0.29375 0.29375
2 0.18046875 0.46015625 0.3609375 0.1828125
