6 0.84140625 0.15703125 0.025 0.053125
6 0.8984375 0.08828125 0.0109375 0.03125
6 0.42734375 0.23046875 0.0375 0.0765625
6 0.96796875 0.09765625 0.0109375 0.025
6 0.9125 0.07109375 0.009375 0.021875
6 0.875 0.059375 0.009375 0.0203125
6 0.5015625 0.10625 0.015625 0.0375
6 0.553125 0.06875 0.0109375 0.0296875
6 0.590625 0.05078125 0.009375 0.0234375
6 0.8390625 0.04765625 0.00625 0.01875
6 0.7828125 0.0390625 0.00625 0.01875
6 0.72109375 0.0359375 0.00625 0.015625
6 0.6375 0.03828125 0.00625 0.0171875
6 0.74140625 0.08359375 0.0140625 0.0375
6 0.69140625 0.0578125 0.009375 0.028125
6 0.74375 0.05078125 0.009375 0.0234375
6 0.8125 0.0625 0.009375 0.025
5 0.67265625 0.00859375 0.0078125 0.0171875
9 0.68671875 0.31484375 0.5046875 0.2484375
8 0.1890625 0.25 0.221875 0.378125
2 0.615625 0.7390625 0.63125 0.265625
5 0.65 0.7953125 0.7 0.409375
4 0.20625 0.771875 0.1875 0.45625
0 0.17265625 0.71953125 0.2546875 0.5609375
9 0.15 0.71953125 0.3 0.5609375
