0 0.65546875 0.0828125 0.0234375 0.034375
0 0.575 0.04296875 0.0265625 0.040625
0 0.6828125 0.28203125 0.021875 0.03125
0 0.74296875 0.303125 0.0203125 0.0328125
7 0.73671875 0.309375 0.040625 0.05625
7 0.64921875 0.09609375 0.0390625 0.0578125
7 0.57890625 0.05859375 0.0609375 0.08125
5 0.60703125 0.03203125 0.0796875 0.0640625
5 0.590625 0.08125 0.0953125 0.1296875
5 0.65234375 0.115625 0.065625 0.1015625
5 0.67890625 0.29921875 0.040625 0.0828125
5 0.7359375 0.3234375 0.046875 0.0859375
8 0.18046875 0.21953125 0.3609375 0.4390625
1 0.53984375 0.63671875 0.3578125 0.3828125
4 0.59453125 0.8375 0.4671875 0.325
5 0.675 0.71953125 0.628125 0.5609375
1 0.18046875 0.88671875 0.3609375 0.2265625
2 0.18046875 0.69921875 0.3609375 0.2203125
5 0.18046875 0.77734375 0.3609375 0.4453125
