3 0.4734375 0.05234375 0.00625 0.0203125
3 0.521875 0.00390625 0.025 0.0078125
3 0.5140625 0.06796875 0.021875 0.021875
3 0.5953125 0.00859375 0.021875 0.0171875
3 0.58203125 0.07578125 0.025 0.021875
3 0.6296875 0.04453125 0.021875 0.021875
3 0.709375 0.00859375 0.025 0.0171875
3 0.94453125 0.06640625 0.034375 0.03125
3 0.88359375 0.05078125 0.0265625 0.021875
3 0.828125 0.07578125 0.0265625 0.025
3 0.75546875 0.05234375 0.0296875 0.021875
3 0.66484375 0.07265625 0.025 0.025
0 0.9484375 0.0171875 0.05625 0.034375
0 0.88984375 0.0125 0.0421875 0.025
0 0.834375 0.02734375 0.046875 0.046875
0 0.7578125 0.0140625 0.040625 0.028125
0 0.665625 0.01953125 0.040625 0.0390625
0 0.63125 0.01171875 0.034375 0.0234375
0 0.584375 0.0296875 0.0375 0.040625
0 0.5140625 0.02734375 0.0375 0.040625
0 0.47890625 0.01640625 0.0171875 0.0328125
7 0.9421875 0.175 0.115625 0.209375
7 0.88046875 0.11015625 0.06875 0.078125
7 0.82890625 0.175 0.1140625 0.190625
7 0.753125 0.13671875 0.1046875 0.159375
7 0.71328125 0.05 0.0609375 0.0640625
7 0.66640625 0.16015625 0.1046875 0.175
7 0.578125 0.1640625 0.0796875 0.153125
7 0.625 0.0765625 0.04375 0.0640625
7 0.58359375 0.05078125 0.065625 0.0546875
7 0.521875 0.05078125 0.078125 0.0875
7 0.50625 0.1671875 0.071875 0.165625
5 0.93125 0.26171875 0.1375 0.5234375
5 0.8828125 0.21640625 0.065625 0.4328125
5 0.8296875 0.25546875 0.134375 0.5046875
5 0.753125 0.2203125 0.109375 0.440625
5 0.7109375 0.18671875 0.065625 0.3734375
5 0.6671875 0.23984375 0.10625 0.4796875
5 0.62734375 0.20625 0.0640625 0.4125
5 0.59921875 0.184375 0.0421875 0.36875
5 0.58046875 0.23671875 0.0984375 0.4484375
5 0.521875 0.18203125 0.0875 0.3640625
5 0.509375 0.23125 0.078125 0.453125
5 0.48359375 0.2125 0.0265625 0.425
6 0.09453125 0.43984375 0.0296875 0.109375
6 0.2453125 0.2765625 0.0125 0.040625
6 0.36953125 0.26015625 0.009375 0.0375
6 0.084375 0.28828125 0.009375 0.0375
6 0.0921875 0.271875 0.00625 0.028125
6 0.17421875 0.265625 0.0078125 0.03125
6 0.3078125 0.2546875 0.0078125 0.028125
6 0.44921875 0.503125 0.0421875 0.09375
6 0.41171875 0.23984375 0.009375 0.034375
6 0.06015625 0.26953125 0.009375 0.0296875
6 0.46484375 0.2453125 0.0109375 0.034375
6 0.46875 0.234375 0.003125 0.025
6 0.4296875 0.22421875 0.00625 0.015625
6 0.403125 0.2359375 0.00625 0.021875
6 0.39453125 0.2375 0.00625 0.021875
6 0.33671875 0.24140625 0.00625 0.021875
6 0.31484375 0.24453125 0.00625 0.021875
6 0.2546875 0.24921875 0.00625 0.021875
6 0.20546875 0.25234375 0.00625 0.01875
6 0.1953125 0.2515625 0.00625 0.01875
6 0.21328125 0.2390625 0.0046875 0.0140625
6 0.18359375 0.24140625 0.0046875 0.0125
6 0.15078125 0.25625 0.0046875 0.0203125
6 0.13671875 0.2546875 0.00625 0.01875
6 0.09765625 0.2546875 0.0046875 0.01875
6 0.11484375 0.2453125 0.0046875 0.0125
6 0.0859375 0.259375 0.00625 0.021875
6 0.04140625 0.265625 0.00625 0.025
6 0.02890625 0.26484375 0.0078125 0.021875
6 0.16171875 0.240625 0.00625 0.0125
6 0.01171875 0.2625 0.0078125 0.0265625
6 0.00546875 0.25859375 0.00625 0.0203125
8 0.77734375 0.775 0.4453125 0.45
8 0.20859375 0.6953125 0.3078125 0.290625
8 0.12421875 0.815625 0.2484375 0.36875
