6 0.84453125 0.484375 0.0546875 0.13125
6 0.81328125 0.17421875 0.00625 0.028125
7 0.98125 0.12890625 0.0046875 0.0078125
7 0.93046875 0.13203125 0.0046875 0.0078125
7 0.92265625 0.12734375 0.00625 0.01875
2 0.8328125 0.1140625 0.0046875 0.009375
2 0.87890625 0.1171875 0.0046875 0.0078125
2 0.92265625 0.1140625 0.003125 0.0078125
5 0.83203125 0.12734375 0.0109375 0.040625
5 0.878125 0.12578125 0.009375 0.0296875
5 0.92265625 0.12265625 0.009375 0.025
5 0.93046875 0.1296875 0.00625 0.0125
5 0.975 0.12734375 0.0078125 0.0171875
5 0.98203125 0.12578125 0.0046875 0.009375
4 0.83125 0.134375 0.0078125 0.021875
4 0.87734375 0.13046875 0.0078125 0.01875
1 0.10703125 0.425 0.2140625 0.25
2 0.11640625 0.13359375 0.2328125 0.2640625
5 0.26015625 0.2765625 0.5203125 0.546875
9 0.76875 0.8671875 0.4625 0.265625
8 0.11640625 0.775 0.2328125 0.45
5 0.053125 0.5640625 0.025 0.028125
