9 0.890625 0.02421875 0.06875 0.0484375
9 0.93515625 0.0296875 0.0890625 0.059375
8 0.909375 0.1171875 0.0671875 0.103125
8 0.89453125 0.1796875 0.2109375 0.359375
0 0.6390625 0.053125 0.0078125 0.009375
0 0.67109375 0.021875 0.009375 0.0109375
4 0.6953125 0.0671875 0.0140625 0.0390625
2 0.6953125 0.0328125 0.009375 0.0109375
5 0.69140625 0.065625 0.0234375 0.0765625
7 0.66796875 0.0484375 0.01875 0.034375
7 0.6484375 0.06796875 0.0140625 0.021875
5 0.64765625 0.06484375 0.021875 0.0296875
5 0.665625 0.04921875 0.021875 0.0703125
7 0.684375 0.0859375 0.009375 0.0171875
5 0.68359375 0.07890625 0.0125 0.034375
8 0.31015625 0.21875 0.6203125 0.340625
5 0.86484375 0.98515625 0.0484375 0.0296875
8 0.71328125 0.85 0.1796875 0.3
8 0.81015625 0.69453125 0.3796875 0.6109375
9 0.9828125 0.8046875 0.034375 0.10625
7 0.89296875 0.75234375 0.0140625 0.0390625
0 0.884375 0.73046875 0.009375 0.0109375
5 0.88984375 0.76640625 0.0234375 0.0859375
5 0.38203125 0.69453125 0.4765625 0.6109375
4 0.4125 0.83125 0.396875 0.3375
1 0.421875 0.45859375 0.1875 0.1390625
