5 0.6015625 0.30546875 0.0453125 0.075
5 0.496875 0.2921875 0.0484375 0.0734375
3 0.490625 0.2796875 0.015625 0.0171875
3 0.6 0.2953125 0.021875 0.01875
2 0.61015625 0.275 0.0234375 0.015625
2 0.49453125 0.2640625 0.021875 0.0171875
4 0.49140625 0.3078125 0.0296875 0.034375
4 0.59921875 0.32109375 0.0328125 0.0359375
2 0.06015625 0.275 0.0140625 0.0234375
2 0.06328125 0.31328125 0.01875 0.021875
3 0.06640625 0.28359375 0.0140625 0.0203125
3 0.05703125 0.32265625 0.0078125 0.009375
4 0.06171875 0.34453125 0.028125 0.040625
4 0.08984375 0.290625 0.0484375 0.0640625
5 0.07890625 0.34140625 0.090625 0.1765625
5 0.05703125 0.3625 0.053125 0.1234375
8 0.75625 0.66015625 0.2125 0.2609375
8 0.5203125 0.6640625 0.259375 0.26875
6 0.009375 0.6375 0.01875 0.0625
6 0.14375 0.71640625 0.053125 0.1046875
6 0.16171875 0.65625 0.028125 0.0609375
6 0.2671875 0.665625 0.0328125 0.0640625
6 0.3484375 0.6765625 0.03125 0.059375
4 0.1921875 0.67578125 0.0390625 0.0546875
2 0.203125 0.63125 0.01875 0.0234375
5 0.19765625 0.67578125 0.078125 0.1265625
6 0.590625 0.9046875 0.1 0.190625
6 0.625 0.8953125 0.05 0.178125
9 0.6265625 0.66875 0.046875 0.05625
9 0.6109375 0.665625 0.0765625 0.0734375
