3 0.95625 0.2125 0.0875 0.04375
2 0.92265625 0.153125 0.1296875 0.0546875
4 0.91875 0.3078125 0.1625 0.203125
5 0.83046875 0.25859375 0.3390625 0.3015625
8 0.53203125 0.14140625 0.2578125 0.2828125
8 0.3375 0.23359375 0.6125 0.3515625
5 0.7328125 0.68359375 0.14375 0.1921875
3 0.72109375 0.7234375 0.1203125 0.08125
4 0.83046875 0.884375 0.3390625 0.23125
5 0.83046875 0.709375 0.3390625 0.58125
7 0.540625 0.5546875 0.184375 0.290625
5 0.525 0.61484375 0.234375 0.4109375
8 0.08046875 0.54296875 0.1609375 0.2671875
