6 0.88515625 0.5640625 0.0453125 0.03125
1 0.4421875 0.25234375 0.25625 0.2515625
2 0.28515625 0.05390625 0.5703125 0.1078125
5 0.28515625 0.28984375 0.5703125 0.5796875
4 0.28515625 0.46875 0.5703125 0.221875
1 0.75390625 0.75703125 0.3671875 0.1953125
4 0.78515625 0.8828125 0.4296875 0.140625
5 0.78515625 0.765625 0.4296875 0.371875
0 0.125 0.80078125 0.078125 0.0328125
0 0.06796875 0.7828125 0.05 0.028125
3 0.0640625 0.80703125 0.0359375 0.0109375
3 0.10703125 0.8265625 0.025 0.0140625
7 0.0609375 0.86484375 0.0859375 0.0890625
7 0.1484375 0.8859375 0.11875 0.115625
5 0.125 0.890625 0.16875 0.21875
5 0.05859375 0.88203125 0.1171875 0.2359375
0 0.1234375 0.64375 0.009375 0.0046875
7 0.1234375 0.653125 0.015625 0.0125
5 0.125 0.65703125 0.021875 0.0328125
0 0.11875 0.6703125 0.009375 0.0046875
7 0.1234375 0.68125 0.0171875 0.0140625
5 0.12109375 0.68515625 0.021875 0.034375
