5 0.2640625 0.240625 0.078125 0.2078125
5 0.12265625 0.23828125 0.096875 0.2203125
4 0.27265625 0.19375 0.028125 0.04375
4 0.1078125 0.1953125 0.0359375 0.0609375
3 0.26640625 0.16875 0.0046875 0.0109375
3 0.11171875 0.1640625 0.00625 0.0078125
0 0.10703125 0.14296875 0.021875 0.025
0 0.26953125 0.15078125 0.0203125 0.028125
6 0.709375 0.98359375 0.115625 0.0328125
5 0.73984375 0.57734375 0.2890625 0.1765625
2 0.01484375 0.74140625 0.0296875 0.0671875
4 0.04765625 0.925 0.0953125 0.15
5 0.09921875 0.846875 0.1984375 0.30625
