8 0.3015625 0.25 0.596875 0.5
9 0.03984375 0.42109375 0.0796875 0.1578125
8 0.8 0.75 0.4 0.5
4 0.92578125 0.95 0.05625 0.065625
2 0.9203125 0.89296875 0.028125 0.0203125
3 0.91796875 0.91328125 0.0234375 0.0171875
5 0.92265625 0.9390625 0.0890625 0.121875
0 0.334375 0.55078125 0.0875 0.1015625
0 0.0359375 0.5515625 0.071875 0.103125
0 0.18828125 0.55625 0.090625 0.1
2 0.45625 0.5859375 0.0875 0.0703125
2 0.0765625 0.5375 0.06875 0.075
3 0.453125 0.684375 0.0453125 0.06875
3 0.31875 0.63359375 0.0453125 0.0421875
3 0.16796875 0.64453125 0.0484375 0.0515625
3 0.0375 0.63984375 0.0515625 0.0625
4 0.01640625 0.8265625 0.0328125 0.346875
4 0.13515625 0.78671875 0.1453125 0.2828125
4 0.3046875 0.778125 0.1546875 0.26875
4 0.4765625 0.84921875 0.159375 0.3015625
4 0.565625 0.81875 0.06875 0.3625
5 0.5390625 0.75 0.121875 0.5
5 0.42734375 0.76875 0.3046875 0.4625
5 0.29375 0.75 0.284375 0.5
5 0.1234375 0.75 0.246875 0.5
5 0.05703125 0.75 0.1140625 0.5
