1 0.58984375 0.01328125 0.0703125 0.0265625
1 0.86484375 0.1015625 0.0671875 0.06875
1 0.6203125 0.13828125 0.075 0.0640625
1 0.61640625 0.3046875 0.065625 0.0640625
1 0.88203125 0.346875 0.059375 0.071875
2 0.85546875 0.02265625 0.0765625 0.0453125
2 0.84375 0.25078125 0.096875 0.075
2 0.6125 0.21484375 0.0796875 0.06875
2 0.59765625 0.05234375 0.09375 0.08125
4 0.9453125 0.0296875 0.109375 0.059375
4 0.809375 0.0953125 0.171875 0.190625
4 0.54375 0.08671875 0.0625 0.14375
4 0.50703125 0.23515625 0.0328125 0.1265625
5 0.72109375 0.01953125 0.1140625 0.0390625
5 0.8 0.1171875 0.25 0.234375
5 0.94140625 0.07109375 0.1171875 0.1421875
5 0.96796875 0.1 0.0640625 0.2
5 0.9453125 0.29453125 0.109375 0.2484375
5 0.87578125 0.2046875 0.2484375 0.409375
5 0.8640625 0.30703125 0.271875 0.2234375
5 0.6546875 0.29296875 0.25 0.2515625
5 0.640625 0.209375 0.278125 0.41875
5 0.596875 0.11171875 0.2125 0.2234375
5 0.5859375 0.0375 0.190625 0.075
5 0.515625 0.20546875 0.05 0.3296875
1 0.3375 0.3109375 0.203125 0.215625
2 0.334375 0.046875 0.20625 0.09375
5 0.2453125 0.209375 0.490625 0.41875
5 0.61953125 0.73671875 0.0140625 0.0390625
8 0.546875 0.72265625 0.1125 0.2515625
8 0.6921875 0.709375 0.403125 0.58125
8 0.3484375 0.753125 0.284375 0.459375
7 0.35078125 0.86484375 0.01875 0.0234375
5 0.35390625 0.871875 0.0296875 0.053125
8 0.15546875 0.9671875 0.2390625 0.065625
8 0.00390625 0.92421875 0.0078125 0.0265625
