5 0.815625 0.26484375 0.36875 0.5296875
4 0.35234375 0.26484375 0.2609375 0.5296875
4 0.24921875 0.0234375 0.0296875 0.046875
4 0.1484375 0.14921875 0.15 0.2984375
4 0.11328125 0.03046875 0.0546875 0.0609375
4 0.0484375 0.11015625 0.096875 0.2203125
4 0.009375 0.26484375 0.01875 0.5296875
5 0.21875 0.03046875 0.096875 0.0609375
5 0.0671875 0.26484375 0.134375 0.5296875
5 0.03828125 0.26484375 0.0765625 0.5296875
5 0.17109375 0.26484375 0.2203125 0.5296875
0 0.36953125 0.26484375 0.3953125 0.5296875
9 0.33671875 0.26484375 0.5890625 0.5296875
8 0.815625 0.76484375 0.36875 0.4703125
8 0.13046875 0.89609375 0.2609375 0.2078125
9 0.48671875 0.76484375 0.2890625 0.4703125
7 0.45390625 0.58515625 0.021875 0.0625
0 0.46015625 0.53828125 0.0140625 0.0171875
5 0.45234375 0.609375 0.0328125 0.159375
