5 0.4546875 0.115625 0.028125 0.075
5 0.5609375 0.11796875 0.040625 0.071875
3 0.5703125 0.10625 0.0140625 0.015625
3 0.45234375 0.10625 0.021875 0.01875
2 0.44921875 0.0828125 0.0171875 0.0125
2 0.56875 0.08828125 0.0203125 0.015625
4 0.5640625 0.1359375 0.028125 0.0328125
4 0.45234375 0.13203125 0.0234375 0.0359375
4 0.98359375 0.1796875 0.0328125 0.0625
5 0.97890625 0.234375 0.0421875 0.178125
7 0.18125 0.0453125 0.196875 0.090625
5 0.14140625 0.1625 0.2765625 0.325
6 0.496875 0.8265625 0.021875 0.0546875
6 0.65 0.78984375 0.01875 0.05
6 0.7546875 0.76796875 0.0109375 0.0390625
6 0.79453125 0.76171875 0.00625 0.0328125
6 0.82109375 0.75703125 0.00625 0.03125
6 0.8703125 0.87578125 0.0375 0.09375
6 0.9375 0.81796875 0.01875 0.059375
6 0.9671875 0.79453125 0.0140625 0.0484375
6 0.9890625 0.79296875 0.0109375 0.040625
6 0.996875 0.771875 0.00625 0.028125
6 0.9921875 0.7609375 0.0109375 0.0296875
6 0.84140625 0.7546875 0.00625 0.025
6 0.8765625 0.75625 0.00625 0.0234375
6 0.51484375 0.76171875 0.0125 0.03125
6 0.58671875 0.746875 0.009375 0.028125
6 0.65 0.74375 0.0109375 0.034375
9 0.7203125 0.85703125 0.559375 0.2859375
