0 0.73828125 0.125 0.1875 0.109375
0 0.565625 0.03828125 0.121875 0.06875
2 0.89921875 0.33046875 0.175 0.06875
2 0.51953125 0.25703125 0.18125 0.05625
9 0.47734375 0.29453125 0.4328125 0.5890625
3 0.57421875 0.1078125 0.084375 0.0375
3 0.76171875 0.2171875 0.11875 0.065625
3 0.5203125 0.365625 0.1203125 0.059375
3 0.8890625 0.440625 0.115625 0.065625
4 0.84453125 0.51875 0.3109375 0.140625
4 0.50078125 0.4859375 0.3546875 0.20625
7 0.79375 0.33984375 0.3125 0.2609375
4 0.5859375 0.16796875 0.1875 0.1546875
5 0.5609375 0.12578125 0.259375 0.25
5 0.4875 0.40625 0.453125 0.365625
5 0.80390625 0.4390625 0.3921875 0.3
5 0.78828125 0.27734375 0.4234375 0.4359375
8 0.13046875 0.15390625 0.2609375 0.3078125
5 0.70625 0.79453125 0.5875 0.4109375
0 0.95078125 0.70390625 0.0984375 0.2296875
4 0.74921875 0.9203125 0.3984375 0.159375
1 0.84140625 0.815625 0.2 0.3015625
