1 0.7203125 0.13828125 0.540625 0.2765625
4 0.725 0.32421875 0.55 0.4296875
5 0.725 0.26953125 0.55 0.5390625
7 0.1921875 0.22734375 0.1515625 0.29375
0 0.1984375 0.10625 0.0921875 0.165625
5 0.2109375 0.278125 0.209375 0.521875
2 0.57109375 0.91171875 0.0640625 0.0328125
2 0.8515625 0.621875 0.10625 0.065625
4 0.53046875 0.9671875 0.0890625 0.065625
4 0.83125 0.70546875 0.175 0.1515625
3 0.8453125 0.67265625 0.071875 0.0296875
3 0.5765625 0.93203125 0.0328125 0.01875
5 0.55078125 0.94609375 0.2015625 0.1078125
5 0.83046875 0.778125 0.2890625 0.3859375
8 0.225 0.76953125 0.45 0.4609375
