9 0.99296875 0.36328125 0.0140625 0.0265625
8 0.74765625 0.36953125 0.0296875 0.0328125
9 0.7765625 0.3796875 0.0328125 0.0296875
9 0.36640625 0.35234375 0.015625 0.015625
3 0.7203125 0.4359375 0.0078125 0.0109375
0 0.71875 0.4171875 0.0203125 0.0328125
5 0.7328125 0.4390625 0.05 0.08125
4 0.8578125 0.39296875 0.0265625 0.05625
0 0.85625 0.35078125 0.015625 0.021875
5 0.86328125 0.40859375 0.0484375 0.1421875
8 0.128125 0.2765625 0.25625 0.40625
8 0.675 0.73984375 0.65 0.5203125
8 0.80234375 0.73984375 0.3953125 0.5203125
4 0.4984375 0.6921875 0.0828125 0.1
2 0.5 0.59765625 0.0265625 0.01875
3 0.5 0.63984375 0.0234375 0.021875
5 0.50546875 0.71796875 0.128125 0.2671875
8 0.175 0.76328125 0.35 0.4734375
8 0.175 0.59296875 0.35 0.2265625
