8 0.7671875 0.29921875 0.465625 0.5609375
8 0.63359375 0.47578125 0.5453125 0.5265625
7 0.1859375 0.475 0.35 0.41875
7 0.18125 0.0671875 0.359375 0.134375
5 0.18046875 0.0875 0.3609375 0.175
5 0.18046875 0.4125 0.3609375 0.584375
5 0.64140625 0.89375 0.1515625 0.2125
5 0.78046875 0.93828125 0.1546875 0.1234375
5 0.8171875 0.89296875 0.10625 0.2140625
4 0.80390625 0.89921875 0.0484375 0.103125
4 0.74453125 0.97578125 0.0546875 0.0484375
4 0.6625 0.94375 0.078125 0.1125
3 0.80625 0.8484375 0.0203125 0.01875
3 0.765625 0.94140625 0.009375 0.0125
3 0.6234375 0.88359375 0.01875 0.0328125
0 0.80625 0.8078125 0.034375 0.0390625
0 0.7546875 0.9125 0.0453125 0.059375
0 0.6296875 0.82265625 0.0671875 0.06875
9 0.146875 0.8671875 0.075 0.03125
9 0.2875 0.85390625 0.078125 0.03125
