5 0.6 0.2046875 0.265625 0.409375
5 0.71796875 0.2046875 0.3359375 0.409375
7 0.71171875 0.15078125 0.2640625 0.2828125
7 0.5578125 0.1390625 0.125 0.25
0 0.6484375 0.0234375 0.13125 0.046875
0 0.8046875 0.02578125 0.134375 0.0515625
2 0.3953125 0.3 0.00625 0.00625
2 0.3765625 0.29921875 0.0078125 0.009375
2 0.18046875 0.3078125 0.0125 0.025
2 0.16875 0.34921875 0.01875 0.021875
3 0.171875 0.3171875 0.0125 0.021875
3 0.17421875 0.36015625 0.0078125 0.009375
4 0.3953125 0.3234375 0.0125 0.03125
4 0.37734375 0.321875 0.0140625 0.028125
4 0.165625 0.3828125 0.025 0.040625
4 0.14453125 0.31953125 0.04375 0.0640625
5 0.14921875 0.34609375 0.0734375 0.1265625
5 0.16796875 0.37265625 0.0390625 0.0734375
5 0.3765625 0.31640625 0.01875 0.04375
5 0.39453125 0.31953125 0.0171875 0.046875
0 0.76328125 0.53828125 0.21875 0.121875
3 0.9625 0.5046875 0.075 0.121875
3 0.73203125 0.678125 0.1078125 0.0640625
4 0.79921875 0.8546875 0.2546875 0.290625
4 0.9359375 0.79765625 0.128125 0.4046875
5 0.9359375 0.7046875 0.128125 0.590625
5 0.80546875 0.73515625 0.3140625 0.5296875
8 0.225 0.7046875 0.45 0.590625
8 0.225 0.5140625 0.45 0.209375
7 0.42734375 0.61484375 0.025 0.065625
4 0.3703125 0.6171875 0.009375 0.040625
5 0.3484375 0.6265625 0.0640625 0.1484375
