0 0.8484375 0.09765625 0.15625 0.1953125
0 0.51484375 0.07578125 0.0890625 0.1515625
0 0.5453125 0.05 0.046875 0.1
2 0.69765625 0.071875 0.096875 0.096875
3 0.52109375 0.15546875 0.028125 0.0421875
3 0.4765625 0.240625 0.0125 0.121875
3 0.70390625 0.2 0.0421875 0.0578125
4 0.80625 0.4046875 0.2625 0.15
4 0.703125 0.31796875 0.0296875 0.1140625
4 0.60625 0.33125 0.153125 0.296875
4 0.57109375 0.2875 0.05625 0.190625
4 0.51328125 0.32578125 0.0859375 0.3078125
0 0.57890625 0.078125 0.0515625 0.0859375
3 0.575 0.1578125 0.0359375 0.0390625
0 0.646875 0.146875 0.01875 0.0390625
5 0.67421875 0.25546875 0.096875 0.265625
5 0.575 0.13828125 0.06875 0.221875
5 0.53359375 0.23984375 0.1265625 0.4796875
5 0.50546875 0.23984375 0.0703125 0.4796875
5 0.6265625 0.24921875 0.225 0.4609375
0 0.8125 0.23984375 0.375 0.4796875
9 0.74765625 0.23984375 0.5046875 0.4796875
8 0.51640625 0.92578125 0.0921875 0.1484375
8 0.23515625 0.66953125 0.4703125 0.3796875
