1 0.78125 0.2203125 0.4 0.278125
4 0.790625 0.43984375 0.41875 0.2796875
5 0.790625 0.28984375 0.41875 0.5796875
8 0.44375 0.2703125 0.2171875 0.2046875
8 0.290625 0.28984375 0.58125 0.5796875
2 0.4421875 0.23515625 0.0125 0.015625
3 0.440625 0.2546875 0.0109375 0.0140625
5 0.43125 0.27890625 0.0375 0.109375
4 0.4390625 0.2859375 0.0140625 0.04375
0 0.92421875 0.8015625 0.025 0.025
5 0.9265625 0.8078125 0.025 0.034375
4 0.6171875 0.5828125 0.009375 0.00625
4 0.61796875 0.59296875 0.0171875 0.0265625
8 0.31171875 0.78984375 0.5390625 0.4203125
