3 0.59609375 0.090625 0.0484375 0.0328125
3 0.78203125 0.340625 0.0453125 0.0328125
4 0.44453125 0.103125 0.25 0.178125
4 0.8078125 0.40859375 0.16875 0.1203125
0 0.83359375 0.31875 0.13125 0.071875
2 0.64375 0.06171875 0.0859375 0.0625
5 0.49375 0.2 0.3875 0.4
5 0.69609375 0.35625 0.4390625 0.225
3 0.10546875 0.23828125 0.009375 0.0140625
0 0.1046875 0.2171875 0.028125 0.0359375
4 0.0875 0.275 0.0328125 0.071875
5 0.0921875 0.32578125 0.0890625 0.253125
1 0.715625 0.690625 0.56875 0.39375
4 0.65 0.84921875 0.7 0.3015625
5 0.65 0.734375 0.7 0.53125
8 0.15 0.734375 0.3 0.53125
