8 0.7203125 0.3296875 0.559375 0.559375
2 0.73203125 0.16875 0.0125 0.0171875
3 0.73515625 0.18046875 0.009375 0.009375
4 0.73046875 0.20859375 0.025 0.04375
5 0.73515625 0.20078125 0.0359375 0.0796875
1 0.27890625 0.175 0.225 0.290625
5 0.2203125 0.3046875 0.440625 0.609375
4 0.26015625 0.44609375 0.3609375 0.3265625
8 0.7203125 0.8046875 0.559375 0.390625
9 0.37109375 0.85546875 0.1390625 0.2171875
0 0.10625 0.75546875 0.0265625 0.046875
4 0.1 0.7875 0.0390625 0.0546875
5 0.09296875 0.809375 0.071875 0.16875
