11 0.5510815734375 0.3055975625 0.6270368687500001 0.313263240625 0.6310345328125 0.196574284375 0.55707806875 0.1837981203125 0.5510815734375 0.3055975625
11 0.5475836468749999 0.435062665625 0.6180421843749999 0.4427284421875 0.6240386796874999 0.3209289515625 0.5517670015625 0.311292240625 0.5475836468749999 0.435062665625
11 0.5405495796875 0.55972481875 0.6088486625 0.56967854375 0.6151961609375001 0.45412891093749996 0.5466738078125 0.44505488125000003 0.5405495796875 0.55972481875
11 0.5362332890625 0.6735138875 0.6012316656250001 0.681303728125 0.6108798703125 0.57916999375 0.5425472499999999 0.5684707328124999 0.5362332890625 0.6735138875
11 0.475996115625 0.2518618125 0.55038878125 0.2609499859375 0.5508965921875 0.2211351421875 0.47620488125 0.2112143203125 0.475996115625 0.2518618125
11 0.4714259078125 0.35356279218750003 0.5440412828125 0.36091988750000004 0.54835759375 0.2717692375 0.475570025 0.2610137 0.4714259078125 0.35356279218750003
11 0.467662375 0.447172590625 0.53731361875 0.45783774531250004 0.5427474078125 0.37083259218750003 0.469812284375 0.360592834375 0.467662375 0.447172590625
11 0.46189926875 0.5392400796875 0.5325384703125 0.5490632390625 0.5368196453125 0.4651453734375 0.466518534375 0.4557258734375 0.46189926875 0.5392400796875
11 0.46222858437500003 0.5765681 0.53006856875 0.589197878125 0.531221196875 0.556360440625 0.46322478437500003 0.5466463796875 0.46222858437500003 0.5765681
11 0.46058198125 0.6624297328125001 0.5256227484375 0.6719722375 0.5289159515625 0.595632240625 0.46301892499999997 0.5870164875 0.46058198125 0.6624297328125001
11 0.36102201875 0.5674391953125 0.44236414375 0.5823142765625 0.44368143125000004 0.546950890625 0.3605009515625 0.5322535578124999 0.36102201875 0.5674391953125
11 0.366455796875 0.637323984375 0.446315978125 0.6536023531249999 0.4443400609375 0.590172803125 0.3625595453125 0.5729747109375001 0.366455796875 0.637323984375
11 0.3667851234375 0.7623661671875 0.442034828125 0.7775219046874999 0.443846075 0.6621299578125 0.3658532953125 0.6463429953125 0.3667851234375 0.7623661671875
11 0.8782862984375001 0.3660454234375 0.923123925 0.3785983828125 0.9272394421874999 0.3221100890625 0.8842279375000001 0.3044129015625 0.8782862984375001 0.3660454234375
11 0.8707050562499999 0.43582508124999997 0.914243028125 0.4461628046875 0.9205246484374999 0.3867208703125 0.8777286500000001 0.3713726578125 0.8707050562499999 0.43582508124999997
11 0.8667371453125 0.4790090765625 0.90947890625 0.48743138124999996 0.9129377625 0.4541632921875 0.8698649671875 0.444130253125 0.8667371453125 0.4790090765625
11 0.8519134156250001 0.5720755421875 0.895396371875 0.5783922703125 0.9084906734375 0.4937481078125 0.8655406609374999 0.48679456718749997 0.8519134156250001 0.5720755421875
11 0.8351731750000001 0.6685878359374999 0.8771737421875001 0.6690089609375 0.892738665625 0.5835225828125 0.8500967125000001 0.577390396875 0.8351731750000001 0.6685878359374999
11 0.931125275 0.377305659375 0.968953571875 0.3895704875 0.97779388125 0.29565694531250003 0.940003696875 0.2779703671875 0.931125275 0.377305659375
11 0.9185843984375 0.480330203125 0.955795890625 0.488740375 0.9687479703124999 0.396578959375 0.930236625 0.383600859375 0.9185843984375 0.480330203125
11 0.9031652640625 0.5778673328124999 0.940993528125 0.581021125 0.954356778125 0.49306479531249997 0.917128184375 0.48747814843750004 0.9031652640625 0.5778673328124999
11 0.8852790578124999 0.66966204375 0.9218737953125 0.6686107890625 0.9379097015625 0.58696206875 0.9009354046875 0.5856575281249999 0.8852790578124999 0.66966204375
11 0.9738941671875001 0.3913041609375 1 0.4018168703125 1 0.3065016296875 0.9842125562499999 0.2985705046875 0.9738941671875001 0.3913041609375
11 0.9605269921874999 0.4887458484375 0.99236049375 0.4956238625 1 0.44977040625000003 1 0.4082864078125 0.9738298921874999 0.39840740625 0.9605269921874999 0.4887458484375
11 0.9462915796875 0.5805125078125 0.9770041921875 0.58509785625 0.9910154203125 0.50221324375 0.960096609375 0.49518943593750003 0.9462915796875 0.5805125078125
11 0.92748723125 0.6683675390625 0.9594328296875 0.6685585921875 0.9757979499999999 0.590225615625 0.9437007515625 0.5871921046875 0.92748723125 0.6683675390625
