11 0.5509896890625 0.2639198375 0.551953928125 0.2225020609375 0.4775109296875 0.2123081140625 0.47899325625 0.25541685468750003 0.5509896890625 0.2639198375
11 0.5448828531250001 0.3634620296875 0.5495433328125 0.271026309375 0.47558191718750004 0.26082784999999997 0.47047581093749996 0.356330475 0.5448828531250001 0.3634620296875
11 0.53861530625 0.45993686250000004 0.5429543781249999 0.37024405 0.4699936921875 0.36119248125 0.46629745156249996 0.4475938140625 0.53861530625 0.45993686250000004
11 0.5325084703125 0.54985383125 0.53765106875 0.46646967968749997 0.46497235000000003 0.45490679843750004 0.4634047359375 0.541350834375 0.5325084703125 0.54985383125
11 0.53154423125 0.5893515828125 0.5325084703125 0.5553396203125 0.46328446406249996 0.545367325 0.4622797875 0.5803000140625 0.53154423125 0.5893515828125
11 0.5278479765624999 0.6713141265625 0.529776453125 0.5972558421875 0.4623199578125 0.5864857453125001 0.4597084953125 0.6633597265625 0.5278479765624999 0.6713141265625
11 0.6266377546874999 0.3167334421875 0.630816115625 0.197691603125 0.5558770562500001 0.1822916671875 0.551587896875 0.307681875 0.6266377546874999 0.3167334421875
11 0.6186024421874999 0.447195165625 0.6261556359375 0.323764690625 0.5529835375000001 0.31140350781250004 0.5462845796875 0.438143596875 0.6186024421874999 0.447195165625
11 0.61040641875 0.5705755 0.61731678125 0.4556480203125 0.545508615625 0.443393640625 0.5406598546875 0.562895396875 0.61040641875 0.5705755
11 0.6042995671875 0.679941975 0.612656303125 0.577906115625 0.5404449578125 0.568804825 0.5376064375 0.676101925 0.6042995671875 0.679941975
11 0.44255967656250006 0.58212628125 0.444721365625 0.5468124359375001 0.35979824531250004 0.5283649109375 0.362268728125 0.5689494828125 0.44255967656250006 0.58212628125
11 0.447191846875 0.6564434703125 0.4468830546875 0.5910865171874999 0.3620275671875 0.5746854375 0.3644304171875 0.6385230203125001 0.447191846875 0.6564434703125
11 0.44101562968749997 0.778724225 0.4456478 0.65855175 0.3641215953125 0.6501186031249999 0.36720971874999997 0.7613308421875 0.44101562968749997 0.778724225
11 0.9228500140625 0.38196409062500003 0.929589003125 0.32208631875 0.8836471156249999 0.3049538890625 0.876866371875 0.3691089703125 0.9228500140625 0.38196409062500003
11 0.9155164250000001 0.4462396734375 0.9210661640625 0.3880533546875 0.877996690625 0.3724021171875 0.8693345546875 0.4350760203125 0.9155164250000001 0.4462396734375
11 0.9095702625 0.4888026703125 0.9133361546875 0.45260536875 0.87145409375 0.44238599218749997 0.8653704515625 0.4789921828125 0.9095702625 0.4888026703125
11 0.8964887062500001 0.5801416578125 0.9093720515625 0.4948919359375 0.864316715625 0.48650626093750005 0.8509014515625 0.5723609109375001 0.8964887062500001 0.5801416578125
11 0.9555539062499999 0.4915399359375 0.969230078125 0.3954648640625 0.9303374671875 0.384573225 0.917300275 0.48409749062499996 0.9555539062499999 0.4915399359375
11 0.9686354625 0.39039047656250003 0.9783475328125 0.2943154046875 0.9407461453125 0.2801045421875 0.9287961749999999 0.3815948671875 0.9686354625 0.39039047656250003
11 0.9404903062500001 0.581125615625 0.9549592890625 0.49350785 0.9172522734375 0.48599913125 0.9026330625 0.5801107375 0.9404903062500001 0.581125615625
11 0.9773565124999999 0.585523396875 0.992618321875 0.5012885671875 0.9591843734375001 0.4951274625 0.9444544078125 0.5845085203125 0.9773565124999999 0.585523396875
11 0.9609054515625 0.6686815078125 0.9765636843750001 0.5915508203125001 0.9422330984375 0.5879321671875 0.9289943875000001 0.6686815078125 0.9609054515625 0.6686815078125
