11 0.5921875 0.25 0.071875 0.109375
11 0.58515625 0.38046875 0.0671875 0.115625
11 0.578125 0.5078125 0.065625 0.109375
11 0.57265625 0.628125 0.0625 0.103125
11 0.51484375 0.234375 0.075 0.040625
11 0.51015625 0.3125 0.06875 0.0828125
11 0.50390625 0.409375 0.06875 0.0796875
11 0.5 0.503125 0.0671875 0.0765625
11 0.49765625 0.56796875 0.0671875 0.0265625
11 0.49453125 0.62890625 0.0640625 0.0703125
11 0.40234375 0.55625 0.08125 0.0234375
11 0.40546875 0.6140625 0.0828125 0.05
11 0.40546875 0.7125 0.075 0.0984375
11 0.90234375 0.34453125 0.04375 0.053125
11 0.8953125 0.4125 0.040625 0.0484375
11 0.88828125 0.46484375 0.04375 0.0296875
11 0.87265625 0.53515625 0.040625 0.0765625
11 0.95 0.33515625 0.0390625 0.0859375
11 0.940625 0.4390625 0.0359375 0.0859375
11 0.92578125 0.53671875 0.03125 0.0890625
