11 0.5140625 0.2328125 0.0734375 0.0421875
11 0.51015625 0.3125 0.071875 0.0875
11 0.5046875 0.40859375 0.06875 0.0921875
11 0.5 0.50234375 0.065625 0.0828125
11 0.496875 0.56875 0.06875 0.0328125
11 0.87578125 0.5328125 0.0484375 0.0890625
11 0.49296875 0.6328125 0.065625 0.075
11 0.5921875 0.24921875 0.071875 0.1140625
11 0.5859375 0.3765625 0.0671875 0.115625
11 0.57890625 0.509375 0.065625 0.109375
11 0.57265625 0.625 0.0625 0.103125
11 0.40234375 0.55234375 0.084375 0.0359375
11 0.40390625 0.6140625 0.0828125 0.046875
11 0.40546875 0.71171875 0.0734375 0.1015625
11 0.8890625 0.4671875 0.04375 0.0328125
11 0.89375 0.4125 0.046875 0.05
11 0.90234375 0.3421875 0.04375 0.0609375
11 0.8578125 0.62578125 0.040625 0.0859375
11 0.953125 0.33359375 0.034375 0.09375
11 0.9390625 0.4390625 0.034375 0.0859375
11 0.925 0.53671875 0.03125 0.0890625
11 0.9078125 0.628125 0.028125 0.0828125
