11 0.9 0.34296875 0.046875 0.0484375
11 0.89296875 0.41015625 0.0453125 0.05
11 0.8890625 0.46640625 0.046875 0.028125
11 0.8734375 0.534375 0.0453125 0.078125
11 0.9515625 0.33671875 0.040625 0.0859375
11 0.9390625 0.43984375 0.034375 0.090625
11 0.9265625 0.53671875 0.0484375 0.0890625
11 0.58984375 0.2453125 0.0703125 0.1203125
11 0.58515625 0.3796875 0.071875 0.1140625
11 0.578125 0.5078125 0.065625 0.1125
11 0.57265625 0.62578125 0.0625 0.1015625
11 0.4791854015625 0.21429729218750002 0.4766818171875 0.251062165625 0.5498229421875 0.2615882578125 0.55020890625 0.2237601234375 0.4791854015625 0.21429729218750002
11 0.4730151078125 0.352704721875 0.5430684859375 0.36257293125 0.5478930984375 0.273430128125 0.47687479843749997 0.262575075 0.4730151078125 0.352704721875
11 0.47291820468749995 0.3650546953125 0.4672255734375 0.44461959218749997 0.53612103125 0.4571193328125 0.541524603125 0.3742264015625 0.47291820468749995 0.3650546953125
11 0.46967640624999996 0.45995962031250004 0.463751846875 0.5381404875 0.5314894156250001 0.5460350593750001 0.53573506875 0.46774727812499994 0.46967640624999996 0.45995962031250004
11 0.46473556250000003 0.5493413171875 0.464137825 0.5509691640625001 0.4631729015625 0.5799159203124999 0.529366575 0.590442 0.5316823828125 0.558205853125 0.46473556250000003 0.5493413171875
11 0.460471115625 0.660582690625 0.524734959375 0.6681482890625 0.5289806109375 0.5987418921875001 0.4645237875 0.5888736765625 0.460471115625 0.660582690625
11 0.3608487453125 0.5298779 0.361534171875 0.5312170578125001 0.3600254875 0.5639121375 0.44214050781249997 0.5808107078125 0.44300261093750004 0.5462788484375001 0.3608487453125 0.5298779
11 0.36408215625 0.57398844375 0.36390494375000004 0.5745940218750001 0.36455150937499997 0.6355758453125 0.4442957578125 0.651004984375 0.4438647140625 0.5911252390625 0.36408215625 0.57398844375
11 0.3673512296875 0.6483061984375 0.366922296875 0.760167890625 0.43998525781250003 0.7763317671875 0.4423560453125 0.6642868234375 0.3673512296875 0.6483061984375
11 1 0.4091314265625 0.9743247687500001 0.40112028281249995 0.974111134375 0.4025768671875 0.9617201718749999 0.48778634062500004 0.9916294171875 0.49616162968750005 0.9999612656249999 0.447002309375 1 0.4091314265625
11 0.9595469859374999 0.4957194734375 0.9456973609375 0.582155784375 0.976247509375 0.5843406375 0.9909884984374999 0.5031367265625 0.9595469859374999 0.4957194734375
11 0.9447549234375 0.5876354625 0.9439880765625001 0.5889482359375 0.9281789015624999 0.6690597203124999 0.9587290656249999 0.6708804359375 0.9751791453124999 0.59040480625 0.9447549234375 0.5876354625
