11 0.625255171875 0.3184356078125 0.6292958109375 0.1938198859375 0.55592338125 0.1845238078125 0.5514220859375001 0.303406578125 0.625255171875 0.3184356078125
11 0.616439315625 0.4480609859375 0.6252552062500001 0.3221928640625 0.5514221187499999 0.3121734921875 0.546646834375 0.43303195624999996 0.616439315625 0.4480609859375
11 0.61056204375 0.57247115625 0.6179086078125 0.4559961796875 0.5459121875 0.442845778125 0.539667575 0.559946984375 0.61056204375 0.57247115625
11 0.6021134921875 0.6808054484375 0.6109293828125 0.5774808421875 0.540858315625 0.5698621546875 0.537463603125 0.6757957328125 0.6021134921875 0.6808054484375
11 0.55252410625 0.262076746875 0.5528914125 0.2207469171875 0.476487046875 0.2119799734375 0.47611970625 0.25330980468750003 0.55252410625 0.262076746875
11 0.5459121875 0.3603916375 0.549218146875 0.27272229062500003 0.47361845625 0.259711778125 0.47060977499999995 0.3547557515625 0.5459121875 0.3603916375
11 0.5381982828125 0.45877825781250003 0.542606228125 0.3717351390625 0.470311578125 0.3621553875 0.466201828125 0.44625408593750004 0.5381982828125 0.45877825781250003
11 0.5315863640625 0.5493014125 0.5367289562499999 0.4672679515625 0.46810699375000003 0.45614034999999997 0.4625285296875 0.54053446875 0.5315863640625 0.5493014125
11 0.531219025 0.590702971875 0.5323210109375001 0.55688765625 0.46314667500000006 0.5444862140625 0.463263209375 0.578805 0.531219025 0.590702971875
11 0.5260764328125 0.6721102046875 0.5297496984375 0.5975912875 0.46149323593749997 0.5858395984375 0.4595899109375 0.663969490625 0.5260764328125 0.6721102046875
11 0.4471007203125 0.65269771875 0.44416210156249997 0.58882434375 0.36481908281250003 0.5731691140625 0.366655715625 0.6389211171875 0.4471007203125 0.65269771875
11 0.4408561421875 0.7779396390625 0.4452640875 0.6633432906250001 0.36592106874999997 0.6470618328125 0.36812504218750003 0.761658209375 0.4408561421875 0.7779396390625
11 0.44232545156249997 0.5824905296875 0.4437947609375 0.546796584375 0.3593091515625 0.5336461828125 0.3604111375 0.569966328125 0.44232545156249997 0.5824905296875
11 0.9153640718749999 0.4462894140625 0.9216086499999999 0.3880519109375 0.8770576109375 0.370614034375 0.8701826296874999 0.43313901406250005 0.9153640718749999 0.4462894140625
11 0.9083848124999999 0.48824544531249997 0.914629425 0.4531777 0.870995 0.44110275625 0.8650400390625 0.47885230156249997 0.9083848124999999 0.48824544531249997
11 0.8951609765624999 0.5777934218749999 0.90801750625 0.495133759375 0.8643812437499999 0.4852756875 0.850346875 0.5746623640624999 0.8951609765624999 0.5777934218749999
11 0.9227106359375 0.3799111828125 0.9289552484374999 0.323552321875 0.8853248062500001 0.305764409375 0.8789985218749999 0.364255953125 0.9227106359375 0.3799111828125
11 0.9689940640625 0.388678125 0.97817729375 0.2947466921875 0.9404394437500001 0.2813283203125 0.9311592203125001 0.37803255468749997 0.9689940640625 0.388678125
11 0.954668240625 0.48887164531250005 0.966422784375 0.39869746875 0.9299676625 0.385651628125 0.917935384375 0.48448818749999994 0.954668240625 0.48887164531250005
11 0.94181174375 0.5815506796875 0.954668240625 0.49262890312499996 0.917291296875 0.4871553875 0.90287488125 0.57967205 0.94181174375 0.5815506796875
11 0.9249146093749999 0.6673413703125 0.939607771875 0.5871865656249999 0.901859196875 0.588659146875 0.8889163984374999 0.6742297125000001 0.9249146093749999 0.6673413703125
11 0.9774426484375001 0.5865603375 0.9925031171875001 0.5007696453125 0.9595457609375 0.5003132828125 0.9458523828125 0.58029825 0.9774426484375001 0.5865603375
11 0.961280159375 0.6717248546875 0.975973321875 0.5878127656250001 0.94429746875 0.5895989953125 0.92711858125 0.6698462265625 0.961280159375 0.6717248546875
11 0.8769789875 0.6689039875 0.893692428125 0.5834263578125001 0.8484439281249999 0.579221490625 0.8326240359374999 0.6667122375 0.8769789875 0.6689039875
