11 0.5536098015625 0.30123858281250004 0.625878090625 0.3145277734375 0.6288767749999999 0.1974806265625 0.5594224718749999 0.183606784375 0.5536098015625 0.30123858281250004
11 0.547912296875 0.42803668593750005 0.6168820375 0.44388145312500005 0.6243787484375 0.32530093125000004 0.5534241078125001 0.31274525937500003 0.547912296875 0.42803668593750005
11 0.541914928125 0.5590028171875 0.6081858718750001 0.5687142015625 0.615082809375 0.4557559953125 0.5463010500000001 0.44508023281250003 0.541914928125 0.5590028171875
11 0.5398158343749999 0.670506775 0.6012888875 0.6791958499999999 0.609085440625 0.57850464375 0.5440516625 0.5703829125000001 0.5398158343749999 0.670506775
11 0.4779492578125 0.2511833578125 0.54931795625 0.2629391640625 0.5514170265625 0.2235826984375 0.47731985625 0.21237525625 0.4779492578125 0.2511833578125
11 0.47225173125 0.35136345 0.5427208140625 0.362097025 0.5484183421875 0.2741838921875 0.4767497578125 0.2639614328125 0.47225173125 0.35136345
11 0.46835347812499994 0.44446696562500004 0.5367234453124999 0.458267290625 0.5424209734375001 0.3723986203125 0.4713214921875 0.3632499109375 0.46835347812499994 0.44446696562500004
11 0.46535479375 0.5365086703124999 0.5307260765625 0.5462199953125 0.535523990625 0.4680181796875 0.46832230937499997 0.45914481875 0.46535479375 0.5365086703124999
11 0.463855428125 0.5784603234375 0.5277273921875001 0.5891938984375 0.529526621875 0.5554597875 0.4649482296875 0.546728834375 0.463855428125 0.5784603234375
11 0.4617563578125 0.6582350671875 0.5238291390625001 0.6669241625 0.5271276640625 0.6025226515625 0.46419843437499997 0.59020119375 0.4617563578125 0.6582350671875
11 0.36158261875000003 0.5625917609375 0.4434467125 0.5809922000000001 0.443746553125 0.5493025703125001 0.3618513375 0.533942846875 0.36158261875000003 0.5625917609375
11 0.366980259375 0.6336774296875001 0.44464616875 0.6531001375 0.4434467125 0.5938098375 0.36372582656249997 0.5774152046875 0.366980259375 0.6336774296875001
11 0.3684796015625 0.7619692953125 0.44014814218750004 0.7747473703125001 0.44224721093749997 0.663833675 0.36672500937499997 0.6477381375 0.3684796015625 0.7619692953125
11 0.8802250171875 0.365798325 0.92040739375 0.3801098046875 0.925805034375 0.3208195046875 0.8844588546875001 0.306991565625 0.8802250171875 0.365798325
11 0.8733280578124999 0.43432837968750004 0.9144100249999999 0.44761757031249993 0.919807665625 0.387816175 0.8784604890625 0.3753966 0.8733280578124999 0.43432837968750004
11 0.8676305531249999 0.4773022625 0.9075130640625 0.48854697343750003 0.9126108187499999 0.4548128421875 0.872462125 0.443162334375 0.8676305531249999 0.4773022625
11 0.8535367453125 0.5718996203125 0.8928195062500001 0.5759885625 0.90661345 0.49523113125 0.86496416875 0.4898311890625 0.8535367453125 0.5718996203125
11 0.9335420093750001 0.37447634375 0.96862663125 0.3882766484375 0.9776226843750001 0.294230028125 0.9395688296875001 0.2795016921875 0.9335420093750001 0.37447634375
11 0.92064768125 0.4777627375 0.9539330734375 0.4859407171875 0.9653280609375001 0.39751644218750004 0.9309461796875 0.3869039890625 0.92064768125 0.4777627375
11 0.9050545078125 0.5780219843750001 0.939239515625 0.5780219843750001 0.9509343890625 0.495220053125 0.9193243484375 0.488552590625 0.9050545078125 0.5780219843750001
11 0.9456190015624999 0.57747130625 0.9744063671875001 0.5851381499999999 0.9905992671874999 0.5018250859375 0.9594129453125 0.49518052968750004 0.9456190015624999 0.57747130625
11 0.8391859015625001 0.6716225687499999 0.8762526562499999 0.6707571031249999 0.8894545015625 0.5824783078125 0.8501373078125001 0.5782810140625 0.8391859015625001 0.6716225687499999
11 0.9721738296875 0.3982149921875 0.9643932718749999 0.48693240781249997 0.9906861828125001 0.49699313125 0.9998082140625 0.4535490390625 0.9998082140625 0.4091903484375 0.9721738296875 0.3982149921875
