11 0.6262245281250001 0.316773375 0.63136713125 0.197987534375 0.55667009375 0.183918128125 0.5531995640625 0.3056554984375 0.6262245281250001 0.316773375
11 0.617653528125 0.4475013375 0.6257102671875 0.3234491296875 0.5530281390625 0.3117460953125 0.546857015625 0.43755374687500004 0.617653528125 0.4475013375
11 0.6101110328125 0.571180734375 0.617482103125 0.4532726203125 0.5468964328125 0.44356724999999997 0.540000221875 0.562696040625 0.6101110328125 0.571180734375
11 0.6035970749999999 0.6811090703125 0.6119966640625 0.57812233125 0.540466390625 0.5694444437499999 0.5374289203125 0.6761352625 0.6035970749999999 0.6811090703125
11 0.52729625 0.6710213515625 0.5300389765625 0.5969996296875 0.46253429218750003 0.5852339171875001 0.460442409375 0.663414359375 0.52729625 0.6710213515625
11 0.5305532203125 0.5907092359375 0.5302103859375 0.5558926937499999 0.463820428125 0.5475148796875 0.46232802656249994 0.5819319578125 0.5305532203125 0.5907092359375
11 0.5320960171875 0.5490439125 0.5372386203125 0.46565977031249994 0.46664951875 0.454970759375 0.46489934374999997 0.5431923890625 0.5320960171875 0.5490439125
11 0.5391242359375 0.4604736296875 0.544266840625 0.370945390625 0.471021946875 0.36023391718750003 0.46472791718749995 0.44906316718749995 0.5391242359375 0.4604736296875
11 0.551295075 0.263942821875 0.551295075 0.22064158125 0.47719478593750003 0.2106725140625 0.477584425 0.2542878171875 0.551295075 0.263942821875
11 0.544952525 0.36458895 0.5492380328124999 0.2715498015625 0.4746227703125 0.25979532031249997 0.4731275078125 0.3552265296875 0.544952525 0.36458895
11 0.4436120734375 0.5841070296875001 0.44446916875 0.5463647328125 0.3593964328125 0.5317251453125 0.3603019046875 0.5680153578125 0.4436120734375 0.5841070296875001
11 0.36187541875 0.5729941203125 0.36527308281250004 0.6382335828125 0.447383321875 0.6549104125 0.4466976359375 0.5867402125 0.36187541875 0.5729941203125
11 0.442583553125 0.7768878375 0.44464059375 0.6598574515625 0.3647976671875 0.6431286546874999 0.3673301234375 0.7657699609375 0.442583553125 0.7768878375
11 0.8838968375 0.305422646875 0.8782334421875 0.3693774171875 0.9243637203124999 0.37716788125 0.9284544359375 0.3231078203125 0.8838968375 0.305422646875
11 0.91489665625 0.44715015625000004 0.9216755453125 0.387305078125 0.8779344359374999 0.3727073359375 0.8708339015625001 0.4367770046875 0.91489665625 0.44715015625000004
11 0.86591988125 0.4818196796875 0.9092813718749999 0.4899985 0.91407335 0.45252709687500003 0.8696922921875 0.44208532656250005 0.86591988125 0.4818196796875
11 0.8525958656249999 0.574911559375 0.8521283515625001 0.5780850703125 0.8949054593750001 0.578901234375 0.9092813718749999 0.495716575 0.8649848671875 0.48599658124999995 0.8525958656249999 0.574911559375
11 0.9401995515625 0.5815127515625 0.9539910812500001 0.49453790781249996 0.9167391500000001 0.48634370000000005 0.9026819250000001 0.5793184375 0.9401995515625 0.5815127515625
11 0.9562117546875 0.4892065578125 0.96813324375 0.397045128125 0.9293654124999999 0.384370015625 0.9186941265625 0.48202515 0.9562117546875 0.4892065578125
11 0.969492221875 0.3904231828125 0.9785906796875 0.294885890625 0.9402698624999999 0.280026990625 0.9307249015625001 0.380970734375 0.969492221875 0.3904231828125
11 0.97760170625 0.5864381734374999 0.991842759375 0.5027164375 0.9594048078125 0.4939391609375 0.9437792 0.583399884375 0.97760170625 0.5864381734374999
11 0.8786651234375 0.6694078953125 0.89361496875 0.5830592109375 0.8506944437499999 0.578125 0.8347800921875 0.6677631578125001 0.8786651234375 0.6694078953125
11 0.9237414515625 0.66809754375 0.938526415625 0.5891951140625 0.9012425531250001 0.5853595890625 0.88677898125 0.66864544375 0.9237414515625 0.66809754375
11 0.9600610749999999 0.66809754375 0.9751674625 0.5897430390625 0.9462403203124999 0.5864554390625 0.927598403125 0.6664537187499999 0.9600610749999999 0.66809754375
