11 0.590625 0.25 0.0703125 0.1125
11 0.58515625 0.38203125 0.0671875 0.1140625
11 0.57734375 0.50859375 0.0671875 0.109375
11 0.57265625 0.62890625 0.0640625 0.1015625
11 0.51328125 0.23515625 0.075 0.040625
11 0.5109375 0.3140625 0.075 0.08125
11 0.503125 0.4125 0.0671875 0.0765625
11 0.5 0.5015625 0.06875 0.071875
11 0.49765625 0.56640625 0.0671875 0.0234375
11 0.49453125 0.628125 0.0640625 0.0671875
11 0.40390625 0.553125 0.084375 0.034375
11 0.40546875 0.6140625 0.0828125 0.05
11 0.40546875 0.71171875 0.078125 0.1
11 0.90078125 0.34140625 0.046875 0.0484375
11 0.89296875 0.41171875 0.046875 0.0484375
11 0.88828125 0.465625 0.04375 0.028125
11 0.8765625 0.534375 0.0484375 0.0765625
11 0.95234375 0.334375 0.04375 0.0859375
11 0.940625 0.43984375 0.0390625 0.0875
11 0.9265625 0.53671875 0.034375 0.0890625
