11 0.57265625 0.62890625 0.0703125 0.1109375
11 0.578125 0.503125 0.071875 0.121875
11 0.584375 0.3796875 0.0671875 0.1140625
11 0.59140625 0.24921875 0.071875 0.1109375
11 0.51484375 0.234375 0.0734375 0.040625
11 0.51015625 0.3125 0.0703125 0.08125
11 0.5046875 0.41015625 0.06875 0.0765625
11 0.49921875 0.50234375 0.0671875 0.075
11 0.49765625 0.56796875 0.0671875 0.0265625
11 0.4953125 0.63125 0.065625 0.071875
11 0.40234375 0.55 0.08125 0.0296875
11 0.40546875 0.6125 0.078125 0.053125
11 0.40546875 0.71171875 0.0765625 0.1015625
11 0.8844612828124999 0.30547074375 0.88359433125 0.3063849421875 0.8793651859375 0.365975553125 0.9205288703125 0.3775092078125 0.9267316093750001 0.3241660046875 0.8844612828124999 0.30547074375
11 0.8791739734374999 0.3751964546875 0.8788012859375 0.37226015 0.871752709375 0.4337730265625 0.914326109375 0.4448261203125 0.9196830328125 0.38715779375000003 0.8791739734374999 0.3751964546875
11 0.8724767140624999 0.444922165625 0.8728804859375 0.4453439078125 0.8669596859375 0.4770614703125 0.9086872484375 0.4837894484375 0.91263445625 0.453513571875 0.8724767140624999 0.444922165625
11 0.866677746875 0.489112903125 0.8672416249999999 0.49151575000000003 0.8539903078125001 0.5717708406249999 0.8926165015624999 0.5780182390624999 0.9078414312499999 0.49728258593749997 0.866677746875 0.489112903125
11 0.850622496875 0.5795649171874999 0.8503250390625 0.579053778125 0.835945946875 0.666517409375 0.875417978125 0.6689202562500001 0.8926165015624999 0.583859471875 0.850622496875 0.5795649171874999
11 0.940506775 0.28262956250000004 0.94076945 0.284734025 0.93287505625 0.375081065625 0.9678360015624999 0.38853700468749996 0.9777040093749999 0.296748259375 0.940506775 0.28262956250000004
11 0.931342103125 0.387218128125 0.9323111578125 0.38761307968750003 0.9199056796875 0.48084352968750005 0.9528930109375 0.4875715078125 0.9675540421875001 0.39866617031249996 0.931342103125 0.387218128125
11 0.9165388421875 0.4878925953125 0.9052446265625 0.5597313109375001 0.94076945 0.561173015625 0.9514832953125 0.492932159375 0.9165388421875 0.4878925953125
11 0.9849201828125 0.29825773906249997 0.9837047218749999 0.2984652203125 0.9741186531249999 0.3916956796875 0.99977546875 0.4037099140625 1 0.3061543328125 0.9849201828125 0.29825773906249997
11 0.9986476921874999 0.454687459375 0.997519915625 0.40951393906250005 0.97378409375 0.3993995671875 0.9634048078124999 0.48976903906249997 0.986524153125 0.4955358578125 0.9986476921874999 0.454687459375
11 0.962008503125 0.49421102968749997 0.9628409296875 0.4960536359375 0.95156320625 0.5590082187500001 0.9746825296875 0.569580784375 0.988779684375 0.5008593296875 0.962008503125 0.49421102968749997
