11 0.8798308015625 0.3640447109375 0.921937484375 0.37870205 0.9272749609375 0.32259977968750003 0.8838683125 0.30799493437500003 0.8798308015625 0.3640447109375
11 0.8727141734374999 0.43429889062499993 0.9142278125000001 0.44440740781250004 0.9198618109375 0.389316003125 0.8775660890625 0.3762696734375 0.8727141734374999 0.43429889062499993
11 0.8670801750000001 0.47784376718750005 0.9082972921874999 0.487446846875 0.9109660312500001 0.455099615625 0.871263865625 0.44707310624999996 0.8670801750000001 0.47784376718750005
11 0.8519573546875 0.57088123125 0.8910987984375 0.5779572 0.9068146625000001 0.49557280312499996 0.8664445187500001 0.4887965578125 0.8519573546875 0.57088123125
11 0.9323252484375001 0.37727966875 0.9685014328125 0.3878936421875 0.977693734375 0.29641154531249997 0.9409590437500001 0.2808114734375 0.9323252484375001 0.37727966875
11 0.9195746437500001 0.48093108593749995 0.9539716546875001 0.48851247343750004 0.96672228125 0.398546659375 0.9309496296875001 0.3870166234375 0.9195746437500001 0.48093108593749995
11 0.90474834375 0.5770402375 0.937366203125 0.5800728234375 0.9507098734375001 0.49415039375 0.9187159015624999 0.4900609046875 0.90474834375 0.5770402375
11 0.948419484375 0.581038259375 0.9768859750000001 0.58407080625 0.9899331234375 0.5016864375 0.9594949953125 0.49511829374999994 0.948419484375 0.581038259375
11 0.943797353125 0.58937111875 0.9297383390625 0.6665334578125 0.959094415625 0.66855520625 0.9736241937500001 0.592235875 0.943797353125 0.58937111875
11 0.9735823187499999 0.40155661406250004 0.9635423062499999 0.4874953578125 0.9905261671875 0.4986147296875 0.9985323828125001 0.45262096874999996 0.999421946875 0.409659771875 0.9735823187499999 0.40155661406250004
11 0.5541215968750001 0.2999166375 0.6235086625 0.3140685765625 0.6279565515625001 0.19883148125 0.5580062828125001 0.18535327343750002 0.5541215968750001 0.2999166375
11 0.5487841203125 0.43443816562500004 0.61639205625 0.4435358265625 0.62380520625 0.3262770296875 0.5546698109375 0.3143166703125 0.5487841203125 0.43443816562500004
11 0.543150121875 0.55885115625 0.6077927984375 0.5684542546875 0.6137233171875 0.456249715625 0.5465139921875 0.4451765859375 0.543150121875 0.55885115625
11 0.538998753125 0.673116528125 0.6003796484375 0.680192478125 0.6086823625 0.5786018921875 0.5428068015624999 0.5684504203125 0.538998753125 0.673116528125
11 0.4781123796875 0.2500328421875 0.549871684375 0.2596359296875 0.5513543125 0.2237507125 0.4775602515625 0.21253673437499998 0.4781123796875 0.2500328421875
11 0.47247838125 0.34808545 0.5424585328125 0.35819396718749996 0.5460168359375001 0.2747987046875 0.4779309703125 0.2650071359375 0.47247838125 0.34808545
11 0.46892005625 0.44314462499999996 0.53712105625 0.456791165625 0.5421619890625 0.37592299375 0.4731116234375 0.36489055000000004 0.46892005625 0.44314462499999996
11 0.46506523125 0.535210375 0.5311905375 0.5473406015625 0.5362314687499999 0.4695050171875 0.46829227656250005 0.45782005625 0.46506523125 0.535210375
11 0.4626930140625 0.57669441875 0.5294113625 0.5888246265625 0.5320801234375 0.5584990765625 0.464472165625 0.548390559375 0.4626930140625 0.57669441875
11 0.46187737812499996 0.6570946703125 0.524444359375 0.6656869140625 0.52829920625 0.5984652828125 0.46384364843750003 0.5893121453125 0.46187737812499996 0.6570946703125
11 0.36267135 0.5639382765625001 0.4430298890625 0.5801119078125 0.44154725937499995 0.5457429453125 0.36115447500000003 0.5311521828125 0.36267135 0.5639382765625001
11 0.36682271875 0.6331816203125 0.4439194765625 0.652387796875 0.44214030312499997 0.5902204234374999 0.3656031046875 0.5754043296875 0.36682271875 0.6331816203125
11 0.36949145625 0.75856634375 0.43976812968749995 0.7752454125 0.441843803125 0.6630408734375 0.36856885625 0.64873645625 0.36949145625 0.75856634375
