11 0.55266744375 0.3070898875 0.6256758828125 0.315585925 0.630367159375 0.1961414453125 0.5565249718749999 0.1839033984375 0.55266744375 0.3070898875
11 0.54592373125 0.4361723203125 0.61746609375 0.444168634375 0.62420985 0.3242243375 0.5524927140625 0.3114230890625 0.54592373125 0.4361723203125
11 0.5406460046875 0.56261355625 0.609256303125 0.5706098328125 0.616293284375 0.4526646515625 0.5462610406249999 0.44331845468750003 0.5406460046875 0.56261355625
11 0.5380071203125001 0.6751464046875 0.6013397375 0.6816434 0.60984270625 0.5771919140625 0.5411290765625 0.56896285625 0.5380071203125001 0.6751464046875
11 0.4761306 0.25285193281249996 0.5508982515625 0.26234751875 0.5508982515625 0.22086679999999997 0.4780792171875 0.20890725781250002 0.4761306 0.25285193281249996
11 0.47143927812499997 0.35330525156250003 0.545034121875 0.362800846875 0.548845815625 0.27134333437499997 0.47587980312499994 0.2607902703125 0.47143927812499997 0.35330525156250003
11 0.4676276078125 0.4480491546875 0.5382903640625 0.45804450937499996 0.5429816859375001 0.3710849140625 0.4707478375 0.3601806171875 0.4676276078125 0.4480491546875
11 0.46264308437499996 0.5395484265625 0.5312534265625 0.5485442796875 0.53682433125 0.4655828046875 0.46634901093750003 0.45519528906250006 0.46264308437499996 0.5395484265625
11 0.46147025468749997 0.57912445625 0.5297873937500001 0.5901193499999999 0.5315466062499999 0.554136078125 0.4619501828125 0.5458342843749999 0.46147025468749997 0.57912445625
11 0.46059064843749997 0.6620859140625 0.525389296875 0.6715814890625 0.5283213625000001 0.593617728125 0.46121704531249996 0.5833400765625 0.46059064843749997 0.6620859140625
11 0.36124608125 0.567434853125 0.44422352343749993 0.5824278859375001 0.4433438953125 0.5459448250000001 0.360044015625 0.5327072578125 0.36124608125 0.567434853125
11 0.3671102109375 0.6384018765625 0.4468623640625 0.6553939875 0.44451670312499997 0.589424621875 0.3644428421875 0.574588725 0.3671102109375 0.6384018765625
11 0.3679898390625 0.76191876875 0.4415846375 0.777911359375 0.44363711875 0.6609657 0.3651759796875 0.6445995359375 0.3679898390625 0.76191876875
11 0.879010665625 0.3647028046875 0.92220894375 0.3780902609375 0.92734439375 0.3235105875 0.8838231921874999 0.30410937968749996 0.879010665625 0.3647028046875
11 0.8699480921875 0.4362375671875 0.9143546953125 0.4465356171875 0.9206985156249999 0.3842324265625 0.877402803125 0.372376203125 0.8699480921875 0.4362375671875
11 0.8645105390625 0.4809129453125 0.9089171421875 0.48915141718750005 0.9119379999999999 0.45310824375000003 0.8706047437500001 0.44386315937500004 0.8645105390625 0.4809129453125
11 0.8521250484375 0.573625659375 0.89351079375 0.57671510625 0.9071046546874999 0.4953605 0.8660727046875 0.48830099843749997 0.8521250484375 0.573625659375
11 0.8343019593750001 0.669963459375 0.8762919124999999 0.669963459375 0.8932086890625 0.584489678125 0.8509659062500001 0.5797527796875 0.8343019593750001 0.669963459375
11 0.9311123 0.37861683749999997 0.9694038515625 0.39043951093749996 0.9777652874999999 0.295096021875 0.9392967375 0.2791796421875 0.9311123 0.37861683749999997
11 0.9192058875000001 0.480554109375 0.956323796875 0.4879352703125 0.96745915625 0.396549409375 0.9299579874999999 0.3843220671875 0.9192058875000001 0.480554109375
11 0.9025028328125 0.5798151703125 0.9394145328124999 0.581572590625 0.9530244140624999 0.49304214375 0.916809878125 0.48763445 0.9025028328125 0.5798151703125
11 0.8860059843749999 0.6696286140625001 0.9229176703125 0.6696286140625001 0.9381772578125 0.5866783703125 0.9015993218749999 0.5834731703125 0.8860059843749999 0.6696286140625001
11 0.9746806359375 0.3931053046875 1 0.4015409140625 1 0.30699169843749996 0.9846128703125 0.30079290468750003 0.9746806359375 0.3931053046875
11 0.96107075625 0.4889168203125 0.9932395906249999 0.49700096406250005 1 0.4502535703125 1 0.40877845312499994 0.9735272109374999 0.39795050781249997 0.96107075625 0.4889168203125
11 0.9456049453125001 0.580908796875 0.9777737953125 0.5840721859375 0.9915899312500001 0.5018248859375001 0.9601212953125 0.49554773750000003 0.9456049453125001 0.580908796875
11 0.927045990625 0.66877983125 0.96024589375 0.6694827875 0.974886859375 0.5907503625 0.9438795140625 0.58567130625 0.927045990625 0.66877983125
