0 0.58984375 0.25078125 0.08125 0.1328125
0 0.5859375 0.38125 0.0796875 0.1390625
0 0.5796875 0.50546875 0.078125 0.1265625
0 0.575 0.62421875 0.075 0.11875
0 0.5140625 0.2359375 0.08125 0.0546875
0 0.51171875 0.3140625 0.084375 0.109375
0 0.50703125 0.41015625 0.0859375 0.109375
0 0.5015625 0.50234375 0.078125 0.1015625
0 0.49453125 0.6296875 0.0734375 0.0921875
0 0.49609375 0.5703125 0.075 0.0484375
0 0.4 0.55546875 0.0953125 0.0546875
0 0.40625 0.6125 0.090625 0.0859375
0 0.40390625 0.7125 0.090625 0.14375
0 0.89581009375 0.5788855078124999 0.9089310828125001 0.49606161093749995 0.8641849453124999 0.48481583281249996 0.8517433421874999 0.5721243796875 0.89581009375 0.5788855078124999
0 0.9081883843749999 0.4901456125 0.91363484375 0.454649653125 0.870871575 0.4449072125 0.865854603125 0.480003909375 0.9081883843749999 0.4901456125