0 0.5510144125 0.26639460000000004 0.55263901875 0.22146944687499998 0.47530871093749993 0.2081582890625 0.477583140625 0.2564112328125 0.5510144125 0.26639460000000004
0 0.546790509375 0.3645643796875 0.550689515625 0.2702770375 0.47210803749999997 0.2580098921875 0.46946020156249996 0.3495893296875 0.546790509375 0.3645643796875
0 0.5396423203125 0.46297344531249995 0.5435413265625 0.36813145468749997 0.4672325671875 0.35528322343749996 0.46491137031249996 0.4457798765625 0.5396423203125 0.46297344531249995
0 0.53184430625 0.5530718593749999 0.5373678890625 0.4654400703125 0.4628446453125 0.4533879515625 0.4623120125 0.54641628125 0.53184430625 0.5530718593749999
0 0.5334688828124999 0.5926866578125 0.5337938109375 0.55497170625 0.46235709687500004 0.5448415125 0.46133726093750005 0.5815940187499999 0.5334688828124999 0.5926866578125
0 0.5272954750000001 0.6741888515625 0.532169234375 0.5932126140625 0.46235709687500004 0.5839171234375 0.4587379328125 0.6630961875 0.5272954750000001 0.6741888515625
0 0.628036571875 0.31691570156250004 0.6303110015625 0.1943421265625 0.5545034875 0.1773644796875 0.55070629375 0.3047137921875 0.628036571875 0.31691570156250004
0 0.6202385593749999 0.449165 0.625762171875 0.321599740625 0.5510906578125 0.30706225468750004 0.5461574328125 0.43529919531249994 0.6202385593749999 0.449165
0 0.61081596875 0.5738810156249999 0.61763923125 0.45408060624999996 0.54453285625 0.44243334375 0.5406338500000001 0.5622337546875 0.61081596875 0.5738810156249999
0 0.6075667874999999 0.61985256875 0.6130904 0.5782552046875 0.539334171875 0.5654986953125001 0.5357600921875 0.6059867890625 0.6075667874999999 0.61985256875
0 0.6036698359375 0.6832944890625 0.6091934484375 0.6189572234375 0.5384144359375 0.6071962125 0.53543721875 0.6733111218750001 0.6036698359375 0.6832944890625
0 0.44632704062500006 0.5851116765625 0.4435712609375 0.5451271328125 0.35682389375 0.5291501984375 0.36089848125 0.5692354640625 0.44632704062500006 0.5851116765625
0 0.4487404875 0.6582970296874999 0.44598473906249997 0.5865600625 0.3602117296875 0.5695078515625001 0.36434536875 0.63948076875 0.4487404875 0.6582970296874999
0 0.44426240000000006 0.7834830875 0.4435734390625 0.6576494140625 0.364060303125 0.6446171765625001 0.3660677078125 0.767018875 0.44426240000000006 0.7834830875
0 0.922376196875 0.3827312625 0.929236715625 0.323526378125 0.8809330265625 0.302655115625 0.8774016796874999 0.37102040468749997 0.922376196875 0.3827312625
0 0.9136148125 0.44906304375 0.92276216875 0.385303946875 0.8769296515624999 0.3689726703125 0.8697837140625 0.43735218593749997 0.9136148125 0.44906304375
0 0.9089844578124999 0.492357409375 0.9149310734375 0.45175413906250006 0.8697264515625 0.44288187343749996 0.8662770125 0.4817451828125 0.9089844578124999 0.492357409375
0 0.89601260625 0.5802299921875 0.91006823125 0.48979540468750005 0.8636425578125 0.48230550625 0.8516833578125 0.57469318125 0.89601260625 0.5802299921875
0 0.8781727828125 0.67106908125 0.8946611125 0.581095909375 0.8482300265625 0.5777521984375 0.8335732281249999 0.6729146984375001 0.8781727828125 0.67106908125
0 0.9417104625 0.583681784375 0.955225471875 0.4923243890625 0.91474726875 0.485072078125 0.9003545109375001 0.5786063453125 0.9417104625 0.583681784375
0 0.9571175828125 0.490058653125 0.9695514062499999 0.3936258828125 0.9289430218750001 0.38063402968750004 0.9165725312499999 0.480369234375 0.9571175828125 0.490058653125
0 0.9695514062499999 0.390899671875 0.9784713171874999 0.293082678125 0.93819655 0.276933640625 0.9290063546875 0.37936463593749997 0.9695514062499999 0.390899671875
0 0.9796918 0.5876151296875001 0.9923959078125 0.500871778125 0.9553065625 0.49475507500000004 0.94482305625 0.5811555312500001 0.9796918 0.5876151296875001
0 0.969502315625 0.3965418125 0.9586109374999999 0.4888845203125 0.9926687796874999 0.49811254531250004 0.9999668890625 0.45151104999999997 1 0.40860076718749994 0.969502315625 0.3965418125