0 0.5921875 0.25078125 0.0703125 0.10625
0 0.58671875 0.38046875 0.0671875 0.1140625
0 0.57890625 0.50859375 0.065625 0.109375
0 0.5734375 0.6265625 0.059375 0.103125
0 0.51484375 0.23515625 0.075 0.0375
0 0.51015625 0.3140625 0.06875 0.0796875
0 0.50390625 0.409375 0.06875 0.0734375
0 0.5 0.5046875 0.065625 0.0703125
0 0.49765625 0.56796875 0.06875 0.0265625
0 0.4953125 0.628125 0.065625 0.065625
0 0.40234375 0.55078125 0.0828125 0.034375
0 0.40546875 0.61328125 0.0796875 0.0484375
0 0.40546875 0.7125 0.075 0.1078125
0 0.9015625 0.34375 0.0453125 0.053125
0 0.89296875 0.41171875 0.0453125 0.05
0 0.8890625 0.46640625 0.04375 0.0296875
0 0.87734375 0.534375 0.0515625 0.0796875
0 0.9515625 0.3359375 0.0421875 0.0859375
0 0.9390625 0.4375 0.040625 0.084375
0 0.928125 0.5375 0.034375 0.0890625