0 0.58984375 0.246875 0.0875 0.15
0 0.5828125 0.37578125 0.090625 0.1453125
0 0.5796875 0.5046875 0.0859375 0.1390625
0 0.575 0.63125 0.075 0.11875
0 0.4474841828125 0.2933732328125 0.4444350265625 0.1879726046875 0.37213343125 0.1801026359375 0.3765902125 0.2855657796875 0.4474841828125 0.2933732328125
0 0.51484375 0.2375 0.0765625 0.0609375
0 0.51015625 0.3125 0.0828125 0.103125
0 0.5046875 0.4109375 0.0859375 0.096875
0 0.4984375 0.5 0.078125 0.096875
0 0.49765625 0.56328125 0.075 0.0515625
0 0.49296875 0.62578125 0.075 0.0921875
0 0.4015625 0.55546875 0.096875 0.059375
0 0.40390625 0.61015625 0.0921875 0.090625
0 0.40546875 0.709375 0.0890625 0.1421875
0 0.41015625 0.31953125 0.0765625 0.06875
0 0.40625 0.42109375 0.075 0.0921875
0 0.9701583984375001 0.39244785000000004 0.9775768781249999 0.2943072875 0.93722125 0.27577144531250003 0.9305931562499999 0.381895071875 0.9701583984375001 0.39244785000000004
0 0.9200836625000001 0.3797845546875 0.9275021421874999 0.32174441875 0.8787802015624999 0.30266311562500003 0.8786637984375 0.36501069375 0.9200836625000001 0.3797845546875
0 0.9114287875 0.44626685468750005 0.9219382812499999 0.3871714609375 0.875069659375 0.377010675 0.8693907 0.4357140765625 0.9114287875 0.44626685468750005
0 0.952231728125 0.4937332328125 0.972632546875 0.399813778125 0.92750344375 0.3839846578125 0.91699395 0.48318045468750004 0.952231728125 0.4937332328125
0 0.9794328015625 0.587652640625 0.991796915625 0.4990095734375 0.9567016 0.49248667343749997 0.9441950234375 0.5834315578125 0.9794328015625 0.587652640625
0 0.9089572453124999 0.4937332328125 0.91513933125 0.44730113437499996 0.8657933015625 0.43712146875 0.8663009875000001 0.48106993750000004 0.9089572453124999 0.4937332328125
0 0.8965931312500001 0.5823763 0.9083390203124999 0.49162266718750003 0.8602274875000001 0.48141363281249994 0.8502276343749999 0.572878828125 0.8965931312500001 0.5823763
0 0.8780469328124999 0.6689088 0.8965931312500001 0.5823763 0.8472405875 0.57474355 0.831063209375 0.6731298828125001 0.8780469328124999 0.6689088
0 0.925648825 0.674185190625 0.9411040093749999 0.580265734375 0.8978295265625 0.5813209921875 0.8805197218749999 0.669964059375 0.925648825 0.674185190625
0 0.9417221781249999 0.5823763 0.95532274375 0.49584374999999997 0.9140303578125 0.48457735937499996 0.901538765625 0.5781551687500001 0.9417221781249999 0.5823763