0 0.90078125 0.33984375 0.046875 0.0546875
0 0.89375 0.41171875 0.0453125 0.0484375
0 0.88828125 0.46640625 0.0453125 0.034375
0 0.875 0.53359375 0.04375 0.0828125
0 0.95 0.33359375 0.0390625 0.084375
0 0.9390625 0.43671875 0.034375 0.0921875
0 0.9296875 0.53828125 0.0359375 0.0859375
0 0.58984375 0.2484375 0.0703125 0.1171875
0 0.58671875 0.3796875 0.0671875 0.11875
0 0.578125 0.5078125 0.0671875 0.1140625
0 0.57421875 0.628125 0.06875 0.1046875
0 0.5140625 0.2359375 0.0765625 0.0375
0 0.5109375 0.3109375 0.0765625 0.0859375
0 0.50390625 0.4109375 0.0703125 0.0796875
0 0.49921875 0.5046875 0.06875 0.0765625
0 0.49765625 0.5671875 0.0640625 0.03125
0 0.4953125 0.62890625 0.0640625 0.075
0 0.40234375 0.5515625 0.084375 0.0359375
0 0.40546875 0.615625 0.0828125 0.0515625
0 0.40546875 0.7125 0.0796875 0.103125
0 0.8703125 0.59453125 0.0421875 0.0234375
0 0.91875 0.59765625 0.0390625 0.0203125