0 0.8854463296875 0.306915196875 0.8804452609375 0.36392135 0.9210401421875 0.37959801875 0.9261145234375 0.3239187765625 0.8854463296875 0.306915196875
0 0.8779310562499999 0.3747153640625 0.8769566421875 0.377976296875 0.8734680000000001 0.4325744046875 0.912794309375 0.4444670421875 0.9210401421875 0.38824723437499997 0.8779310562499999 0.3747153640625
0 0.8711657468749999 0.4457687390625 0.8674422140625 0.4764446734375 0.905499928125 0.484012734375 0.9112085703125 0.45211878906249997 0.8711657468749999 0.4457687390625
0 0.8660360453125 0.4896587265625 0.8664907609375 0.4921213625 0.8534877140624999 0.5699641796875 0.8909111187500001 0.57536993125 0.9067684984375 0.4969865265625 0.8660360453125 0.4896587265625
0 0.9406323765625 0.2796870078125 0.9406323765625 0.276443565625 0.93397228125 0.3732065140625 0.9672727812499999 0.388342615625 0.9752014718750001 0.295363696875 0.9406323765625 0.2796870078125
0 0.9310621015624999 0.3868858375 0.9308008046875 0.3867627359375 0.9197006390625001 0.47757936718750005 0.9539525671875 0.48730973593750004 0.9666384718750001 0.398114828125 0.9310621015624999 0.3868858375
0 0.9175210999999999 0.4903795203125 0.90606328125 0.57929120625 0.9390466375000001 0.5798318140625 0.9520496859375 0.49496146249999995 0.9175210999999999 0.4903795203125
0 0.9841931484374999 0.301692521875 0.9840979140625 0.3008113015625 0.9739492000000001 0.3894656125 0.999638153125 0.402439425 0.9990038671875 0.3067576109375 0.9841931484374999 0.301692521875
0 0.9742806390625001 0.3997324484375 0.9755349375 0.4003608015625 0.960946153125 0.48685283437500004 0.9907580328125001 0.49496146249999995 0.9990038671875 0.4084694296875 0.9742806390625001 0.3997324484375
0 0.960629009375 0.4977480234375 0.9603118437499999 0.4982886015625 0.9457230578125 0.5788343046875 0.976486390625 0.5858617875000001 0.9898065812500001 0.5026132046875 0.960629009375 0.4977480234375
0 0.9433536124999999 0.5897270671875 0.9444544734375 0.59018640625 0.929231378125 0.6674886453125 0.9584089625000001 0.6691103671875 0.9736320578125 0.5934298390625 0.9433536124999999 0.5897270671875
0 0.558351778125 0.1887775703125 0.556265090625 0.1910159390625 0.5546793531249999 0.3007527125 0.622866090625 0.31534822500000004 0.629526209375 0.1975028359375 0.558351778125 0.1887775703125
0 0.5528007734375 0.3138629953125 0.5515078765625 0.310566746875 0.545482090625 0.43435845625 0.6149374 0.445169959375 0.6238175421875 0.3257028484375 0.5528007734375 0.3138629953125
0 0.54764626875 0.44368138281249997 0.5477021140625 0.4409290484375 0.5423106140625 0.5566121500000001 0.6082773046875001 0.5641801890625 0.613668828125 0.454984025 0.54764626875 0.44368138281249997
0 0.5448350140625 0.5693170109375 0.53787054375 0.6718383484375 0.6009829234375 0.6783252546874999 0.608594446875 0.5788594093749999 0.5448350140625 0.5693170109375
0 0.47727613281250003 0.21240463906249998 0.4766418234375 0.2113234953125 0.47949615625 0.2513260578125 0.5489514890625 0.25997526249999997 0.5508543703125001 0.2232161421875 0.47727613281250003 0.21240463906249998
0 0.47627620625 0.261124275 0.4766418234375 0.26159700468749997 0.47378749062500003 0.34917016093750003 0.5422913953124999 0.3599816640625 0.5480000375 0.2718679109375 0.47627620625 0.261124275
0 0.472482071875 0.3639668 0.468078846875 0.44759669375 0.536582728125 0.4573270640625 0.5416570843749999 0.3724567546875 0.472482071875 0.3639668
0 0.4675531984375 0.46058481718750005 0.466493109375 0.46011361562499997 0.46554165625 0.5363347203125 0.5299226328125 0.5449839171875 0.535631275 0.4698439859375 0.4675531984375 0.46058481718750005
0 0.46517419687499995 0.5491588203125 0.4642730609375 0.5493503671875 0.46363877656249997 0.5774602703125 0.5289711796875001 0.5893529296875 0.53055691875 0.5563778609375001 0.46517419687499995 0.5491588203125
0 0.46358819531249995 0.5897270671875 0.46363877656249997 0.5904759171875 0.46205303750000004 0.6612912703125 0.5254825609375 0.66831874375 0.5283368953124999 0.6002062765625 0.46358819531249995 0.5897270671875
0 0.36174468593750003 0.5317602171875 0.3620482203125 0.562285675 0.44355515 0.5822869609375 0.4416522921875 0.54877129375 0.36174468593750003 0.5317602171875
0 0.363670109375 0.57620431875 0.3629996734375 0.577421775 0.3674397453125 0.6374256359375 0.44292086406250003 0.6498588609375 0.44323803125000005 0.5920173515625 0.363670109375 0.57620431875
0 0.3668421109375 0.6485510234375 0.3664882921875 0.648320825 0.3690254828125 0.7618416171875 0.441335125 0.775355996875 0.44228657812499994 0.6629163390625 0.3668421109375 0.6485510234375