0 0.443835725 0.5828323765625 0.44408664375000007 0.5477115828125 0.358551465625 0.53181315 0.35927889999999996 0.5665568765625 0.443835725 0.5828323765625
0 0.44772496093749997 0.6554002671875 0.447474065625 0.590726603125 0.3619399453125 0.5709768546875 0.363669971875 0.6386964703125 0.44772496093749997 0.6554002671875
0 0.44270675937500004 0.7810708421875 0.4432085734375 0.6607178671875 0.364951928125 0.64481006875 0.366179084375 0.7647953625 0.44270675937500004 0.7810708421875
0 0.55064638125 0.26502939375 0.5516500078125001 0.22476897031249998 0.4752658046875 0.2101571484375 0.4761259703125 0.2581765609375 0.55064638125 0.26502939375
0 0.546882725 0.3667193015625 0.5511481953125 0.26949463906250004 0.47488930781249994 0.2570251875 0.47060594375000003 0.35558343125 0.546882725 0.3667193015625
0 0.53860268125 0.46132559687499997 0.5441226953125 0.37052549218749997 0.4692418390625 0.359749659375 0.46608955625000004 0.44976143124999995 0.53860268125 0.46132559687499997
0 0.53207714375 0.550564928125 0.53759718125 0.46490445156250004 0.46510036250000003 0.455411825 0.46257495625 0.54028566875 0.53207714375 0.550564928125
0 0.53057168125 0.5933389906250001 0.53358260625 0.5565049734375 0.462841375 0.5452957375 0.46132039999999996 0.5804899171875 0.53057168125 0.5933389906250001
0 0.5273098609375 0.67210065625 0.5308225984375 0.5975760296875 0.4620883796875 0.5844594421875 0.45931312343749997 0.661821396875 0.5273098609375 0.67210065625
0 0.6261912984375 0.3175096328125 0.6309586046875 0.1954434359375 0.557342340625 0.1819079171875 0.552925465625 0.30380396875 0.6261912984375 0.3175096328125
0 0.6186639859375 0.45066659531250003 0.626693134375 0.3196060265625 0.5513183749999999 0.30967147968750003 0.5476563343749999 0.436960890625 0.6186639859375 0.45066659531250003
0 0.609631209375 0.5728715765625 0.6166567093750001 0.45380349062500003 0.54567090625 0.441287209375 0.5408817531250001 0.5647338171875 0.609631209375 0.5728715765625
0 0.602856628125 0.684146759375 0.6126421343749999 0.5822107828124999 0.5403999374999999 0.567766715625 0.535110809375 0.6772939453125 0.602856628125 0.684146759375
0 0.8786451312500001 0.6703576484375 0.8944096968749999 0.5835634609375 0.8486973453125 0.5774237546875 0.8333498 0.6737687718750001 0.8786451312500001 0.6703576484375
0 0.9201658593750001 0.6718736796875 0.9372626187499999 0.5877326015625 0.9003388359375 0.5831051953124999 0.8841960359375 0.6684625546875 0.9201658593750001 0.6718736796875
0 0.9778951953125 0.5860778984375 0.9921055031250001 0.5026948531250001 0.958976915625 0.4944747203125 0.944811846875 0.5796346734375 0.9778951953125 0.5860778984375
0 0.9221662875 0.3818677953125 0.9294934734375 0.323120640625 0.8840134609374999 0.3052827453125 0.8779811296875 0.3674652625 0.9221662875 0.3818677953125
0 0.914949528125 0.4494927625 0.9224987562500001 0.3858184328125 0.87635053125 0.3717556015625 0.8698762390624999 0.4350902296875 0.914949528125 0.4494927625
0 0.9096206656250001 0.493043184375 0.9142834203125 0.4540047625 0.8690207703124999 0.43936474687500005 0.8641033124999999 0.48167276875000004 0.9096206656250001 0.493043184375
0 0.8982968328125001 0.5826185515625 0.9087325359375 0.495445365625 0.865355890625 0.48481627187500004 0.851891328125 0.5712481359375 0.8982968328125001 0.5826185515625
0 0.9705965578125 0.3913717671875 0.9801441093750001 0.2939651984375 0.93931983125 0.27801183125 0.9292978734374999 0.3784853015625 0.9705965578125 0.3913717671875
0 0.9559421859375 0.49061462499999997 0.9688202765625 0.3977562390625 0.9293247046875001 0.3831184828125 0.917085909375 0.48341336718749994 0.9559421859375 0.49061462499999997
0 0.9403996828125001 0.583237178125 0.956164228125 0.494168925 0.9173305515625 0.48538441718750003 0.9028756031249999 0.5794470625 0.9403996828125001 0.583237178125
0 0.958951721875 0.491380946875 0.9931452625 0.49744516250000004 1 0.4523425234375 1 0.40875591718750004 0.9723037515625 0.3973220859375 0.958951721875 0.491380946875
0 0.9586501374999999 0.6719111140625 0.9787348890625 0.590710890625 0.9429050328124999 0.5863579999999999 0.92728974375 0.6695051640624999 0.9586501374999999 0.6719111140625