0 0.90234375 0.3390625 0.046875 0.0515625
0 0.89375 0.41171875 0.0453125 0.0484375
0 0.88828125 0.46640625 0.04375 0.0296875
0 0.875 0.534375 0.0453125 0.078125
0 0.95078125 0.3359375 0.0390625 0.084375
0 0.9390625 0.4375 0.0375 0.0875
0 0.92578125 0.53515625 0.0328125 0.0875
0 0.59140625 0.25078125 0.0703125 0.109375
0 0.58515625 0.38046875 0.065625 0.115625
0 0.578125 0.50703125 0.0640625 0.10625
0 0.57265625 0.6265625 0.0625 0.0984375
0 0.51484375 0.23515625 0.0734375 0.034375
0 0.51015625 0.31328125 0.0703125 0.08125
0 0.5046875 0.4109375 0.0703125 0.0796875
0 0.49921875 0.50234375 0.0671875 0.075
0 0.49765625 0.56796875 0.06875 0.0265625
0 0.49453125 0.6265625 0.065625 0.0640625
0 0.4015625 0.5515625 0.0828125 0.0296875
0 0.40703125 0.6140625 0.084375 0.05
0 0.40546875 0.7125 0.075 0.1015625