0 0.6267164468749999 0.3185135359375 0.63180440625 0.1987657296875 0.5562142484375 0.1831664625 0.5517360874999999 0.3048019546875 0.6267164468749999 0.3185135359375
0 0.6189506328125 0.4455742 0.6248419296875001 0.32491228125 0.5513927421875 0.31060646875 0.544773634375 0.44146072500000005 0.6189506328125 0.4455742
0 0.6098458671875 0.5683960421875 0.6162727546875 0.4550469796875 0.5453658609375001 0.4442129296875 0.5402212640624999 0.55971206875 0.6098458671875 0.5683960421875
0 0.6028834140625 0.6770492781249999 0.611720384375 0.579697046875 0.5397407703125 0.5668568078125 0.5370078203124999 0.6724787375 0.6028834140625 0.6770492781249999
0 0.5512005203125 0.2650801421875 0.550932725 0.2244024421875 0.4767557390625 0.21206202031250002 0.4767557390625 0.256396146875 0.5512005203125 0.2650801421875
0 0.5445058390625 0.3619753265625 0.5506649546875 0.2723929796875 0.474881234375 0.258681396875 0.47220335625 0.3546624703125 0.5445058390625 0.3619753265625
0 0.5370078203124999 0.4605733890625 0.5437024781249999 0.3691628375 0.46902535468749995 0.36199356875 0.4655086875 0.44640474062499996 0.5370078203124999 0.4605733890625
0 0.5327232203125 0.549241603125 0.5383467468750001 0.46651506718749997 0.4658110171875 0.45723099375 0.4628308203125 0.5428428796875 0.5327232203125 0.549241603125
0 0.4625288671875 0.5455016453125 0.462261084375 0.5802376453125 0.5300111828125 0.59257806875 0.5332879890625 0.5565793875 0.4625288671875 0.5455016453125
0 0.5270655343749999 0.6684488125 0.5300111828125 0.596234496875 0.462572571875 0.586041325 0.46092214531250003 0.66296418125 0.5270655343749999 0.6684488125
0 0.44378378281249997 0.5802376453125 0.4443193609375 0.545044578125 0.359966459375 0.53087595 0.36103760937499996 0.5692683796875 0.44378378281249997 0.5802376453125
0 0.44298042187500003 0.779051928125 0.44512272187499996 0.6615893500000001 0.3661255578125 0.6460114609375001 0.3677322796875 0.7657973703125001 0.44298042187500003 0.779051928125
0 0.44695726562500004 0.6542765125 0.44749284375 0.590289125 0.36289597812499996 0.5703374265625001 0.36340773125000003 0.6359944109375 0.44695726562500004 0.6542765125
0 0.9225678515625001 0.3804977296875 0.9281270062500001 0.3232520296875 0.8842439515624999 0.3059672640625 0.8782799296875 0.36753047968749997 0.9225678515625001 0.3804977296875
0 0.9149703468749999 0.4468575796875 0.9210854171875 0.386449140625 0.8784052156250001 0.3728185828125 0.871423634375 0.43578797968750005 0.9149703468749999 0.4468575796875
0 0.909781796875 0.48670818125000004 0.9138585156250001 0.4531830765625 0.8714543421875 0.443462884375 0.8667910078125001 0.47911759062500003 0.909781796875 0.48670818125000004
0 0.8951427031250001 0.5780537359375 0.909596503125 0.49677115625 0.865337571875 0.48471157031249995 0.8512253765625 0.5761560875 0.8951427031250001 0.5780537359375
0 0.9401718515624999 0.5834014859375001 0.9548109453125001 0.495477146875 0.9184422546875 0.488504553125 0.90199898125 0.5815038375 0.9401718515624999 0.5834014859375001
0 0.9196029812500001 0.4816767140625 0.9553668609375 0.4898998453125 0.9675969999999999 0.3953337328125 0.9292856203125 0.38419753125 0.9196029812500001 0.4816767140625
0 0.97093249375 0.3909058828125 0.97908593125 0.2953909546875 0.94040701875 0.2789422625 0.9299800625 0.38173392968750003 0.97093249375 0.3909058828125
0 0.9763063531249999 0.5869094203125 0.9918719843750001 0.5008827218749999 0.959814184375 0.49360841562499996 0.945175090625 0.5840629484375001 0.9763063531249999 0.5869094203125
0 0.9599994953125 0.6700896453125 0.9761210421875001 0.589755890625 0.944248553125 0.5875419734375 0.927571090625 0.672303578125 0.9599994953125 0.6700896453125