0 0.9015625 0.33984375 0.0484375 0.05
0 0.89296875 0.4109375 0.0484375 0.0484375
0 0.88828125 0.465625 0.04375 0.028125
0 0.87734375 0.53515625 0.046875 0.08125
0 0.95078125 0.33359375 0.0421875 0.0859375
0 0.9390625 0.43828125 0.0375 0.0875
0 0.9265625 0.5359375 0.034375 0.0859375
0 0.590625 0.24921875 0.071875 0.109375
0 0.5859375 0.3796875 0.0671875 0.1171875
0 0.578125 0.50859375 0.065625 0.1109375
0 0.57421875 0.6265625 0.0625 0.1
0 0.51484375 0.2359375 0.071875 0.040625
0 0.51015625 0.31328125 0.071875 0.084375
0 0.50390625 0.41015625 0.06875 0.0765625
0 0.49921875 0.50078125 0.0671875 0.0703125
0 0.4984375 0.56796875 0.0671875 0.025
0 0.49375 0.6296875 0.065625 0.065625
0 0.403125 0.5515625 0.0828125 0.025
0 0.40703125 0.6140625 0.08125 0.0515625
0 0.40625 0.7140625 0.075 0.1015625