0 0.57421875 0.62578125 0.078125 0.1234375
0 0.57734375 0.5078125 0.078125 0.1390625
0 0.58515625 0.37890625 0.06875 0.11875
0 0.5921875 0.2484375 0.0734375 0.1140625
0 0.5140625 0.23359375 0.0734375 0.0375
0 0.51015625 0.31328125 0.071875 0.09375
0 0.50390625 0.41015625 0.0703125 0.0765625
0 0.5 0.5015625 0.0703125 0.075
0 0.49765625 0.5671875 0.0671875 0.0234375
0 0.4953125 0.63046875 0.065625 0.0703125
0 0.403125 0.55234375 0.0828125 0.0265625
0 0.40625 0.61328125 0.0765625 0.053125
0 0.40625 0.7109375 0.078125 0.1015625
0 0.90078125 0.3421875 0.0484375 0.0484375
0 0.89375 0.41171875 0.0453125 0.05
0 0.8890625 0.46640625 0.0484375 0.0328125
0 0.88046875 0.5328125 0.05625 0.0828125
0 0.95 0.33515625 0.0421875 0.09375
0 0.94296875 0.43984375 0.0453125 0.0890625
0 0.9296875 0.5375 0.0359375 0.0890625