5 0.1046875 0.38984375 0.209375 0.1578125
5 0.1 0.40078125 0.2 0.1359375
3 0.765625 0.00546875 0.0078125 0.009375
4 0.75703125 0.02109375 0.034375 0.0421875
4 0.83828125 0.03828125 0.028125 0.0625
5 0.840625 0.04921875 0.0625 0.0984375
5 0.76640625 0.0546875 0.0703125 0.109375
0 0.41953125 0.56640625 0.0203125 0.03125
3 0.425 0.578125 0.0109375 0.01875
7 0.45 0.59609375 0.0453125 0.071875
0 0.01796875 0.534375 0.025 0.0359375
7 0.01875 0.6015625 0.0375 0.103125
5 0.03984375 0.665625 0.0796875 0.303125
5 0.44765625 0.62734375 0.0765625 0.16875
5 0.503125 0.69609375 0.03125 0.2421875
4 0.790625 0.5328125 0.175 0.128125
4 0.59375 0.51328125 0.15 0.0890625
5 0.6484375 0.60625 0.259375 0.275
5 0.78203125 0.6125 0.2578125 0.2875