0 0.28359375 0.11328125 0.1109375 0.0796875
0 0.471875 0.165625 0.1359375 0.096875
0 0.1125 0.12734375 0.1296875 0.090625
0 0.59921875 0.1125 0.0390625 0.175
4 0.07890625 0.29609375 0.1578125 0.2078125
4 0.2734375 0.27734375 0.165625 0.175
4 0.4609375 0.3265625 0.2015625 0.1796875
4 0.5578125 0.403125 0.121875 0.290625
3 0.45078125 0.22734375 0.065625 0.0421875
3 0.26796875 0.17578125 0.053125 0.04375
3 0.12265625 0.19375 0.053125 0.0421875
3 0.6 0.2421875 0.0375 0.084375
5 0.4484375 0.334375 0.2828125 0.45625
5 0.48828125 0.35390625 0.2609375 0.7078125
5 0.2328125 0.31015625 0.3359375 0.5078125
5 0.10703125 0.3203125 0.2140625 0.5
8 0.93671875 0.11796875 0.1265625 0.2359375
8 0.809375 0.325 0.38125 0.65
8 0.23125 0.86484375 0.4625 0.2703125
0 0.7921875 0.86484375 0.346875 0.2703125
5 0.809375 0.86484375 0.38125 0.2703125