0 0.60859375 0.17421875 0.2234375 0.146875
3 0.6140625 0.31171875 0.109375 0.0765625
4 0.565625 0.41953125 0.190625 0.2203125
5 0.59453125 0.30390625 0.2484375 0.4515625
8 0.23515625 0.26484375 0.4703125 0.5296875
5 0.21171875 0.0125 0.0296875 0.025
5 0.625 0.70625 0.190625 0.353125
5 0.75546875 0.6953125 0.1828125 0.33125
5 0.81328125 0.6484375 0.1328125 0.2375
4 0.81171875 0.56953125 0.0578125 0.0796875
4 0.7296875 0.640625 0.0609375 0.0953125
4 0.65546875 0.615625 0.0921875 0.171875
3 0.7640625 0.5890625 0.0109375 0.0125
0 0.7609375 0.56015625 0.05 0.0609375
1 0.26328125 0.9171875 0.4140625 0.165625
2 0.29375 0.7265625 0.353125 0.296875
5 0.23515625 0.771875 0.4703125 0.45625