0 0.41328125 0.33515625 0.1 0.065625
0 0.2140625 0.37421875 0.078125 0.065625
0 0.35703125 0.4078125 0.0453125 0.046875
0 0.0296875 0.22890625 0.059375 0.0984375
3 0.0140625 0.28125 0.028125 0.046875
3 0.2078125 0.41484375 0.03125 0.0265625
3 0.3765625 0.43046875 0.028125 0.0171875
3 0.421875 0.3640625 0.0546875 0.0375
7 0.5140625 0.4078125 0.203125 0.0625
5 0.45 0.34609375 0.3375 0.1859375
5 0.39765625 0.403125 0.1203125 0.071875
5 0.253125 0.3828125 0.25625 0.1125
8 0.809375 0.11328125 0.38125 0.2265625
8 0.87109375 0.65234375 0.1671875 0.2953125
8 0.69453125 0.51953125 0.1359375 0.1609375