0 0.2734375 0.271875 0.090625 0.109375
8 0.4984375 0.16484375 0.359375 0.3296875
8 0.159375 0.57421875 0.31875 0.4890625
5 0.2296875 0.37578125 0.021875 0.0328125
0 0.92109375 0.73046875 0.078125 0.075
2 0.6859375 0.93515625 0.121875 0.0703125
2 0.596875 0.84296875 0.128125 0.0859375
2 0.3703125 0.7125 0.103125 0.13125
2 0.42734375 0.409375 0.0859375 0.0578125
2 0.57890625 0.45546875 0.0671875 0.0453125
2 0.734375 0.53203125 0.0375 0.0234375
3 0.9203125 0.78359375 0.0390625 0.0328125
3 0.734375 0.5578125 0.021875 0.0171875
3 0.5796875 0.50859375 0.0390625 0.034375
3 0.41484375 0.47109375 0.0515625 0.0421875
3 0.33359375 0.78515625 0.0296875 0.0515625
3 0.58671875 0.940625 0.06875 0.0390625
4 0.8234375 0.82890625 0.15 0.14375
4 0.553125 0.94375 0.14375 0.1125
4 0.3484375 0.8421875 0.059375 0.290625
4 0.4 0.57265625 0.1625 0.1796875
4 0.5625 0.61015625 0.1296875 0.196875
4 0.71953125 0.59921875 0.075 0.06875
5 0.72109375 0.6484375 0.121875 0.26875
5 0.846875 0.83828125 0.228125 0.3234375
5 0.65234375 0.9375 0.4859375 0.125
5 0.53828125 0.884375 0.2859375 0.23125
5 0.39296875 0.809375 0.1484375 0.38125
5 0.5578125 0.640625 0.20625 0.4390625
5 0.415625 0.596875 0.19375 0.46875