4 0.321875 0.1890625 0.275 0.378125
4 0.08125 0.171875 0.1625 0.34375
5 0.2734375 0.2296875 0.371875 0.459375
5 0.096875 0.2296875 0.19375 0.459375
5 0.515625 0.23984375 0.1125 0.4390625
4 0.48828125 0.2125 0.0578125 0.184375
3 0.5171875 0.11640625 0.01875 0.03125
0 0.51328125 0.05546875 0.065625 0.0671875
0 0.09296875 0.7296875 0.1859375 0.540625
7 0.38984375 0.7296875 0.1390625 0.540625
5 0.2296875 0.7296875 0.459375 0.540625
8 0.7296875 0.7296875 0.540625 0.540625
8 0.9234375 0.64609375 0.153125 0.3734375