5 0.3609375 0.25546875 0.28125 0.1765625
3 0.3453125 0.29453125 0.1984375 0.0734375
5 0.33984375 0.228125 0.6796875 0.421875
8 0.83984375 0.21953125 0.3203125 0.4390625
5 0.075 0.71953125 0.15 0.5609375
5 0.1984375 0.73515625 0.184375 0.5296875
5 0.2765625 0.4984375 0.0375 0.096875
5 0.18203125 0.51015625 0.0171875 0.059375
4 0.18203125 0.5234375 0.0171875 0.0328125
4 0.28046875 0.5171875 0.015625 0.034375
2 0.27421875 0.45859375 0.0265625 0.028125
2 0.18046875 0.49765625 0.0171875 0.0203125
2 0.2234375 0.51328125 0.09375 0.0875
2 0.29609375 0.58828125 0.1109375 0.0984375
2 0.44296875 0.45859375 0.0328125 0.034375
2 0.453125 0.56953125 0.1 0.0890625
1 0.528125 0.47890625 0.0265625 0.0390625
1 0.5828125 0.52265625 0.10625 0.1671875
1 0.440625 0.50234375 0.0234375 0.0265625
1 0.46484375 0.6625 0.0625 0.0859375
1 0.21484375 0.61328125 0.0640625 0.09375
1 0.27109375 0.7125 0.084375 0.1171875
4 0.05625 0.7859375 0.1125 0.428125
4 0.18671875 0.825 0.1203125 0.35
4 0.28125 0.89140625 0.225 0.2171875
4 0.44609375 0.8453125 0.1703125 0.309375
4 0.58046875 0.77421875 0.1984375 0.4515625
4 0.515625 0.55234375 0.0390625 0.071875
5 0.91953125 0.69609375 0.1609375 0.5140625