5 0.08828125 0.275 0.1765625 0.55
5 0.0390625 0.275 0.078125 0.55
5 0.26875 0.275 0.2 0.55
3 0.31328125 0.08046875 0.0546875 0.0515625
3 0.1421875 0.0421875 0.0453125 0.0484375
3 0.034375 0.0375 0.053125 0.075
2 0.3171875 0.0078125 0.065625 0.015625
4 0.2953125 0.25859375 0.14375 0.309375
4 0.08125 0.25859375 0.1578125 0.3984375
4 0.01875 0.28984375 0.0375 0.5203125
1 0.5 0.1125 0.19375 0.225
4 0.59921875 0.3390625 0.3890625 0.421875
5 0.646875 0.275 0.55625 0.55
1 0.2390625 0.82421875 0.259375 0.2078125
2 0.1921875 0.6171875 0.353125 0.134375
4 0.184375 0.92890625 0.36875 0.1421875
5 0.184375 0.775 0.36875 0.45
7 0.80859375 0.9328125 0.0734375 0.134375
1 0.78984375 0.85859375 0.021875 0.0375
1 0.48671875 0.7015625 0.0265625 0.025
1 0.4625 0.8421875 0.034375 0.0328125
1 0.6828125 0.7421875 0.0375 0.0328125
2 0.6703125 0.5765625 0.0203125 0.0125
2 0.56015625 0.58203125 0.0171875 0.0125
2 0.3796875 0.64765625 0.021875 0.0265625
2 0.490625 0.6484375 0.053125 0.040625
2 0.4609375 0.778125 0.0859375 0.0671875
2 0.68984375 0.68203125 0.075 0.0578125
4 0.6921875 0.8140625 0.0859375 0.134375
4 0.66953125 0.6078125 0.025 0.03125
4 0.56015625 0.61796875 0.0296875 0.034375
4 0.51328125 0.76328125 0.071875 0.1140625
4 0.4171875 0.921875 0.096875 0.15625
4 0.390625 0.72734375 0.04375 0.0890625
5 0.40625 0.6984375 0.075 0.140625
5 0.4546875 0.8671875 0.171875 0.265625
5 0.51875 0.75078125 0.14375 0.253125
5 0.55859375 0.640625 0.0421875 0.13125
5 0.6734375 0.61640625 0.0359375 0.096875
5 0.6984375 0.796875 0.1515625 0.290625
5 0.81484375 0.89453125 0.1109375 0.2109375
5 0.9578125 0.84609375 0.084375 0.3078125
0 0.80546875 0.8109375 0.04375 0.0546875
7 0.97109375 0.92265625 0.0578125 0.1546875