0 0.34453125 0.284375 0.1375 0.1125
0 0.53671875 0.26015625 0.0265625 0.0421875
3 0.3421875 0.31328125 0.0484375 0.0375
4 0.43671875 0.34609375 0.2265625 0.1671875
5 0.53515625 0.309375 0.0296875 0.14375
5 0.409375 0.3140625 0.28125 0.23125
8 0.775 0.21484375 0.45 0.4296875
2 0.70625 0.29921875 0.0328125 0.0203125
5 0.7453125 0.3453125 0.128125 0.14375
5 0.275 0.71484375 0.55 0.5703125
4 0.2375 0.76953125 0.46875 0.4609375
1 0.2 0.4953125 0.246875 0.13125
5 0.74140625 0.71484375 0.3828125 0.5703125
5 0.8625 0.71484375 0.275 0.5703125
2 0.84375 0.49921875 0.1875 0.1390625
2 0.61796875 0.51328125 0.1359375 0.1671875
4 0.72734375 0.91875 0.2984375 0.1625
4 0.921875 0.90546875 0.15625 0.1890625
1 0.890625 0.75078125 0.1890625 0.2625
1 0.62421875 0.75625 0.1484375 0.21875