4 0.05625 0.08671875 0.1125 0.1734375
5 0.4359375 0.28203125 0.146875 0.5640625
5 0.15546875 0.334375 0.3109375 0.66875
4 0.82578125 0.21171875 0.303125 0.4171875
0 0.9609375 0.08046875 0.078125 0.1609375
5 0.8078125 0.334375 0.384375 0.66875
7 0.0125 0.73046875 0.015625 0.0828125
4 0.3109375 0.73671875 0.228125 0.1359375
5 0.16015625 0.9703125 0.0546875 0.059375
5 0.02265625 0.7609375 0.0453125 0.184375
5 0.265625 0.81484375 0.378125 0.2921875
5 0.465625 0.81953125 0.0875 0.3015625
8 0.7546875 0.834375 0.490625 0.33125
8 0.64453125 0.834375 0.2703125 0.33125