4 0.90703125 0.1890625 0.1859375 0.378125
4 0.81015625 0.06484375 0.0921875 0.1296875
0 0.9828125 0.0921875 0.034375 0.184375
3 0.82578125 0.01015625 0.0390625 0.0203125
5 0.83046875 0.3046875 0.3390625 0.609375
5 0.9734375 0.3046875 0.053125 0.609375
8 0.03359375 0.428125 0.0671875 0.3625
8 0.5390625 0.1109375 0.24375 0.221875
5 0.5953125 0.1546875 0.015625 0.028125
8 0.403125 0.278125 0.515625 0.55625
8 0.93671875 0.83671875 0.1265625 0.3265625
5 0.95546875 0.8421875 0.0421875 0.0875
8 0.46484375 0.71015625 0.3765625 0.2015625
8 0.20078125 0.8046875 0.2953125 0.390625
9 0.534375 0.69296875 0.0640625 0.0390625
5 0.13515625 0.7265625 0.0421875 0.0875