4 0.12890625 0.23984375 0.2578125 0.4796875
4 0.39375 0.23984375 0.15 0.4796875
0 0.33984375 0.23984375 0.2578125 0.4796875
0 0.16875 0.23984375 0.3375 0.4796875
9 0.234375 0.23984375 0.46875 0.4796875
8 0.68359375 0.115625 0.4078125 0.23125
2 0.634375 0.090625 0.0078125 0.0109375
5 0.6375 0.10078125 0.0203125 0.0359375
8 0.27578125 0.73984375 0.3859375 0.5203125
4 0.209375 0.56796875 0.034375 0.0375
3 0.20390625 0.54453125 0.0140625 0.0140625
2 0.20078125 0.53046875 0.015625 0.0140625
5 0.215625 0.5765625 0.0625 0.1140625
9 0.103125 0.6640625 0.0390625 0.0484375
5 0.60859375 0.6171875 0.2015625 0.275