2 0.64296875 0.46171875 0.06875 0.0875
3 0.65234375 0.5109375 0.034375 0.0390625
4 0.70703125 0.5453125 0.1359375 0.0875
5 0.69921875 0.49453125 0.1890625 0.1890625
0 0.97578125 0.80390625 0.0484375 0.0859375
4 0.87109375 0.9125 0.2578125 0.175
5 0.790625 0.875 0.41875 0.25
4 0.15234375 0.70859375 0.23125 0.1109375
4 0.25078125 0.93046875 0.2203125 0.1390625
0 0.209375 0.8421875 0.11875 0.0625
2 0.00859375 0.721875 0.0171875 0.059375
3 0.028125 0.7390625 0.0390625 0.034375
5 0.15234375 0.77109375 0.3046875 0.2484375
5 0.24140625 0.89921875 0.3359375 0.2015625