0 0.275 0.68125 0.0828125 0.0859375
0 0.22421875 0.60625 0.06875 0.0625
0 0.390625 0.59765625 0.0390625 0.0375
0 0.49296875 0.659375 0.04375 0.071875
0 0.55859375 0.64765625 0.065625 0.078125
0 0.68984375 0.59140625 0.071875 0.0578125
7 0.72109375 0.796875 0.1234375 0.2625
7 0.56171875 0.85859375 0.1171875 0.2828125
7 0.4859375 0.8171875 0.0703125 0.2171875
7 0.37265625 0.72578125 0.0671875 0.15625
7 0.265625 0.86640625 0.134375 0.2234375
7 0.19609375 0.78125 0.06875 0.2140625
3 0.23203125 0.65546875 0.0296875 0.0234375
3 0.384375 0.64375 0.025 0.0234375
3 0.68046875 0.64921875 0.021875 0.028125
5 0.20390625 0.78515625 0.1046875 0.421875
5 0.2734375 0.81796875 0.15 0.3640625
5 0.384375 0.7890625 0.0953125 0.421875
5 0.4875 0.81015625 0.0859375 0.3796875
5 0.55625 0.8046875 0.134375 0.390625
5 0.71796875 0.78046875 0.134375 0.43125