9 0.853125 0.1859375 0.1609375 0.3125
2 0.75859375 0.08984375 0.2109375 0.1796875
2 0.628125 0.12421875 0.115625 0.2484375
3 0.70078125 0.21328125 0.10625 0.115625
4 0.65078125 0.046875 0.0921875 0.09375
4 0.85078125 0.075 0.0859375 0.15
4 0.69453125 0.36328125 0.2484375 0.3328125
4 0.9421875 0.39921875 0.115625 0.2609375
5 0.9203125 0.29140625 0.159375 0.4765625
5 0.62578125 0.26484375 0.1109375 0.5296875
5 0.6546875 0.06640625 0.1125 0.1328125
5 0.8375 0.17734375 0.171875 0.3546875
5 0.71640625 0.26484375 0.2921875 0.5296875
4 0.09140625 0.4125 0.1828125 0.234375
5 0.246875 0.378125 0.49375 0.303125
5 0.621875 0.85234375 0.103125 0.2953125
1 0.43671875 0.6125 0.2671875 0.165625
4 0.33984375 0.775 0.4609375 0.45
5 0.2875 0.76484375 0.565625 0.4703125