8 0.790625 0.6828125 0.175 0.2625
9 0.7421875 0.1984375 0.125 0.29375
0 0.58046875 0.38203125 0.0171875 0.0140625
5 0.5828125 0.45390625 0.0359375 0.159375
7 0.3015625 0.49296875 0.0234375 0.05625
7 0.20234375 0.60859375 0.025 0.0390625
7 0.16171875 0.628125 0.028125 0.059375
7 0.1875 0.67421875 0.028125 0.0625
0 0.16171875 0.57890625 0.0171875 0.01875
0 0.203125 0.56953125 0.0171875 0.021875
0 0.3015625 0.44375 0.015625 0.0203125
5 0.3015625 0.5203125 0.03125 0.178125
5 0.20234375 0.64375 0.028125 0.171875
5 0.18828125 0.703125 0.05 0.1703125
5 0.159375 0.66015625 0.0359375 0.1828125