6 0.3546875 0.23984375 0.128125 0.4796875
6 0.165625 0.23359375 0.33125 0.4671875
9 0.334375 0.8609375 0.034375 0.03125
9 0.265625 0.83359375 0.03125 0.0265625
9 0.29375 0.8484375 0.028125 0.025
8 0.0125 0.8046875 0.025 0.034375
9 0.0390625 0.81875 0.0328125 0.0296875
4 0.11875 0.84375 0.0265625 0.05625
0 0.121875 0.80234375 0.015625 0.021875
5 0.11640625 0.8859375 0.0515625 0.1953125
5 0.68984375 0.73984375 0.5421875 0.5203125
4 0.65 0.803125 0.409375 0.39375
1 0.63046875 0.56875 0.1953125 0.178125