3 0.2890625 0.38359375 0.0984375 0.09375
3 0.48203125 0.346875 0.11875 0.1265625
2 0.46796875 0.253125 0.1046875 0.0484375
2 0.3125 0.26484375 0.1140625 0.0703125
4 0.4421875 0.43828125 0.29375 0.1234375
4 0.20703125 0.45703125 0.2890625 0.0859375
5 0.18984375 0.353125 0.3796875 0.29375
5 0.3453125 0.35546875 0.4875 0.2890625
8 0.79453125 0.27578125 0.4109375 0.4484375
2 0.2546875 0.51796875 0.0125 0.0234375
2 0.26328125 0.5578125 0.01875 0.021875
3 0.26328125 0.52734375 0.0125 0.0203125
3 0.2578125 0.56875 0.0078125 0.009375
4 0.04921875 0.51875 0.0140625 0.0296875
4 0.06640625 0.51796875 0.0140625 0.0265625
4 0.2640625 0.590625 0.025 0.040625
4 0.28828125 0.53203125 0.04375 0.0625
5 0.28046875 0.5875 0.0765625 0.175
5 0.2609375 0.609375 0.0421875 0.128125
5 0.0671875 0.5171875 0.01875 0.034375
5 0.04921875 0.51796875 0.0171875 0.0359375
4 0.8640625 0.809375 0.090625 0.1578125
4 0.95 0.95703125 0.1 0.0859375
3 0.8515625 0.74921875 0.0265625 0.040625
3 0.9328125 0.88828125 0.015625 0.0390625
2 0.959375 0.8140625 0.071875 0.0984375
2 0.8546875 0.684375 0.04375 0.05625
5 0.8578125 0.82734375 0.10625 0.3453125
5 0.93046875 0.88046875 0.1390625 0.2390625
8 0.79453125 0.75 0.4109375 0.5