6 0.94609375 0.32578125 0.078125 0.1453125
6 0.52265625 0.37890625 0.0265625 0.0953125
6 0.58984375 0.234375 0.01875 0.034375
6 0.69453125 0.21328125 0.0171875 0.034375
6 0.76171875 0.19375 0.0171875 0.0328125
6 0.78984375 0.1859375 0.0171875 0.034375
6 0.77109375 0.184375 0.015625 0.0328125
6 0.55546875 0.23359375 0.0171875 0.0328125
6 0.6390625 0.2171875 0.015625 0.0328125
9 0.921875 0.1046875 0.0953125 0.096875
9 0.7546875 0.4140625 0.490625 0.171875
7 0.09765625 0.58359375 0.1796875 0.1671875
5 0.1265625 0.75 0.253125 0.5
0 0.62578125 0.678125 0.196875 0.1796875
3 0.56015625 0.740625 0.0921875 0.078125
4 0.62109375 0.85390625 0.2234375 0.2921875
5 0.69296875 0.75 0.3671875 0.5