5 0.12578125 0.13515625 0.2515625 0.2703125
8 0.675 0.19453125 0.65 0.3890625
5 0.5640625 0.2765625 0.0734375 0.2125
7 0.56015625 0.25546875 0.040625 0.0765625
3 0.54765625 0.2109375 0.0125 0.0140625
0 0.54453125 0.18984375 0.021875 0.025
1 0.1390625 0.865625 0.13125 0.1828125
3 0.11328125 0.58828125 0.0828125 0.0890625
2 0.08828125 0.43515625 0.1171875 0.0921875
4 0.18046875 0.7890625 0.3359375 0.421875
5 0.175 0.69453125 0.35 0.6109375
0 0.62421875 0.47265625 0.3171875 0.1671875
3 0.6796875 0.5828125 0.2265625 0.3515625
7 0.78984375 0.76171875 0.4203125 0.4765625
5 0.71875 0.69453125 0.5625 0.6109375