3 0.3359375 0.46484375 0.0875 0.1015625
2 0.33671875 0.3359375 0.0859375 0.078125
4 0.25390625 0.5453125 0.2515625 0.0875
5 0.18984375 0.43984375 0.3796875 0.2984375
5 0.271875 0.421875 0.215625 0.334375
7 0.65 0.28125 0.0328125 0.0703125
0 0.640625 0.21328125 0.021875 0.0375
5 0.67265625 0.3234375 0.0921875 0.2734375
8 0.68984375 0.29453125 0.6203125 0.5890625
5 0.33125 0.79453125 0.096875 0.4109375
9 0.96640625 0.6578125 0.0671875 0.034375
6 0.884375 0.6796875 0.009375 0.015625
6 0.86953125 0.68203125 0.0109375 0.0171875
6 0.8515625 0.6828125 0.009375 0.015625
6 0.834375 0.6859375 0.009375 0.0203125
6 0.8234375 0.6875 0.009375 0.021875
6 0.81328125 0.6875 0.0109375 0.0203125
9 0.65703125 0.65625 0.1109375 0.0875
9 0.784375 0.6828125 0.0421875 0.0296875
8 0.771875 0.77109375 0.1265625 0.1234375