3 0.87421875 0.49921875 0.1765625 0.1828125
4 0.92578125 0.55234375 0.1484375 0.0953125
2 0.58828125 0.39921875 0.3359375 0.3265625
5 0.71015625 0.3140625 0.5796875 0.571875
0 0.18515625 0.06875 0.1828125 0.1375
2 0.00546875 0.3 0.0109375 0.009375
4 0.0078125 0.3390625 0.015625 0.0375
4 0.009375 0.3515625 0.01875 0.11875
7 0.15 0.409375 0.3 0.38125
3 0.18203125 0.2234375 0.103125 0.096875
5 0.21015625 0.3 0.4203125 0.6
5 0.31328125 0.70546875 0.2140625 0.2109375
5 0.184375 0.8 0.36875 0.4
5 0.06328125 0.7359375 0.1265625 0.271875