3 0.33515625 0.4109375 0.2671875 0.196875
2 0.3703125 0.15546875 0.196875 0.3109375
4 0.234375 0.39375 0.46875 0.23125
5 0.234375 0.2546875 0.46875 0.509375
5 0.5921875 0.3953125 0.2 0.228125
4 0.49609375 0.47265625 0.0546875 0.0734375
4 0.57578125 0.4453125 0.0953125 0.128125
3 0.478125 0.425 0.0109375 0.0125
3 0.625 0.38515625 0.021875 0.034375
0 0.49296875 0.39765625 0.0484375 0.0640625
0 0.62578125 0.3234375 0.0734375 0.075
1 0.44375 0.54765625 0.05 0.0765625
1 0.13671875 0.5484375 0.1296875 0.078125
4 0.32109375 0.80234375 0.2953125 0.3953125
4 0.11171875 0.77890625 0.2234375 0.4421875
5 0.26796875 0.7546875 0.4015625 0.490625
5 0.140625 0.7546875 0.28125 0.490625
8 0.734375 0.83125 0.53125 0.3375
7 0.81796875 0.81640625 0.0328125 0.040625
5 0.81640625 0.8140625 0.0375 0.05