3 0.0765625 0.14296875 0.096875 0.09375
2 0.12890625 0.0953125 0.0921875 0.109375
4 0.0578125 0.2765625 0.115625 0.246875
5 0.08984375 0.203125 0.1796875 0.39375
3 0.9609375 0.31015625 0.03125 0.0265625
3 0.92421875 0.296875 0.025 0.021875
3 0.86328125 0.3125 0.025 0.0234375
3 0.85390625 0.26484375 0.0203125 0.021875
3 0.815625 0.28046875 0.0234375 0.0234375
3 0.775 0.21875 0.028125 0.0234375
3 0.7671875 0.28515625 0.025 0.0234375
3 0.703125 0.2140625 0.0234375 0.021875
3 0.703125 0.2796875 0.0265625 0.025
3 0.6640625 0.2421875 0.025 0.025
3 0.59921875 0.19140625 0.0265625 0.0265625
3 0.4296875 0.20234375 0.021875 0.0265625
3 0.47265625 0.23515625 0.0296875 0.028125
3 0.54609375 0.2265625 0.03125 0.0265625
3 0.62578125 0.26171875 0.028125 0.028125
0 0.43671875 0.1578125 0.0359375 0.046875
0 0.478125 0.1890625 0.053125 0.0515625
0 0.55390625 0.18515625 0.0453125 0.0453125
0 0.60703125 0.15234375 0.0375 0.040625
0 0.6359375 0.2125 0.0453125 0.0453125
0 0.671875 0.20390625 0.0390625 0.04375
0 0.70859375 0.1796875 0.0359375 0.0375
0 0.71015625 0.23671875 0.04375 0.04375
0 0.7828125 0.18203125 0.0390625 0.0375
0 0.7765625 0.24765625 0.0421875 0.0453125
0 0.82109375 0.24296875 0.040625 0.0421875
0 0.86484375 0.228125 0.0390625 0.040625
0 0.875 0.2703125 0.0453125 0.046875
0 0.93203125 0.25390625 0.04375 0.0421875
0 0.97109375 0.265625 0.05 0.0515625
7 0.4375 0.2578125 0.0375 0.084375
7 0.471875 0.3140625 0.10625 0.171875
7 0.5328125 0.30546875 0.1265625 0.1671875
7 0.58671875 0.23203125 0.06875 0.0703125
7 0.60703125 0.32578125 0.1296875 0.1484375
7 0.6890625 0.3421875 0.1 0.115625
7 0.6625 0.271875 0.053125 0.0671875
7 0.70703125 0.25625 0.071875 0.0640625
7 0.7640625 0.26796875 0.0875 0.0953125
7 0.75625 0.34765625 0.1 0.1046875
7 0.8078125 0.34921875 0.075 0.1015625
7 0.8421875 0.29921875 0.0328125 0.0390625
7 0.8484375 0.35546875 0.1125 0.0890625
7 0.91640625 0.33984375 0.0625 0.084375
7 0.93828125 0.3546875 0.1234375 0.090625
7 0.975 0.35546875 0.05 0.0890625
5 0.44375 0.265625 0.05 0.26875
5 0.48203125 0.27734375 0.1265625 0.2453125
5 0.5171875 0.2765625 0.184375 0.246875
5 0.56640625 0.265625 0.1390625 0.26875
5 0.5921875 0.290625 0.1875 0.21875
5 0.63828125 0.2890625 0.1359375 0.221875
5 0.6703125 0.28046875 0.115625 0.2390625
5 0.67265625 0.30546875 0.1734375 0.1890625
5 0.74453125 0.27890625 0.1578125 0.2421875
5 0.740625 0.31015625 0.153125 0.1796875
5 0.7859375 0.31015625 0.1375 0.1796875
5 0.82421875 0.30234375 0.1265625 0.1953125
5 0.8296875 0.3203125 0.178125 0.159375
5 0.89140625 0.3125 0.1359375 0.175
5 0.90859375 0.315625 0.1828125 0.16875
5 0.94921875 0.315625 0.1015625 0.16875
9 0.27265625 0.69921875 0.1078125 0.1609375
9 0.35625 0.70625 0.109375 0.1
7 0.2109375 0.66484375 0.15 0.2953125
7 0.0875 0.60625 0.090625 0.184375
0 0.24375 0.44609375 0.065625 0.0875
0 0.1296875 0.46640625 0.0296875 0.046875
5 0.07578125 0.69609375 0.1515625 0.5578125
5 0.17109375 0.7 0.3421875 0.6
9 0.98515625 0.87890625 0.0296875 0.1203125
9 0.8765625 0.8421875 0.246875 0.2
7 0.5640625 0.8 0.203125 0.34375
3 0.571875 0.66640625 0.046875 0.05625
0 0.58203125 0.5625 0.115625 0.1625
5 0.59375 0.73515625 0.35 0.5296875