4 0.3671875 0.296875 0.084375 0.24375
3 0.4 0.1296875 0.01875 0.05625
2 0.39609375 0.0359375 0.0265625 0.065625
5 0.3703125 0.209375 0.078125 0.41875
0 0.021875 0.46328125 0.0265625 0.034375
0 0.30234375 0.49453125 0.025 0.0375
7 0.29375 0.565625 0.0375 0.0875
3 0.30078125 0.525 0.0109375 0.0140625
5 0.29296875 0.61328125 0.0546875 0.278125
3 0.02109375 0.4953125 0.0109375 0.015625
7 0.01796875 0.55 0.0359375 0.115625
5 0.02265625 0.58828125 0.0453125 0.2859375
4 0.509375 0.9140625 0.11875 0.171875
4 0.6640625 0.9125 0.11875 0.175
4 0.84296875 0.9125 0.0984375 0.175
4 0.96875 0.9 0.0625 0.196875
2 0.84609375 0.71640625 0.071875 0.0703125
3 0.51484375 0.7515625 0.04375 0.040625
3 0.846875 0.80703125 0.046875 0.0453125
5 0.96171875 0.859375 0.0765625 0.28125
5 0.80859375 0.8375 0.2796875 0.325
5 0.628125 0.89453125 0.228125 0.2109375
5 0.5015625 0.859375 0.184375 0.28125