3 0.37578125 0.15546875 0.09375 0.0484375
2 0.41640625 0.1046875 0.121875 0.0609375
4 0.36171875 0.25078125 0.25 0.2234375
5 0.290625 0.321875 0.51875 0.575
8 0.865625 0.340625 0.240625 0.2578125
8 0.90546875 0.2625 0.1890625 0.525
5 0.99140625 0.278125 0.0171875 0.065625
6 0.53125 0.95625 0.0375 0.0875
6 0.421875 0.79453125 0.0171875 0.040625
6 0.309375 0.76171875 0.015625 0.0375
6 0.1703125 0.71484375 0.015625 0.0359375
6 0.4890625 0.79375 0.0109375 0.03125
6 0.3671875 0.7640625 0.0125 0.028125
6 0.18828125 0.96328125 0.0734375 0.0734375
6 0.1390625 0.7046875 0.0125 0.03125
6 0.2734375 0.7359375 0.0140625 0.0328125
6 0.12734375 0.70078125 0.0125 0.0296875
6 0.04453125 0.66875 0.009375 0.0203125
6 0.1 0.68203125 0.009375 0.0203125
6 0.15 0.70390625 0.0109375 0.021875
6 0.165625 0.696875 0.009375 0.01875
6 0.21484375 0.7078125 0.009375 0.0171875
6 0.22265625 0.734375 0.015625 0.0328125
6 0.2203125 0.72265625 0.009375 0.0234375
6 0.21875 0.71953125 0.0078125 0.01875
6 0.259375 0.7203125 0.009375 0.0171875
6 0.2828125 0.734375 0.009375 0.021875
6 0.28984375 0.7375 0.009375 0.0203125
6 0.34296875 0.7484375 0.009375 0.0203125
6 0.3625 0.7546875 0.0078125 0.0203125
6 0.4171875 0.7671875 0.009375 0.021875
6 0.4625 0.778125 0.009375 0.0171875
6 0.471875 0.778125 0.009375 0.0171875
6 0.45625 0.7640625 0.00625 0.0140625
6 0.48359375 0.7703125 0.00625 0.0109375
6 0.51171875 0.78828125 0.0078125 0.01875
6 0.525 0.78828125 0.0078125 0.01875
6 0.546875 0.784375 0.00625 0.0125
6 0.50390625 0.77265625 0.00625 0.0125
1 0.771875 0.76328125 0.390625 0.2296875
4 0.775 0.8765625 0.45 0.21875
5 0.775 0.8046875 0.45 0.390625