4 0.54921875 0.37734375 0.1171875 0.2421875
5 0.70390625 0.353125 0.4265625 0.29375
8 0.2453125 0.25 0.490625 0.5
2 0.17890625 0.16953125 0.021875 0.025
3 0.1828125 0.19375 0.015625 0.0171875
4 0.184375 0.23125 0.028125 0.0546875
5 0.1953125 0.24375 0.065625 0.175
5 0.78984375 0.75 0.4203125 0.5
4 0.84765625 0.9453125 0.2765625 0.109375
3 0.86015625 0.84296875 0.1328125 0.1296875
2 0.8453125 0.5625 0.16875 0.125
1 0.36953125 0.6703125 0.2421875 0.340625
4 0.2453125 0.8515625 0.490625 0.296875
5 0.2453125 0.75 0.490625 0.5