4 0.1453125 0.31328125 0.115625 0.0515625
4 0.3078125 0.30546875 0.13125 0.0671875
2 0.15859375 0.1734375 0.0796875 0.0796875
3 0.15546875 0.27109375 0.0546875 0.0515625
3 0.36484375 0.2578125 0.0390625 0.05
5 0.3203125 0.2609375 0.209375 0.15625
5 0.13515625 0.228125 0.2703125 0.221875
5 0.8921875 0.28828125 0.215625 0.1015625
8 0.15625 0.66953125 0.3125 0.6609375
2 0.19453125 0.48203125 0.01875 0.0171875
3 0.19453125 0.5078125 0.015625 0.0171875
7 0.17265625 0.5421875 0.021875 0.0671875
5 0.18359375 0.5625 0.09375 0.18125