3 0.29375 0.2125 0.0953125 0.040625
2 0.33203125 0.1546875 0.125 0.0515625
4 0.2890625 0.31171875 0.2453125 0.209375
5 0.31484375 0.446875 0.6296875 0.665625
8 0.825 0.44453125 0.35 0.6703125
0 0.778125 0.36640625 0.0171875 0.01875
3 0.77578125 0.3890625 0.0109375 0.015625
7 0.76953125 0.4234375 0.0328125 0.0609375
5 0.7703125 0.421875 0.046875 0.13125
3 0.1359375 0.8609375 0.0234375 0.0203125
2 0.13671875 0.8203125 0.0375 0.0296875
2 0.3140625 0.83125 0.209375 0.103125
5 0.44140625 0.853125 0.06875 0.1171875
5 0.13359375 0.9 0.1515625 0.2
5 0.3234375 0.88984375 0.646875 0.2203125
4 0.14140625 0.8796875 0.0671875 0.059375
6 0.95390625 0.928125 0.0578125 0.14375