8 0.39609375 0.4453125 0.3265625 0.16875
9 0.096875 0.26484375 0.19375 0.5296875
5 0.54296875 0.39921875 0.0328125 0.1703125
7 0.0265625 0.23515625 0.0265625 0.0625
0 0.015625 0.1890625 0.015625 0.021875
5 0.0296875 0.2546875 0.0484375 0.165625
6 0.390625 0.6328125 0.021875 0.04375
6 0.46875 0.73359375 0.04375 0.084375
6 0.1828125 0.6484375 0.021875 0.0421875
6 0.08203125 0.72578125 0.034375 0.06875
6 0.378125 0.60234375 0.0140625 0.025
9 0.2796875 0.91484375 0.559375 0.1703125
6 0.0609375 0.59921875 0.0109375 0.028125
6 0.12734375 0.5828125 0.009375 0.01875
6 0.1640625 0.575 0.00625 0.0125
6 0.2265625 0.6140625 0.015625 0.0328125
6 0.2359375 0.59375 0.0078125 0.0203125
6 0.2171875 0.5859375 0.009375 0.021875
6 0.2515625 0.59609375 0.0109375 0.025
6 0.3046875 0.571875 0.00625 0.01875
6 0.31171875 0.5765625 0.00625 0.01875
6 0.34765625 0.5796875 0.0078125 0.0171875
6 0.540625 0.55546875 0.00625 0.015625
6 0.4921875 0.55390625 0.00625 0.01875
6 0.496875 0.56015625 0.0078125 0.015625
6 0.465625 0.5671875 0.009375 0.0203125
6 0.4109375 0.56796875 0.0078125 0.0171875
5 0.80546875 0.65703125 0.046875 0.0984375
8 0.78671875 0.71484375 0.4265625 0.3703125