0 0.9484375 0.303125 0.0875 0.084375
2 0.753125 0.58515625 0.134375 0.0828125
2 0.65703125 0.50859375 0.0953125 0.1015625
2 0.69765625 0.140625 0.0421875 0.0265625
3 0.96171875 0.3609375 0.04375 0.0375
3 0.70390625 0.16875 0.025 0.0203125
3 0.64921875 0.61796875 0.0765625 0.0484375
4 0.87109375 0.43515625 0.16875 0.1625
4 0.81796875 0.64375 0.3640625 0.090625
4 0.659375 0.6265625 0.1 0.125
4 0.7 0.21484375 0.084375 0.0796875
5 0.7140625 0.26875 0.1421875 0.3
5 0.8859375 0.45703125 0.228125 0.4015625
5 0.8046875 0.6015625 0.390625 0.175
5 0.69375 0.5609375 0.16875 0.25625
5 0.634375 0.3015625 0.05 0.4875
8 0.3046875 0.84453125 0.609375 0.3109375
4 0.9 0.98046875 0.0203125 0.0359375
2 0.896875 0.953125 0.00625 0.009375
5 0.91171875 0.971875 0.0359375 0.05625
8 0.8375 0.84453125 0.325 0.3109375