6 0.60390625 0.12421875 0.0515625 0.1234375
6 0.27578125 0.01171875 0.009375 0.0234375
6 0.278125 0.06328125 0.0203125 0.046875
6 0.2328125 0.03515625 0.0125 0.028125
6 0.21640625 0.06796875 0.0171875 0.0390625
6 0.2078125 0.05546875 0.0125 0.0328125
6 0.4015625 0.03515625 0.0234375 0.0546875
6 0.5484375 0.00546875 0.025 0.0109375
6 0.36015625 0.0984375 0.0359375 0.078125
6 0.15078125 0.134375 0.028125 0.0640625
6 0.08828125 0.12265625 0.0203125 0.04375
6 0.10546875 0.09453125 0.015625 0.0375
6 0.15625 0.05859375 0.0125 0.0296875
6 0.22265625 0.02578125 0.009375 0.021875
6 0.2875 0.00390625 0.009375 0.0078125
4 0.28984375 0.490625 0.2046875 0.203125
5 0.30078125 0.63671875 0.4328125 0.4953125
9 0.9265625 0.58359375 0.146875 0.1671875
0 0.81953125 0.41875 0.0375 0.0484375
7 0.82890625 0.54921875 0.0953125 0.1609375
7 0.9640625 0.553125 0.071875 0.28125
3 0.82109375 0.45703125 0.028125 0.028125
5 0.93203125 0.69453125 0.1359375 0.6109375
5 0.83046875 0.65078125 0.2140625 0.5234375