6 0.078125 0.21640625 0.0171875 0.040625
6 0.1921875 0.1859375 0.0140625 0.0375
6 0.33515625 0.140625 0.0140625 0.0359375
6 0.009375 0.215625 0.0109375 0.03125
6 0.13359375 0.1875 0.0109375 0.028125
6 0.30859375 0.37734375 0.0703125 0.0453125
6 0.36796875 0.13046875 0.0125 0.03125
6 0.23046875 0.16015625 0.0125 0.034375
6 0.3796875 0.12734375 0.0109375 0.0296875
6 0.4640625 0.09609375 0.009375 0.0203125
6 0.40703125 0.10859375 0.009375 0.0203125
6 0.35625 0.13046875 0.009375 0.021875
6 0.33984375 0.121875 0.009375 0.01875
6 0.28984375 0.13359375 0.0078125 0.0171875
6 0.28203125 0.159375 0.015625 0.034375
6 0.284375 0.1484375 0.0078125 0.0234375
6 0.2859375 0.1453125 0.0078125 0.0203125
6 0.24453125 0.14375 0.0078125 0.015625
6 0.221875 0.15859375 0.009375 0.021875
6 0.21328125 0.1609375 0.009375 0.0203125
6 0.159375 0.171875 0.009375 0.0203125
6 0.13984375 0.178125 0.0078125 0.0203125
6 0.08359375 0.18984375 0.0078125 0.021875
6 0.0375 0.1984375 0.0078125 0.0171875
6 0.02734375 0.19921875 0.0078125 0.0171875
6 0.04375 0.18515625 0.00625 0.0140625
6 0.015625 0.19140625 0.00625 0.0125
3 0.796875 0.36796875 0.203125 0.0640625
0 0.75625 0.1359375 0.428125 0.271875
5 0.759375 0.2 0.48125 0.4
7 0.78203125 0.56796875 0.4359375 0.3359375
5 0.759375 0.7 0.48125 0.6