6 0.921875 0.21640625 0.0171875 0.040625
6 0.8078125 0.1859375 0.0140625 0.0375
6 0.66484375 0.140625 0.0140625 0.0359375
6 0.990625 0.215625 0.0109375 0.03125
6 0.86640625 0.1875 0.0109375 0.028125
6 0.69140625 0.37734375 0.0703125 0.0453125
6 0.63203125 0.13046875 0.0125 0.03125
6 0.76953125 0.16015625 0.0125 0.034375
6 0.6203125 0.12734375 0.0109375 0.0296875
6 0.5359375 0.09609375 0.009375 0.0203125
6 0.59296875 0.10859375 0.009375 0.0203125
6 0.64375 0.13046875 0.009375 0.021875
6 0.66015625 0.121875 0.009375 0.01875
6 0.71015625 0.13359375 0.0078125 0.0171875
6 0.71796875 0.159375 0.015625 0.034375
6 0.715625 0.1484375 0.0078125 0.0234375
6 0.7140625 0.1453125 0.0078125 0.0203125
6 0.75546875 0.14375 0.0078125 0.015625
6 0.778125 0.15859375 0.009375 0.021875
6 0.78671875 0.1609375 0.009375 0.0203125
6 0.840625 0.171875 0.009375 0.0203125
6 0.86015625 0.178125 0.0078125 0.0203125
6 0.91640625 0.18984375 0.0078125 0.021875
6 0.9625 0.1984375 0.0078125 0.0171875
6 0.97265625 0.19921875 0.0078125 0.0171875
6 0.95625 0.18515625 0.00625 0.0140625
6 0.984375 0.19140625 0.00625 0.0125
3 0.203125 0.36796875 0.203125 0.0640625
0 0.24375 0.1359375 0.428125 0.271875
5 0.240625 0.2 0.48125 0.4
7 0.21796875 0.56796875 0.4359375 0.3359375
5 0.240625 0.7 0.48125 0.6