6 0.57109375 0.20703125 0.0375 0.1015625
6 0.44609375 0.046875 0.0140625 0.0390625
6 0.33359375 0.0234375 0.0125 0.0359375
6 0.59140625 0.06875 0.0125 0.034375
6 0.58671875 0.053125 0.0078125 0.025
6 0.51171875 0.04140625 0.009375 0.0296875
6 0.390625 0.02265625 0.009375 0.0265625
6 0.2359375 0.28046875 0.0625 0.1703125
6 0.29609375 0.00859375 0.0109375 0.0171875
6 0.24609375 0.009375 0.0140625 0.01875
6 0.3046875 0.00390625 0.009375 0.0078125
6 0.3125 0.0046875 0.009375 0.009375
6 0.3640625 0.00859375 0.009375 0.0171875
6 0.38515625 0.01328125 0.0078125 0.0203125
6 0.4390625 0.0203125 0.0078125 0.021875
6 0.48359375 0.02734375 0.0078125 0.0171875
6 0.49375 0.0265625 0.0078125 0.0171875
6 0.478125 0.01484375 0.0046875 0.0140625
6 0.5046875 0.01875 0.00625 0.0109375
6 0.534375 0.034375 0.00625 0.01875
6 0.54765625 0.03359375 0.00625 0.0171875
6 0.5828125 0.03671875 0.00625 0.0171875
6 0.5671875 0.02734375 0.0046875 0.0125
6 0.59296875 0.04140625 0.0078125 0.0203125
6 0.52421875 0.0203125 0.00625 0.0125
8 0.8 0.1734375 0.4 0.346875
4 0.53515625 0.6578125 0.0515625 0.1375
4 0.56953125 0.69140625 0.0609375 0.2046875
4 0.46484375 0.65390625 0.0984375 0.1296875
4 0.3765625 0.66640625 0.103125 0.1546875
4 0.23125 0.6640625 0.1125 0.15
4 0.1375 0.67421875 0.121875 0.1703125
4 0.0296875 0.6515625 0.059375 0.125
5 0.0453125 0.75546875 0.090625 0.3328125
5 0.14296875 0.79453125 0.1859375 0.4109375
5 0.2328125 0.79453125 0.171875 0.4109375
5 0.36796875 0.79453125 0.1609375 0.4109375
5 0.4640625 0.78046875 0.14375 0.3828125
5 0.53984375 0.7640625 0.1203125 0.35
5 0.5484375 0.79453125 0.103125 0.4109375
5 0.7125 0.79453125 0.225 0.4109375
5 0.8734375 0.79453125 0.253125 0.4109375
4 0.88046875 0.74375 0.1796875 0.309375
4 0.7171875 0.69375 0.14375 0.209375