6 0.9875 0.23515625 0.025 0.0890625
6 0.8671875 0.20390625 0.0375 0.0875
6 0.7359375 0.16953125 0.025 0.065625
6 0.64453125 0.1328125 0.0078125 0.04375
6 0.93125 0.075 0.00625 0.01875
6 0.978125 0.07421875 0.00625 0.0171875
6 0.85546875 0.07578125 0.0078125 0.0203125
6 0.76796875 0.07734375 0.0109375 0.021875
6 0.6984375 0.07890625 0.00625 0.0171875
6 0.6765625 0.14765625 0.0171875 0.053125
6 0.646875 0.07890625 0.0078125 0.021875
6 0.73125 0.06953125 0.0078125 0.0203125
6 0.8109375 0.0703125 0.0078125 0.01875
6 0.87109375 0.071875 0.0078125 0.01875
6 0.93828125 0.06953125 0.0078125 0.0171875
6 0.98984375 0.0703125 0.00625 0.01875
6 0.68828125 0.134375 0.0234375 0.084375
6 0.671875 0.13359375 0.01875 0.0828125
9 0.8203125 0.2484375 0.359375 0.0625
5 0.3328125 0.13984375 0.325 0.2796875
9 0.984375 0.63515625 0.03125 0.0265625
8 0.728125 0.61640625 0.028125 0.03125
9 0.75625 0.62890625 0.03125 0.028125
3 0.69375 0.68046875 0.0078125 0.0109375
0 0.69375 0.6609375 0.01875 0.0328125
5 0.69921875 0.75703125 0.040625 0.225
4 0.8375 0.65078125 0.025 0.05625
0 0.8390625 0.6078125 0.015625 0.0203125
5 0.83828125 0.69375 0.0421875 0.1953125
5 0.3734375 0.63984375 0.534375 0.7203125
4 0.38984375 0.77265625 0.3703125 0.4546875
1 0.375 0.43828125 0.196875 0.2421875