6 0.17265625 0.27734375 0.0765625 0.175
6 0.3 0.1390625 0.0359375 0.0921875
6 0.38046875 0.07421875 0.0265625 0.065625
6 0.4484375 0.04609375 0.0203125 0.0515625
6 0.49296875 0.03046875 0.015625 0.046875
9 0.26484375 0.3109375 0.5296875 0.3375
5 0.628125 0.29609375 0.034375 0.0890625
4 0.6171875 0.25859375 0.0109375 0.0109375
3 0.61953125 0.26796875 0.0046875 0.009375
4 0.6171875 0.28359375 0.0109375 0.0234375
9 0.5734375 0.09921875 0.034375 0.01875
9 0.540625 0.096875 0.021875 0.01875
9 0.64453125 0.1546875 0.0171875 0.01875
9 0.58203125 0.15625 0.0234375 0.015625
9 0.57109375 0.1625 0.0265625 0.01875
8 0.90859375 0.21875 0.1421875 0.11875
8 0.9 0.42578125 0.2 0.1078125
8 0.76484375 0.24453125 0.4703125 0.4703125
9 0.56796875 0.171875 0.015625 0.0125
9 0.7828125 0.153125 0.0296875 0.025
9 0.771875 0.16875 0.0234375 0.01875
9 0.7625 0.17109375 0.0265625 0.0125
9 0.74765625 0.16796875 0.025 0.015625
9 0.73828125 0.17421875 0.021875 0.0078125
8 0.26484375 0.73984375 0.5296875 0.5203125
5 0.13203125 0.49296875 0.0546875 0.0265625
3 0.728125 0.51640625 0.2 0.0734375
4 0.76484375 0.565625 0.4703125 0.171875
5 0.76484375 0.571875 0.4703125 0.184375
3 0.840625 0.90859375 0.240625 0.1671875
2 0.8203125 0.70234375 0.2421875 0.1046875
5 0.76484375 0.81953125 0.4703125 0.3609375