6 0.528125 0.27421875 0.0234375 0.05
6 0.3609375 0.28203125 0.028125 0.05625
6 0.41328125 0.20859375 0.0140625 0.03125
6 0.56640625 0.24921875 0.0046875 0.0296875
6 0.484375 0.21484375 0.0140625 0.0265625
6 0.425 0.18984375 0.0109375 0.021875
6 0.3859375 0.18046875 0.009375 0.021875
6 0.01015625 0.2453125 0.01875 0.0390625
6 0.0578125 0.2046875 0.0125 0.03125
6 0.0953125 0.184375 0.0109375 0.025
6 0.34921875 0.16953125 0.0078125 0.0203125
6 0.290625 0.1640625 0.0078125 0.01875
6 0.22734375 0.16328125 0.0078125 0.0171875
6 0.1421875 0.16953125 0.0078125 0.0171875
6 0.25234375 0.21171875 0.0171875 0.0390625
6 0.19921875 0.1875 0.0125 0.028125
6 0.2515625 0.178125 0.0109375 0.025
6 0.321875 0.18671875 0.0109375 0.0265625
4 0.17421875 0.12109375 0.00625 0.0171875
5 0.17421875 0.1265625 0.0109375 0.0421875
9 0.25234375 0.46171875 0.5046875 0.3140625
7 0.8734375 0.2625 0.040625 0.0984375
7 0.915625 0.29375 0.0671875 0.13125
7 0.8375 0.29296875 0.059375 0.1203125
7 0.7921875 0.29375 0.0390625 0.096875
7 0.76875 0.34453125 0.071875 0.16875
7 0.7171875 0.2671875 0.04375 0.0921875
7 0.69296875 0.34765625 0.06875 0.121875
7 0.65859375 0.3046875 0.0296875 0.075
7 0.615625 0.365625 0.09375 0.1875
0 0.590625 0.228125 0.04375 0.046875
0 0.66015625 0.24140625 0.01875 0.025
0 0.67890625 0.2328125 0.034375 0.0375
0 0.6875 0.2125 0.0203125 0.015625
0 0.71171875 0.19140625 0.025 0.025
0 0.746875 0.20546875 0.04375 0.0453125
0 0.7734375 0.21953125 0.0171875 0.0203125
0 0.834375 0.19765625 0.0328125 0.0328125
0 0.89296875 0.18046875 0.015625 0.01875
0 0.90234375 0.1875 0.0359375 0.028125
3 0.89765625 0.2234375 0.015625 0.0171875
3 0.83984375 0.228125 0.015625 0.0140625
3 0.771875 0.24453125 0.0109375 0.0125
3 0.74609375 0.2484375 0.0203125 0.0171875
3 0.71171875 0.22265625 0.0140625 0.0140625
3 0.6671875 0.25234375 0.00625 0.009375
3 0.67734375 0.26953125 0.0140625 0.0125
3 0.5921875 0.28125 0.0171875 0.0234375
5 0.88515625 0.32109375 0.0734375 0.2984375
5 0.9171875 0.346875 0.1015625 0.3546875
5 0.83984375 0.34296875 0.109375 0.33125
5 0.79296875 0.3171875 0.0546875 0.21875
5 0.7625 0.4 0.115625 0.4375
5 0.72109375 0.32421875 0.0640625 0.2921875
5 0.68828125 0.2203125 0.01875 0.034375
5 0.6625 0.3265625 0.040625 0.1984375
5 0.68984375 0.3609375 0.0875 0.2953125
5 0.58046875 0.31015625 0.0234375 0.0828125
5 0.621875 0.41015625 0.10625 0.4171875
5 0.578125 0.3453125 0.01875 0.28125
8 0.284375 0.809375 0.56875 0.38125
8 0.64140625 0.853125 0.1453125 0.29375