9 0.2046875 0.2 0.409375 0.4
8 0.7046875 0.2 0.590625 0.4
7 0.82890625 0.246875 0.2953125 0.30625
7 0.80078125 0.2953125 0.3203125 0.209375
3 0.87421875 0.06328125 0.0875 0.04375
2 0.85 0.0140625 0.125 0.028125
7 0.73125 0.1578125 0.11875 0.1125
2 0.7421875 0.07734375 0.053125 0.021875
5 0.71484375 0.140625 0.1421875 0.159375
5 0.64609375 0.30546875 0.1046875 0.1890625
5 0.83828125 0.2 0.3234375 0.4
6 0.4296875 0.7765625 0.040625 0.121875
6 0.6953125 0.64765625 0.040625 0.08125
6 0.8703125 0.5890625 0.0203125 0.053125
4 0.546875 0.4625 0.0078125 0.0203125
5 0.5484375 0.4703125 0.0125 0.05625
9 0.7765625 0.828125 0.446875 0.34375