6 0.52109375 0.2953125 0.015625 0.034375
6 0.384375 0.271875 0.0171875 0.0421875
6 0.24765625 0.2765625 0.021875 0.0515625
6 0.0890625 0.32265625 0.0390625 0.075
6 0.540625 0.26953125 0.009375 0.0234375
9 0.2328125 0.41953125 0.465625 0.1609375
6 0.4859375 0.24453125 0.009375 0.01875
6 0.45078125 0.2265625 0.009375 0.0171875
9 0.47578125 0.19765625 0.0296875 0.040625
4 0.13515625 0.62265625 0.2265625 0.2453125
4 0.471875 0.640625 0.15625 0.28125
5 0.16953125 0.72109375 0.3390625 0.4421875
5 0.41640625 0.728125 0.2671875 0.45625
7 0.86484375 0.58203125 0.040625 0.1015625
7 0.909375 0.61328125 0.0703125 0.1359375
7 0.82734375 0.61484375 0.059375 0.125
7 0.7796875 0.61640625 0.0390625 0.1015625
7 0.7546875 0.66953125 0.075 0.175
7 0.7015625 0.590625 0.0453125 0.096875
7 0.67578125 0.67421875 0.0703125 0.1265625
7 0.640625 0.6296875 0.028125 0.078125
7 0.596875 0.69375 0.09375 0.19375
0 0.571875 0.55078125 0.04375 0.0484375
0 0.64140625 0.5640625 0.01875 0.0265625
0 0.66171875 0.55390625 0.0359375 0.0390625
0 0.67109375 0.53359375 0.0203125 0.015625
0 0.6953125 0.51171875 0.025 0.0234375
0 0.73203125 0.525 0.0453125 0.046875
0 0.7609375 0.53828125 0.0171875 0.021875
0 0.8234375 0.51484375 0.034375 0.0296875
0 0.884375 0.503125 0.015625 0.00625
0 0.8953125 0.50859375 0.0375 0.0171875
3 0.89140625 0.53984375 0.015625 0.01875
3 0.8296875 0.546875 0.015625 0.0140625
3 0.75859375 0.5640625 0.0109375 0.0140625
3 0.73203125 0.56953125 0.0203125 0.01875
3 0.6953125 0.54296875 0.015625 0.0140625
3 0.64921875 0.575 0.00625 0.009375
3 0.66015625 0.5921875 0.0140625 0.0140625
3 0.5703125 0.60625 0.01875 0.025
5 0.8765625 0.6484375 0.075 0.296875
5 0.909375 0.67734375 0.10625 0.3546875
5 0.8296875 0.66953125 0.1125 0.3390625
5 0.7796875 0.640625 0.0546875 0.2296875
5 0.74765625 0.73046875 0.1171875 0.4609375
5 0.7046875 0.65078125 0.065625 0.3015625
5 0.671875 0.54140625 0.0203125 0.0359375
5 0.64453125 0.653125 0.0421875 0.20625
5 0.67265625 0.6890625 0.090625 0.3078125
5 0.559375 0.63671875 0.01875 0.0859375
5 0.60234375 0.7515625 0.1046875 0.453125