6 0.75078125 0.275 0.0109375 0.009375
6 0.71171875 0.27109375 0.0109375 0.0171875
6 0.67421875 0.26640625 0.009375 0.0203125
6 0.61875 0.2640625 0.0078125 0.01875
6 0.584375 0.27265625 0.00625 0.0140625
6 0.6515625 0.275 0.0125 0.009375
8 0.365625 0.14453125 0.43125 0.2703125
8 0.7546875 0.53359375 0.346875 0.5078125
8 0.790625 0.7546875 0.41875 0.490625
7 0.934375 0.7953125 0.028125 0.0328125
2 0.93203125 0.7640625 0.015625 0.015625
5 0.93203125 0.78515625 0.0375 0.0578125
8 0.290625 0.65234375 0.58125 0.6953125