6 0.71953125 0.2421875 0.0390625 0.090625
6 0.8578125 0.2140625 0.0265625 0.06875
6 0.96015625 0.18046875 0.0171875 0.0453125
6 0.98046875 0.1609375 0.015625 0.040625
6 0.65859375 0.1046875 0.00625 0.01875
6 0.73828125 0.11015625 0.0078125 0.021875
6 0.82890625 0.11640625 0.0109375 0.0234375
6 0.90078125 0.1203125 0.0078125 0.01875
6 0.9203125 0.19453125 0.0171875 0.05625
6 0.9546875 0.1234375 0.009375 0.0234375
6 0.9703125 0.11484375 0.009375 0.021875
6 0.8671875 0.109375 0.0078125 0.021875
6 0.78359375 0.10703125 0.0078125 0.0203125
6 0.721875 0.1046875 0.0078125 0.01875
6 0.6515625 0.09921875 0.0078125 0.0171875
6 0.90859375 0.17890625 0.0234375 0.0875
6 0.92578125 0.18046875 0.0203125 0.0859375
9 0.81015625 0.37109375 0.3796875 0.2359375
1 0.22734375 0.42421875 0.4546875 0.1296875
2 0.23359375 0.2171875 0.4671875 0.175
5 0.31015625 0.30390625 0.6203125 0.3703125
5 0.88125 0.9359375 0.021875 0.046875
8 0.8640625 0.93125 0.271875 0.1375
9 0.0359375 0.57265625 0.0484375 0.03125
5 0.4140625 0.54765625 0.05625 0.1171875