0 0.43984375 0.1671875 0.21875 0.2125
0 0.04609375 0.25703125 0.0921875 0.2140625
0 0.334375 0.40078125 0.1625 0.0578125
0 0.0546875 0.38203125 0.109375 0.0953125
5 0.15390625 0.0296875 0.2484375 0.059375
0 0.3546875 0.34765625 0.1703125 0.140625
4 0.365625 0.26328125 0.115625 0.134375
4 0.22265625 0.31484375 0.2015625 0.2296875
2 0.2484375 0.1734375 0.1125 0.109375
3 0.1640625 0.2234375 0.0453125 0.05
5 0.05078125 0.1015625 0.1015625 0.203125
4 0.03515625 0.0703125 0.0703125 0.140625
5 0.28125 0.39296875 0.33125 0.0734375
5 0.40859375 0.2375 0.2640625 0.2890625
5 0.21171875 0.25546875 0.3671875 0.3484375
5 0.0453125 0.25546875 0.090625 0.2203125
8 0.8375 0.78125 0.325 0.4375
3 0.4703125 0.5890625 0.2 0.15
4 0.40625 0.659375 0.328125 0.28125
5 0.28515625 0.62734375 0.5703125 0.3953125
2 0.4890625 0.82890625 0.1625 0.1359375
5 0.32734375 0.86015625 0.4859375 0.2796875