8 0.7296875 0.26484375 0.540625 0.5296875
6 0.09765625 0.78125 0.0546875 0.096875
6 0.31796875 0.78828125 0.0453125 0.0890625
6 0.39609375 0.7015625 0.01875 0.0453125
6 0.26875 0.68046875 0.01875 0.0421875
6 0.115625 0.65703125 0.0171875 0.040625
6 0.41484375 0.690625 0.015625 0.0359375
6 0.14375 0.64765625 0.0140625 0.034375
6 0.03046875 0.63203125 0.015625 0.034375
9 0.2296875 0.8890625 0.459375 0.221875
0 0.5421875 0.65078125 0.165625 0.1953125
2 0.68125 0.921875 0.0109375 0.0109375
2 0.7359375 0.9125 0.0125 0.0140625
2 0.7484375 0.9265625 0.0109375 0.0109375
4 0.67578125 0.9609375 0.021875 0.0375
4 0.7265625 0.9484375 0.015625 0.034375
4 0.74765625 0.96171875 0.0234375 0.0359375
5 0.74375 0.959375 0.04375 0.08125
5 0.7296875 0.93828125 0.0296875 0.0671875
5 0.7 0.94921875 0.0359375 0.078125
4 0.6984375 0.94921875 0.025 0.0421875
4 0.675 0.95625 0.0375 0.0875
7 0.58515625 0.9078125 0.2515625 0.184375
3 0.51328125 0.82421875 0.1078125 0.1015625
5 0.6 0.76484375 0.28125 0.4703125