0 0.82265625 0.125 0.2265625 0.25
3 0.92578125 0.153125 0.1171875 0.1625
5 0.85078125 0.2328125 0.2984375 0.465625
4 0.44765625 0.9453125 0.2046875 0.109375
4 0.18984375 0.67109375 0.18125 0.1203125
3 0.2484375 0.64375 0.059375 0.0265625
3 0.35078125 0.88984375 0.0265625 0.028125
0 0.3890625 0.83671875 0.1515625 0.0640625
2 0.27265625 0.58984375 0.1203125 0.0671875
5 0.18359375 0.746875 0.3359375 0.3796875
5 0.37421875 0.8984375 0.3515625 0.203125
7 0.8015625 0.76953125 0.396875 0.4609375
5 0.80546875 0.76953125 0.3890625 0.4609375