4 0.96953125 0.06640625 0.0609375 0.1328125
5 0.9296875 0.2109375 0.140625 0.421875
6 0.2875 0.209375 0.075 0.13125
6 0.12109375 0.115625 0.075 0.09375
9 0.2453125 0.23984375 0.490625 0.4796875
2 0.73671875 0.559375 0.4921875 0.159375
3 0.74375 0.8109375 0.50625 0.303125
5 0.7453125 0.73984375 0.509375 0.5203125
8 0.3140625 0.50703125 0.2375 0.0546875
4 0.4046875 0.53203125 0.0390625 0.0578125
2 0.41640625 0.4890625 0.0171875 0.0140625
3 0.41484375 0.50234375 0.0140625 0.0125
5 0.40859375 0.5546875 0.0734375 0.15