0 0.91015625 0.3234375 0.028125 0.03125
0 0.83359375 0.31953125 0.0234375 0.0234375
0 0.771875 0.30546875 0.0125 0.0171875
0 0.790625 0.29453125 0.028125 0.03125
0 0.78203125 0.3203125 0.046875 0.0421875
0 0.696875 0.2984375 0.025 0.0265625
0 0.64453125 0.2984375 0.05 0.0453125
0 0.59765625 0.30078125 0.01875 0.0203125
0 0.5859375 0.3 0.01875 0.0203125
0 0.55546875 0.28984375 0.034375 0.0328125
7 0.57578125 0.3625 0.0453125 0.075
7 0.590625 0.3578125 0.015625 0.0546875
7 0.6609375 0.3703125 0.0203125 0.025
7 0.6875 0.3734375 0.06875 0.1
7 0.74765625 0.375 0.03125 0.090625
7 0.7796875 0.371875 0.0625 0.071875
7 0.81953125 0.3828125 0.0484375 0.084375
7 0.771875 0.42734375 0.0921875 0.1515625
7 0.62421875 0.4171875 0.1015625 0.16875
7 0.553125 0.37109375 0.046875 0.1109375
3 0.9078125 0.34609375 0.009375 0.0171875
7 0.91171875 0.39375 0.0625 0.1
3 0.828125 0.34453125 0.0140625 0.0140625
3 0.7703125 0.35625 0.021875 0.021875
3 0.69296875 0.3265625 0.015625 0.015625
3 0.65 0.34296875 0.0109375 0.0203125
3 0.59609375 0.32109375 0.0078125 0.0109375
3 0.5828125 0.3203125 0.0109375 0.0109375
3 0.55234375 0.31875 0.01875 0.0171875
0 0.5640625 0.31328125 0.0078125 0.0171875
5 0.5359375 0.3203125 0.0125 0.15625
5 0.56015625 0.43046875 0.0609375 0.3265625
5 0.57265625 0.38828125 0.065625 0.2
5 0.58359375 0.3796875 0.05 0.1796875
5 0.6140625 0.46015625 0.14375 0.3796875
5 0.68359375 0.4140625 0.0984375 0.2671875
5 0.746875 0.3859375 0.0625 0.1875
5 0.77734375 0.3484375 0.090625 0.15625
5 0.8203125 0.39765625 0.071875 0.1890625
5 0.8984375 0.4171875 0.0921875 0.2234375
5 0.78671875 0.471875 0.2140625 0.35625
0 0.33515625 0.8359375 0.096875 0.1015625
0 0.39765625 0.76640625 0.078125 0.075
0 0.228125 0.73515625 0.04375 0.04375
0 0.11484375 0.784375 0.0546875 0.0796875
0 0.04921875 0.76328125 0.078125 0.0921875
7 0.04765625 0.91328125 0.0953125 0.1734375
7 0.09765625 0.915625 0.1046875 0.16875
7 0.228125 0.86875 0.0921875 0.171875
7 0.31796875 0.95078125 0.1703125 0.0984375
7 0.4 0.91640625 0.103125 0.1671875
3 0.38359375 0.81640625 0.034375 0.0296875
3 0.228125 0.7828125 0.0296875 0.028125
5 0.39453125 0.8625 0.1671875 0.275
5 0.31875 0.8890625 0.203125 0.221875
5 0.21015625 0.853125 0.1546875 0.29375
5 0.1 0.8671875 0.140625 0.265625
5 0.06328125 0.85703125 0.1265625 0.2859375