5 0.853125 0.0609375 0.29375 0.121875
1 0.378125 0.140625 0.40625 0.21875
5 0.290625 0.125 0.58125 0.25
8 0.796875 0.625 0.40625 0.75
9 0.01015625 0.41875 0.0203125 0.046875
9 0.0234375 0.40859375 0.046875 0.0640625
9 0.1796875 0.475 0.04375 0.0390625
9 0.3078125 0.50234375 0.0640625 0.046875
9 0.3015625 0.47578125 0.040625 0.034375
9 0.2828125 0.49765625 0.0484375 0.0453125
9 0.39765625 0.509375 0.05625 0.05
9 0.54453125 0.51953125 0.0578125 0.053125
8 0.0671875 0.64296875 0.109375 0.140625
8 0.45234375 0.78828125 0.2578125 0.2546875
8 0.0734375 0.359375 0.0265625 0.034375
9 0.128125 0.37890625 0.0265625 0.0234375
9 0.146875 0.3765625 0.0234375 0.025
9 0.18515625 0.365625 0.0109375 0.021875
9 0.17109375 0.37109375 0.0296875 0.025