0 0.08984375 0.3234375 0.028125 0.03125
0 0.16640625 0.31953125 0.0234375 0.0234375
0 0.228125 0.30546875 0.0125 0.0171875
0 0.209375 0.29453125 0.028125 0.03125
0 0.21796875 0.3203125 0.046875 0.0421875
0 0.303125 0.2984375 0.025 0.0265625
0 0.35546875 0.2984375 0.05 0.0453125
0 0.40234375 0.30078125 0.01875 0.0203125
0 0.4140625 0.3 0.01875 0.0203125
0 0.44453125 0.28984375 0.034375 0.0328125
7 0.42421875 0.3625 0.0453125 0.075
7 0.409375 0.3578125 0.015625 0.0546875
7 0.3390625 0.3703125 0.0203125 0.025
7 0.3125 0.3734375 0.06875 0.1
7 0.25234375 0.375 0.03125 0.090625
7 0.2203125 0.371875 0.0625 0.071875
7 0.18046875 0.3828125 0.0484375 0.084375
7 0.228125 0.42734375 0.0921875 0.1515625
7 0.37578125 0.4171875 0.1015625 0.16875
7 0.446875 0.37109375 0.046875 0.1109375
3 0.0921875 0.34609375 0.009375 0.0171875
7 0.08828125 0.39375 0.0625 0.1
3 0.171875 0.34453125 0.0140625 0.0140625
3 0.2296875 0.35625 0.021875 0.021875
3 0.30703125 0.3265625 0.015625 0.015625
3 0.35 0.34296875 0.0109375 0.0203125
3 0.40390625 0.32109375 0.0078125 0.0109375
3 0.4171875 0.3203125 0.0109375 0.0109375
3 0.44765625 0.31875 0.01875 0.0171875
0 0.4359375 0.31328125 0.0078125 0.0171875
5 0.4640625 0.3203125 0.0125 0.15625
5 0.43984375 0.43046875 0.0609375 0.3265625
5 0.42734375 0.38828125 0.065625 0.2
5 0.41640625 0.3796875 0.05 0.1796875
5 0.3859375 0.46015625 0.14375 0.3796875
5 0.31640625 0.4140625 0.0984375 0.2671875
5 0.253125 0.3859375 0.0625 0.1875
5 0.22265625 0.3484375 0.090625 0.15625
5 0.1796875 0.39765625 0.071875 0.1890625
5 0.1015625 0.4171875 0.0921875 0.2234375
5 0.21328125 0.471875 0.2140625 0.35625
0 0.66484375 0.8359375 0.096875 0.1015625
0 0.60234375 0.76640625 0.078125 0.075
0 0.771875 0.73515625 0.04375 0.04375
0 0.88515625 0.784375 0.0546875 0.0796875
0 0.95078125 0.76328125 0.078125 0.0921875
7 0.95234375 0.91328125 0.0953125 0.1734375
7 0.90234375 0.915625 0.1046875 0.16875
7 0.771875 0.86875 0.0921875 0.171875
7 0.68203125 0.95078125 0.1703125 0.0984375
7 0.6 0.91640625 0.103125 0.1671875
3 0.61640625 0.81640625 0.034375 0.0296875
3 0.771875 0.7828125 0.0296875 0.028125
5 0.60546875 0.8625 0.1671875 0.275
5 0.68125 0.8890625 0.203125 0.221875
5 0.78984375 0.853125 0.1546875 0.29375
5 0.9 0.8671875 0.140625 0.265625
5 0.93671875 0.85703125 0.1265625 0.2859375