3 0.85234375 0.01953125 0.059375 0.03125
4 0.9078125 0.03671875 0.184375 0.0734375
5 0.87578125 0.14140625 0.2484375 0.2828125
8 0.16328125 0.32265625 0.175 0.2578125
8 0.17734375 0.58515625 0.1359375 0.2890625
6 0.92890625 0.98046875 0.0390625 0.0390625
6 0.71484375 0.92890625 0.0171875 0.0375
6 0.5890625 0.9453125 0.025 0.053125
6 0.765625 0.91953125 0.0140625 0.0359375
6 0.76015625 0.90390625 0.0125 0.034375
6 0.71640625 0.89765625 0.0125 0.03125
6 0.67421875 0.8890625 0.00625 0.021875
6 0.53515625 0.90859375 0.01875 0.0359375
6 0.5125 0.91875 0.003125 0.0375
6 0.640625 0.88046875 0.009375 0.01875
6 0.6171875 0.878125 0.009375 0.01875
6 0.60625 0.875 0.009375 0.01875
6 0.86484375 0.87265625 0.00625 0.01875
6 0.81796875 0.86953125 0.00625 0.015625
6 0.94296875 0.875 0.0078125 0.0203125
6 0.9875 0.87109375 0.00625 0.01875
6 0.9265625 0.8703125 0.0078125 0.01875
6 0.85859375 0.86640625 0.00625 0.0171875
6 0.80546875 0.865625 0.00625 0.01875
8 0.1484375 0.840625 0.296875 0.221875
8 0.36015625 0.86484375 0.3015625 0.2703125
2 0.06484375 0.77890625 0.0125 0.015625
7 0.0875 0.7953125 0.028125 0.0375
5 0.08046875 0.8 0.04375 0.059375