3 0.2796875 0.08125 0.04375 0.025
3 0.4796875 0.29140625 0.040625 0.025
4 0.14296875 0.10703125 0.21875 0.1421875
4 0.51328125 0.36953125 0.1421875 0.134375
0 0.52421875 0.26640625 0.1171875 0.0546875
2 0.3203125 0.04921875 0.075 0.0515625
5 0.17890625 0.18359375 0.3578125 0.3515625
5 0.41640625 0.3328125 0.3640625 0.2125
1 0.81953125 0.37578125 0.3609375 0.1265625
2 0.81953125 0.19609375 0.3609375 0.1703125
5 0.81953125 0.2671875 0.3609375 0.34375
5 0.22109375 0.71953125 0.3984375 0.5609375
6 0.96796875 0.9171875 0.0640625 0.165625
9 0.77734375 0.71953125 0.2765625 0.5609375
6 0.90390625 0.9140625 0.0359375 0.171875
9 0.9359375 0.71484375 0.128125 0.2328125