8 0.20390625 0.15 0.2921875 0.3
8 0.175 0.325 0.35 0.2875
4 0.1921875 0.0625 0.0140625 0.0234375
2 0.18828125 0.04140625 0.0109375 0.0125
5 0.19453125 0.0546875 0.0296875 0.0453125
7 0.64765625 0.234375 0.5421875 0.46875
5 0.64921875 0.234375 0.5453125 0.46875
8 0.175 0.734375 0.35 0.53125
1 0.521875 0.540625 0.125 0.13125
3 0.6984375 0.56328125 0.08125 0.08125
4 0.784375 0.775 0.3375 0.45
4 0.87734375 0.734375 0.2453125 0.53125
4 0.55859375 0.7875 0.2953125 0.425
5 0.41875 0.734375 0.1375 0.53125
5 0.54453125 0.734375 0.3890625 0.53125
5 0.72578125 0.734375 0.5046875 0.53125
5 0.86015625 0.734375 0.2796875 0.53125