8 0.12421875 0.07578125 0.2484375 0.1515625
8 0.184375 0.28984375 0.36875 0.5796875
3 0.52109375 0.21796875 0.025 0.01875
2 0.521875 0.2 0.034375 0.0234375
4 0.5265625 0.25390625 0.0671875 0.059375
5 0.52578125 0.30859375 0.1625 0.2546875
5 0.16953125 0.83046875 0.2109375 0.3390625
5 0.06484375 0.8953125 0.1296875 0.209375
5 0.02109375 0.85390625 0.0421875 0.2921875
4 0.0578125 0.91640625 0.0671875 0.1015625
4 0.1375 0.88046875 0.1015625 0.20625
3 0.02109375 0.8625 0.0109375 0.0140625
3 0.15390625 0.76796875 0.0234375 0.0359375
0 0.02578125 0.83046875 0.0515625 0.0671875
0 0.13359375 0.70703125 0.0765625 0.0796875
5 0.69609375 0.60390625 0.0546875 0.0484375