8 0.140625 0.128125 0.2421875 0.228125
8 0.284375 0.234375 0.56875 0.46875
2 0.13515625 0.0953125 0.015625 0.0171875
3 0.140625 0.11328125 0.0125 0.015625
5 0.153125 0.134375 0.0546875 0.1109375
4 0.14765625 0.1421875 0.021875 0.0453125
9 0.671875 0.1703125 0.1828125 0.321875
2 0.759375 0.08125 0.228125 0.1625
2 0.9125 0.1109375 0.175 0.221875
3 0.82890625 0.1890625 0.1140625 0.121875
4 0.86796875 0.03359375 0.1015625 0.0671875
4 0.6671875 0.0671875 0.096875 0.134375
4 0.853125 0.31640625 0.29375 0.3046875
5 0.65234375 0.25625 0.1671875 0.425
5 0.9140625 0.234375 0.171875 0.46875
5 0.86640625 0.053125 0.1234375 0.10625
5 0.68671875 0.17109375 0.1984375 0.3421875
5 0.821875 0.234375 0.35625 0.46875
8 0.51328125 0.89921875 0.1109375 0.2015625
9 0.3390625 0.69140625 0.0359375 0.0359375
8 0.2578125 0.734375 0.515625 0.53125
6 0.91328125 0.73984375 0.1734375 0.4796875
3 0.7828125 0.94921875 0.0796875 0.0828125
2 0.746875 0.79453125 0.1046875 0.09375
5 0.81484375 0.84765625 0.3703125 0.3046875