8 0.69765625 0.11953125 0.5140625 0.2390625
8 0.07578125 0.19921875 0.1515625 0.0796875
9 0.24296875 0.08671875 0.028125 0.0328125
9 0.26875 0.0890625 0.028125 0.03125
9 0.29453125 0.08828125 0.028125 0.0359375
9 0.31953125 0.08828125 0.0296875 0.0328125
9 0.3546875 0.08984375 0.03125 0.0328125
9 0.38046875 0.09140625 0.028125 0.03125
9 0.40546875 0.09375 0.0296875 0.03125
9 0.428125 0.09375 0.025 0.03125
6 0.0484375 0.1 0.0140625 0.009375
8 0.2390625 0.11953125 0.403125 0.2390625
0 0.8 0.51953125 0.021875 0.0328125
5 0.8015625 0.5296875 0.0484375 0.075
4 0.796875 0.5125 0.0234375 0.0390625
3 0.08984375 0.965625 0.0765625 0.06875
2 0.11640625 0.81875 0.1015625 0.0875
5 0.11484375 0.8671875 0.2296875 0.265625