8 0.403125 0.13984375 0.371875 0.2796875
8 0.27265625 0.2296875 0.5453125 0.459375
8 0.79453125 0.18046875 0.4109375 0.3609375
0 0.77578125 0.41640625 0.0765625 0.04375
0 0.7265625 0.38984375 0.0515625 0.034375
3 0.71796875 0.41171875 0.0359375 0.0171875
3 0.75390625 0.4375 0.025 0.0171875
7 0.703125 0.43671875 0.09375 0.0453125
5 0.75 0.421875 0.203125 0.075
5 0.6796875 0.4046875 0.18125 0.109375
0 0.80390625 0.27109375 0.009375 0.00625
7 0.80234375 0.28046875 0.0171875 0.0140625
5 0.80390625 0.28359375 0.025 0.034375
0 0.7953125 0.2953125 0.009375 0.00625
7 0.79765625 0.30546875 0.0171875 0.015625
5 0.79453125 0.30859375 0.0265625 0.0359375
3 0.44609375 0.76796875 0.0296875 0.0375
2 0.4640625 0.690625 0.06875 0.06875
4 0.43203125 0.86484375 0.1359375 0.20625
5 0.4109375 0.821875 0.24375 0.35625
7 0.64296875 0.5375 0.1078125 0.15625
5 0.6578125 0.709375 0.1375 0.5