8 0.5125 0.3375 0.10625 0.1625
8 0.78125 0.3359375 0.425 0.165625
2 0.0140625 0.58984375 0.028125 0.1296875
3 0.01484375 0.65078125 0.0296875 0.0859375
7 0.06328125 0.79140625 0.1265625 0.3390625
5 0.06171875 0.44609375 0.0671875 0.046875
5 0.1265625 0.75234375 0.253125 0.4953125
7 0.68671875 0.68828125 0.11875 0.2171875
7 0.50703125 0.7234375 0.0953125 0.24375
3 0.67265625 0.56953125 0.040625 0.0375
3 0.47890625 0.58359375 0.0390625 0.0390625
0 0.48046875 0.52421875 0.0421875 0.0609375
0 0.66484375 0.51484375 0.059375 0.053125
5 0.7 0.7421875 0.165625 0.515625
5 0.5296875 0.7421875 0.140625 0.515625