8 0.2296875 0.26953125 0.459375 0.5390625
8 0.27421875 0.26953125 0.3703125 0.5390625
8 0.96796875 0.1984375 0.0640625 0.196875
9 0.884375 0.28984375 0.06875 0.040625
6 0.80703125 0.321875 0.0109375 0.015625
6 0.79296875 0.325 0.0125 0.0171875
6 0.77578125 0.3296875 0.0109375 0.015625
6 0.7609375 0.33359375 0.0125 0.0203125
6 0.74921875 0.3359375 0.0109375 0.021875
6 0.73984375 0.33828125 0.0125 0.0203125
9 0.58984375 0.32890625 0.1125 0.0921875
9 0.71328125 0.3375 0.0421875 0.0328125
8 0.7109375 0.421875 0.13125 0.128125
9 0.571875 0.146875 0.209375 0.078125
5 0.2296875 0.76953125 0.459375 0.4609375
4 0.2296875 0.95234375 0.459375 0.0953125
1 0.259375 0.86015625 0.4 0.2796875
2 0.2296875 0.6078125 0.459375 0.1375
8 0.63671875 0.7390625 0.3546875 0.4
8 0.81640625 0.75390625 0.3671875 0.4296875