8 0.23984375 0.2296875 0.4796875 0.459375
0 0.70546875 0.3921875 0.159375 0.0890625
0 0.703125 0.2078125 0.125 0.096875
0 0.503125 0.20859375 0.046875 0.0359375
3 0.70859375 0.23515625 0.0453125 0.0328125
3 0.725 0.44765625 0.03125 0.0234375
4 0.49296875 0.2734375 0.0265625 0.075
4 0.615625 0.31015625 0.215625 0.203125
5 0.50390625 0.259375 0.0484375 0.134375
5 0.63671875 0.3015625 0.2640625 0.315625
5 0.6875 0.40234375 0.378125 0.1140625
9 0.96796875 0.653125 0.0640625 0.20625
0 0.746875 0.5640625 0.025 0.0453125
4 0.74140625 0.59375 0.0375 0.0515625
5 0.734375 0.61640625 0.065625 0.1609375