8 0.21875 0.26484375 0.4375 0.5296875
6 0.96171875 0.3625 0.0453125 0.0875
6 0.98046875 0.21328125 0.0140625 0.0265625
6 0.96953125 0.22109375 0.015625 0.0328125
6 0.896875 0.18359375 0.0203125 0.034375
6 0.7671875 0.13046875 0.021875 0.04375
6 0.9203125 0.16328125 0.0125 0.0234375
9 0.740625 0.325 0.103125 0.409375
6 0.8734375 0.12578125 0.0109375 0.0203125
6 0.84453125 0.1 0.0109375 0.01875
9 0.875 0.07734375 0.0328125 0.04375
8 0.5234375 0.91171875 0.23125 0.1765625
6 0.353125 0.95625 0.025 0.084375
8 0.32109375 0.83203125 0.1953125 0.1359375
8 0.84453125 0.76484375 0.3109375 0.4703125