8 0.26484375 0.275 0.5296875 0.55
5 0.18203125 0.1125 0.0515625 0.1328125
0 0.9109375 0.28671875 0.01875 0.0171875
5 0.9078125 0.3640625 0.05 0.175
7 0.6015625 0.38359375 0.03125 0.0640625
0 0.6046875 0.33046875 0.0171875 0.0234375
5 0.59921875 0.4140625 0.046875 0.196875
2 0.53671875 0.65 0.0140625 0.059375
3 0.91796875 0.61171875 0.05 0.0609375
3 0.78515625 0.5703125 0.0453125 0.040625
3 0.58984375 0.57109375 0.0453125 0.0421875
4 0.5578125 0.87578125 0.05625 0.2484375
7 0.5921875 0.75234375 0.125 0.3578125
7 0.77578125 0.75546875 0.1515625 0.34375
7 0.91328125 0.81328125 0.1609375 0.3734375
5 0.5703125 0.80390625 0.08125 0.3921875
5 0.615625 0.775 0.171875 0.45
5 0.7703125 0.775 0.2 0.45
5 0.903125 0.775 0.19375 0.45
9 0.984375 0.72734375 0.03125 0.1640625