8 0.284375 0.2515625 0.56875 0.45625
5 0.2515625 0.190625 0.0125 0.04375
0 0.93984375 0.00703125 0.0390625 0.0140625
0 0.778125 0.0078125 0.025 0.015625
3 0.77734375 0.01640625 0.0109375 0.0140625
3 0.80703125 0.00703125 0.0109375 0.0140625
3 0.94140625 0.02421875 0.0171875 0.01875
3 0.74765625 0.01484375 0.0125 0.0125
5 0.7671875 0.1078125 0.046875 0.215625
5 0.78359375 0.14296875 0.0828125 0.2859375
5 0.7328125 0.12265625 0.090625 0.2453125
0 0.75625 0.0046875 0.0375 0.009375
5 0.9140625 0.15234375 0.09375 0.3046875
5 0.9484375 0.159375 0.103125 0.31875
5 0.93203125 0.23984375 0.1359375 0.4796875
7 0.73046875 0.05703125 0.053125 0.1
7 0.78984375 0.06640625 0.0625 0.1296875
7 0.92265625 0.08359375 0.059375 0.1234375
7 0.9484375 0.184375 0.103125 0.36875
7 0.96796875 0.05703125 0.0640625 0.0859375
0 0.18671875 0.509375 0.1015625 0.059375
1 0.16953125 0.6046875 0.078125 0.0875
7 0.13984375 0.78515625 0.2265625 0.3078125
5 0.2046875 0.73984375 0.409375 0.5203125