8 0.5859375 0.19296875 0.346875 0.3859375
8 0.37734375 0.25 0.7546875 0.5
4 0.0375 0.11796875 0.03125 0.0546875
5 0.0421875 0.1078125 0.0609375 0.08125
8 0.3796875 0.87265625 0.759375 0.2546875
0 0.97890625 0.76953125 0.034375 0.0359375
0 0.89453125 0.7796875 0.0390625 0.0390625
0 0.80390625 0.78984375 0.0390625 0.0375
0 0.9375 0.81015625 0.0390625 0.0421875
0 0.8703125 0.834375 0.040625 0.0375
0 0.7890625 0.83671875 0.046875 0.04375
3 0.803125 0.8765625 0.025 0.01875
3 0.81328125 0.8234375 0.0234375 0.021875
3 0.88125 0.86875 0.0203125 0.0171875
3 0.90234375 0.81484375 0.025 0.0203125
3 0.9453125 0.85 0.028125 0.021875
3 0.9859375 0.80546875 0.0234375 0.01875
7 0.97734375 0.8765625 0.0453125 0.125
7 0.9046875 0.86015625 0.0328125 0.03125
7 0.83046875 0.878125 0.0546875 0.075
7 0.81015625 0.93984375 0.1015625 0.1203125
7 0.8828125 0.934375 0.09375 0.13125
5 0.834375 0.8828125 0.14375 0.234375
5 0.82890625 0.90546875 0.1390625 0.1890625
5 0.89140625 0.90546875 0.1328125 0.1890625
5 0.925 0.87890625 0.109375 0.2421875
5 0.94453125 0.89140625 0.1109375 0.2171875
5 0.971875 0.87265625 0.05625 0.2546875