8 0.80546875 0.16484375 0.3890625 0.3296875
5 0.453125 0.16484375 0.315625 0.3296875
7 0.83046875 0.7109375 0.3234375 0.578125
5 0.8234375 0.66328125 0.353125 0.6671875
3 0.8203125 0.40234375 0.090625 0.140625
4 0.5703125 0.5671875 0.08125 0.2125
4 0.4375 0.56953125 0.13125 0.2
4 0.25390625 0.57734375 0.1125 0.190625
4 0.0984375 0.57265625 0.128125 0.2078125
2 0.23828125 0.375 0.0765625 0.078125
3 0.5796875 0.38828125 0.0484375 0.0453125
3 0.24296875 0.4671875 0.053125 0.05
3 0.04375 0.45546875 0.0375 0.0484375
5 0.096875 0.64765625 0.19375 0.5296875
5 0.2921875 0.61015625 0.321875 0.5609375
5 0.48046875 0.7 0.2609375 0.546875
5 0.5546875 0.5984375 0.1125 0.50625