8 0.14296875 0.10703125 0.2859375 0.2140625
5 0.684375 0.11953125 0.63125 0.2390625
1 0.79765625 0.18984375 0.4046875 0.0984375
2 0.78828125 0.02265625 0.4234375 0.0453125
1 0.0234375 0.79921875 0.046875 0.0265625
2 0.05625 0.74296875 0.1125 0.0578125
5 0.0453125 0.82734375 0.090625 0.2453125
0 0.421875 0.3953125 0.0890625 0.0609375
0 0.71171875 0.628125 0.071875 0.0453125
4 0.71171875 0.75546875 0.1578125 0.20625
3 0.43828125 0.43203125 0.0265625 0.0375
4 0.40859375 0.5453125 0.0796875 0.228125
5 0.43046875 0.64921875 0.1234375 0.5796875
5 0.7109375 0.7703125 0.21875 0.35
5 0.41796875 0.7140625 0.0984375 0.140625