8 0.23828125 0.15 0.4765625 0.3
9 0.4515625 0.11796875 0.05625 0.2359375
8 0.92578125 0.059375 0.1484375 0.11875
8 0.73984375 0.15 0.5203125 0.3
4 0.73046875 0.12109375 0.025 0.05625
2 0.73671875 0.0671875 0.0140625 0.015625
5 0.72890625 0.1046875 0.0375 0.0953125
8 0.54296875 0.0765625 0.1265625 0.096875
7 0.20546875 0.721875 0.1703125 0.2328125
0 0.334375 0.6625 0.0765625 0.140625
3 0.3 0.71875 0.021875 0.034375
5 0.2265625 0.7921875 0.29375 0.415625
4 0.9390625 0.45703125 0.121875 0.3140625
0 0.8890625 0.3234375 0.096875 0.046875
5 0.85234375 0.65 0.2953125 0.7