8 0.69453125 0.275 0.5890625 0.55
0 0.43359375 0.7546875 0.0265625 0.03125
0 0.5140625 0.76171875 0.021875 0.021875
0 0.57890625 0.759375 0.0109375 0.015625
0 0.5625 0.74453125 0.0265625 0.03125
0 0.565625 0.77265625 0.0453125 0.0390625
0 0.6578125 0.765625 0.025 0.025
0 0.71015625 0.77421875 0.046875 0.04375
0 0.75703125 0.78515625 0.015625 0.01875
0 0.7703125 0.78671875 0.0171875 0.01875
0 0.803125 0.78046875 0.0328125 0.03125
0 0.8484375 0.7546875 0.025 0.025
0 0.890625 0.7296875 0.0390625 0.0421875
0 0.87734375 0.78671875 0.06875 0.075
0 0.94140625 0.815625 0.0203125 0.0234375
0 0.9640625 0.8046875 0.0125 0.009375
7 0.9609375 0.82890625 0.0140625 0.0296875
0 0.98046875 0.80390625 0.0265625 0.0265625
7 0.97890625 0.87734375 0.0421875 0.1015625
7 0.9453125 0.88046875 0.0375 0.084375
7 0.8390625 0.83203125 0.0359375 0.084375
7 0.76953125 0.85234375 0.040625 0.075
7 0.75390625 0.84453125 0.009375 0.0578125
7 0.68046875 0.84609375 0.01875 0.0234375
7 0.653125 0.84296875 0.0625 0.096875
7 0.59140625 0.83515625 0.021875 0.0921875
7 0.55859375 0.82578125 0.059375 0.0703125
7 0.515625 0.8296875 0.0421875 0.084375
7 0.55546875 0.88359375 0.08125 0.15
7 0.70859375 0.8984375 0.090625 0.165625
7 0.80546875 0.8671875 0.0703125 0.10625
7 0.9078125 0.84609375 0.053125 0.1359375
7 0.8625 0.92890625 0.1 0.1421875
3 0.43203125 0.7765625 0.0078125 0.0171875
7 0.4234375 0.8234375 0.046875 0.1
3 0.51328125 0.7890625 0.0140625 0.0140625
3 0.5703125 0.81171875 0.0203125 0.01875
3 0.65625 0.79453125 0.0140625 0.0140625
3 0.696875 0.81875 0.0078125 0.0203125
3 0.75625 0.80546875 0.0078125 0.0109375
3 0.76953125 0.80703125 0.0109375 0.009375
3 0.80078125 0.8109375 0.01875 0.015625
0 0.78984375 0.80390625 0.00625 0.0171875
3 0.8453125 0.78125 0.0140625 0.0125
3 0.8515625 0.8390625 0.0078125 0.028125
3 0.93984375 0.83671875 0.009375 0.0109375
3 0.9796875 0.83203125 0.0140625 0.0125
5 0.9640625 0.82109375 0.01875 0.0421875
5 0.9734375 0.89453125 0.053125 0.2109375
5 0.94296875 0.9 0.0453125 0.2
5 0.8984375 0.85390625 0.0875 0.2921875
5 0.83984375 0.8203125 0.04375 0.1578125
5 0.80390625 0.88046875 0.0921875 0.2390625
5 0.76796875 0.87890625 0.046875 0.20625
5 0.7578125 0.86796875 0.0328125 0.1859375
5 0.70703125 0.875 0.1046875 0.25
5 0.64765625 0.87421875 0.0765625 0.2515625
5 0.5890625 0.84609375 0.0453125 0.1921875
5 0.56484375 0.8015625 0.078125 0.1546875
5 0.51171875 0.84453125 0.0546875 0.1921875
5 0.43203125 0.84921875 0.0640625 0.2265625
5 0.52578125 0.8734375 0.1796875 0.253125
5 0.8609375 0.87109375 0.11875 0.2578125