8 0.22890625 0.07734375 0.1015625 0.1546875
8 0.1890625 0.23515625 0.18125 0.3890625
5 0.63125 0.22421875 0.703125 0.4109375
0 0.4109375 0.19453125 0.1453125 0.26875
4 0.6671875 0.37421875 0.396875 0.1109375
1 0.54765625 0.296875 0.1984375 0.265625
8 0.18046875 0.84140625 0.1984375 0.3171875
7 0.02421875 0.75078125 0.0140625 0.021875
5 0.0234375 0.74375 0.0171875 0.0421875
8 0.11484375 0.71484375 0.2296875 0.5703125
8 0.059375 0.70546875 0.11875 0.5515625
8 0.74375 0.69765625 0.3390625 0.325
8 0.63046875 0.7453125 0.7015625 0.509375
4 0.4296875 0.63984375 0.015625 0.0328125
3 0.4296875 0.6109375 0.0078125 0.0109375
2 0.425 0.59609375 0.0125 0.0140625
5 0.43515625 0.6296875 0.0390625 0.0859375