8 0.21484375 0.184375 0.4296875 0.36875
2 0.859375 0.3359375 0.009375 0.0109375
2 0.84609375 0.33359375 0.0109375 0.0109375
3 0.49765625 0.3578125 0.00625 0.0171875
2 0.51328125 0.334375 0.0140625 0.01875
2 0.5 0.34609375 0.0109375 0.0171875
4 0.84375 0.3625 0.025 0.0125
3 0.8515625 0.34609375 0.0078125 0.0109375
3 0.859375 0.3484375 0.00625 0.009375
4 0.51953125 0.35859375 0.0140625 0.0203125
2 0.50859375 0.3484375 0.0078125 0.015625
5 0.51796875 0.34609375 0.0421875 0.0453125
5 0.85234375 0.346875 0.0328125 0.04375
5 0.84296875 0.34765625 0.0546875 0.0421875
8 0.36640625 0.55234375 0.1265625 0.1921875
8 0.06875 0.6671875 0.1375 0.375
8 0.21484375 0.684375 0.4296875 0.63125
3 0.33671875 0.52734375 0.0078125 0.0109375
2 0.34140625 0.51171875 0.0125 0.0171875
4 0.33984375 0.55 0.015625 0.0359375
5 0.33359375 0.54453125 0.0328125 0.084375
8 0.67578125 0.684375 0.4921875 0.63125
8 0.92109375 0.76875 0.1578125 0.453125