8 0.8140625 0.21953125 0.33125 0.4390625
8 0.68671875 0.31328125 0.5765625 0.4515625
1 0.225 0.409375 0.171875 0.259375
2 0.21328125 0.13984375 0.1953125 0.1578125
5 0.15546875 0.2890625 0.3109375 0.5
2 0.98203125 0.76953125 0.0359375 0.1859375
0 0.82734375 0.61875 0.1265625 0.159375
2 0.57890625 0.6359375 0.10625 0.153125
3 0.9859375 0.93359375 0.028125 0.1328125
3 0.82265625 0.74140625 0.075 0.0640625
3 0.5984375 0.76640625 0.0671875 0.053125
4 0.61171875 0.86875 0.1921875 0.2625
4 0.86015625 0.884375 0.1796875 0.23125
5 0.86484375 0.76953125 0.2703125 0.4609375
5 0.60078125 0.775 0.3046875 0.45
7 0.15546875 0.8390625 0.3109375 0.321875
5 0.15546875 0.76953125 0.3109375 0.4609375
3 0.23828125 0.68125 0.0546875 0.1375
0 0.190625 0.57734375 0.209375 0.0765625