8 0.1796875 0.334375 0.359375 0.66875
5 0.5015625 0.5546875 0.01875 0.03125
7 0.49765625 0.55703125 0.009375 0.021875
8 0.51953125 0.54140625 0.1828125 0.2546875
9 0.41640625 0.171875 0.1015625 0.071875
9 0.50234375 0.15859375 0.0921875 0.065625
9 0.7984375 0.1609375 0.06875 0.059375
9 0.7546875 0.1671875 0.0890625 0.06875
9 0.95390625 0.10625 0.0921875 0.121875
8 0.78125 0.259375 0.0671875 0.1015625
8 0.66484375 0.25703125 0.475 0.484375
4 0.99296875 0.21171875 0.0140625 0.0390625
2 0.9953125 0.17734375 0.009375 0.0109375
5 0.99296875 0.21015625 0.0140625 0.0765625
5 0.26171875 0.74296875 0.1953125 0.1484375
5 0.6796875 0.834375 0.640625 0.33125