8 0.16953125 0.209375 0.3390625 0.41875
0 0.5125 0.0953125 0.0921875 0.0609375
0 0.36484375 0.10703125 0.0515625 0.0734375
0 0.66171875 0.13984375 0.1078125 0.0671875
4 0.6765625 0.29921875 0.1515625 0.16875
4 0.490625 0.24296875 0.13125 0.1421875
4 0.3671875 0.2515625 0.05625 0.140625
3 0.35390625 0.165625 0.0296875 0.03125
3 0.51484375 0.15390625 0.04375 0.0328125
3 0.640625 0.19609375 0.04375 0.03125
5 0.38046875 0.24140625 0.0828125 0.3546875
5 0.51953125 0.23984375 0.2359375 0.3578125
5 0.66484375 0.26015625 0.1984375 0.3171875
1 0.16953125 0.78359375 0.3390625 0.2359375
2 0.16953125 0.50234375 0.3390625 0.1671875
5 0.16953125 0.709375 0.3390625 0.58125
8 0.74375 0.709375 0.5125 0.58125
4 0.59296875 0.6046875 0.03125 0.0328125
3 0.590625 0.58125 0.0125 0.0125
2 0.58984375 0.5671875 0.015625 0.0125
5 0.5984375 0.61328125 0.05 0.1078125
9 0.47734375 0.68046875 0.034375 0.04375