8 0.70703125 0.225 0.4328125 0.45
8 0.89921875 0.225 0.2015625 0.45
2 0.403125 0.35 0.175 0.165625
5 0.2453125 0.33125 0.490625 0.2375
3 0.7453125 0.8625 0.509375 0.275
2 0.76484375 0.56796875 0.4703125 0.2359375
4 0.7453125 0.85078125 0.509375 0.2984375
5 0.7453125 0.725 0.509375 0.55
4 0.08125 0.7828125 0.0140625 0.021875
4 0.1359375 0.78515625 0.015625 0.021875
2 0.0828125 0.76796875 0.0046875 0.0078125
2 0.1375 0.77109375 0.0078125 0.009375
5 0.13671875 0.790625 0.021875 0.05
5 0.08203125 0.7828125 0.0171875 0.0421875