8 0.696875 0.2046875 0.60625 0.409375
5 0.875 0.384375 0.040625 0.05
9 0.29921875 0.34375 0.0796875 0.13125
9 0.1359375 0.33203125 0.0875 0.08125
7 0.21796875 0.29140625 0.0921875 0.2359375
3 0.2171875 0.15546875 0.028125 0.040625
0 0.221875 0.08984375 0.0375 0.053125
5 0.22890625 0.2046875 0.1140625 0.409375
1 0.67421875 0.884375 0.3359375 0.23125
2 0.72421875 0.6640625 0.309375 0.0984375
5 0.690625 0.8015625 0.61875 0.396875
4 0.34296875 0.86796875 0.0765625 0.1296875
2 0.34765625 0.77890625 0.04375 0.021875
5 0.3265625 0.8828125 0.109375 0.234375