8 0.3046875 0.259375 0.609375 0.51875
1 0.73515625 0.1609375 0.2515625 0.321875
4 0.8046875 0.3875 0.390625 0.2625
5 0.8046875 0.259375 0.390625 0.51875
0 0.615625 0.64609375 0.0125 0.0203125
0 0.6265625 0.6453125 0.01875 0.0203125
0 0.65859375 0.63515625 0.034375 0.0328125
0 0.7015625 0.60234375 0.0265625 0.025
0 0.74140625 0.571875 0.0421875 0.0453125
0 0.734375 0.63046875 0.0734375 0.08125
0 0.803125 0.65078125 0.021875 0.0265625
0 0.825 0.63671875 0.0125 0.0109375
7 0.82421875 0.66171875 0.015625 0.03125
0 0.840625 0.63359375 0.028125 0.0265625
0 0.88359375 0.609375 0.0328125 0.03125
0 0.94765625 0.61875 0.025 0.0265625
0 0.99140625 0.62109375 0.0171875 0.0265625
7 0.98359375 0.70546875 0.0328125 0.1015625
7 0.95703125 0.70703125 0.040625 0.1109375
7 0.8953125 0.70546875 0.0671875 0.121875
7 0.85234375 0.70859375 0.0546875 0.103125
7 0.81484375 0.715625 0.0421875 0.0875
7 0.7015625 0.68125 0.0421875 0.0859375
7 0.634375 0.71171875 0.04375 0.078125
7 0.61796875 0.70625 0.0140625 0.0578125
7 0.67265625 0.72265625 0.078125 0.1140625
7 0.7734375 0.6859375 0.0609375 0.140625
7 0.74375 0.834375 0.115625 0.2640625
3 0.61484375 0.6671875 0.0078125 0.0109375
3 0.62890625 0.66640625 0.0109375 0.0109375
3 0.6609375 0.66640625 0.01875 0.0171875
0 0.64921875 0.659375 0.0078125 0.0171875
3 0.70234375 0.6296875 0.0140625 0.0140625
3 0.71484375 0.6875 0.009375 0.0296875
3 0.80390625 0.67265625 0.009375 0.0109375
3 0.84296875 0.66171875 0.0140625 0.0140625
3 0.88515625 0.640625 0.0203125 0.015625
1 0.953125 0.6421875 0.009375 0.021875
3 0.99453125 0.646875 0.0109375 0.015625
5 0.9796875 0.7453125 0.040625 0.278125
5 0.96171875 0.74765625 0.0765625 0.2953125
5 0.89453125 0.7515625 0.09375 0.3234375
5 0.82578125 0.65234375 0.021875 0.04375
5 0.85078125 0.75 0.0765625 0.2640625
5 0.815625 0.74609375 0.0578125 0.225
5 0.77421875 0.77265625 0.1140625 0.4546875
5 0.7 0.66953125 0.0515625 0.1625
5 0.6765625 0.78671875 0.1109375 0.346875
5 0.63671875 0.73828125 0.0546875 0.2109375
5 0.62734375 0.7296875 0.0359375 0.190625
5 0.62890625 0.80703125 0.0390625 0.3859375
5 0.7515625 0.7921875 0.15625 0.415625