8 0.21484375 0.28984375 0.4296875 0.5796875
8 0.13046875 0.38046875 0.2609375 0.3984375
4 0.3625 0.20234375 0.0453125 0.0625
2 0.35703125 0.1484375 0.0203125 0.028125
5 0.359375 0.184375 0.059375 0.1078125
4 0.74140625 0.29921875 0.15 0.196875
2 0.7828125 0.15859375 0.05625 0.0640625
5 0.71015625 0.35078125 0.3578125 0.4578125
8 0.21484375 0.765625 0.4296875 0.371875
8 0.37578125 0.77734375 0.1078125 0.3953125
2 0.79375 0.6203125 0.1375 0.08125
3 0.68984375 0.6546875 0.078125 0.046875
4 0.83828125 0.8140625 0.3234375 0.36875
4 0.66953125 0.7140625 0.16875 0.2265625
5 0.903125 0.634375 0.19375 0.109375
5 0.7625 0.78984375 0.475 0.4203125
5 0.6546875 0.7828125 0.340625 0.40625
5 0.503125 0.78984375 0.146875 0.4203125