8 0.2734375 0.1015625 0.471875 0.203125
8 0.38828125 0.259375 0.2421875 0.51875
1 0.659375 0.19140625 0.3 0.2734375
2 0.69921875 0.02890625 0.3796875 0.0578125
4 0.7546875 0.41796875 0.490625 0.2015625
5 0.7546875 0.259375 0.490625 0.51875
5 0.2546875 0.759375 0.509375 0.48125
4 0.2546875 0.87421875 0.509375 0.2515625
1 0.3328125 0.6640625 0.353125 0.253125
9 0.52578125 0.9265625 0.0328125 0.0625
8 0.78828125 0.759375 0.4234375 0.48125
0 0.87109375 0.71328125 0.0234375 0.0265625
3 0.8671875 0.7328125 0.0125 0.0125
4 0.8640625 0.75234375 0.0296875 0.034375
5 0.865625 0.734375 0.0359375 0.071875