8 0.0640625 0.29765625 0.128125 0.3640625
8 0.14453125 0.35078125 0.2890625 0.2578125
9 0.54765625 0.4359375 0.034375 0.03125
9 0.61171875 0.40703125 0.0296875 0.0265625
9 0.5859375 0.421875 0.028125 0.0234375
8 0.85078125 0.36796875 0.0296875 0.03125
9 0.82421875 0.38125 0.03125 0.0296875
3 0.88671875 0.42578125 0.0078125 0.0109375
0 0.8859375 0.40703125 0.0203125 0.0328125
5 0.8875 0.43515625 0.05625 0.0890625
4 0.75 0.409375 0.0265625 0.0546875
0 0.7453125 0.3703125 0.015625 0.0203125
5 0.75390625 0.41796875 0.0546875 0.1234375
6 0.21796875 0.66640625 0.1421875 0.3734375
6 0.1359375 0.73984375 0.271875 0.5203125
5 0.66640625 0.628125 0.025 0.078125
7 0.6625 0.615625 0.0140625 0.034375
0 0.6671875 0.5953125 0.0078125 0.0109375
8 0.5453125 0.75703125 0.190625 0.296875
8 0.60625 0.73984375 0.634375 0.5203125
5 0.725 0.85859375 0.0625 0.0921875
4 0.7421875 0.86015625 0.01875 0.0375