8 0.375 0.1796875 0.75 0.359375
8 0.5921875 0.1796875 0.315625 0.359375
5 0.31953125 0.275 0.078125 0.103125
8 0.875 0.1796875 0.25 0.359375
8 0.875 0.20078125 0.25 0.3171875
8 0.56640625 0.490625 0.3671875 0.2625
8 0.215625 0.65234375 0.43125 0.5859375
5 0.6078125 0.4515625 0.0125 0.0328125
5 0.13984375 0.69140625 0.0859375 0.134375
5 0.13515625 0.45078125 0.03125 0.059375
7 0.13125 0.44375 0.0109375 0.0203125
7 0.15703125 0.6796875 0.0328125 0.0578125
3 0.1546875 0.64296875 0.0109375 0.0109375
2 0.153125 0.62890625 0.0125 0.009375
0 0.125 0.4296875 0.009375 0.0109375
8 0.92265625 0.5984375 0.1546875 0.478125