8 0.16484375 0.165625 0.3296875 0.33125
8 0.66484375 0.19453125 0.6703125 0.3890625
5 0.3375 0.1484375 0.015625 0.178125
8 0.2421875 0.51171875 0.175 0.2453125
8 0.11875 0.62265625 0.2375 0.4671875
5 0.02734375 0.4875 0.0484375 0.0859375
7 0.4625 0.65703125 0.0171875 0.028125
0 0.4640625 0.63515625 0.00625 0.009375
5 0.459375 0.67109375 0.028125 0.08125
5 0.825 0.57890625 0.0078125 0.0234375
8 0.81875 0.5796875 0.0703125 0.1046875
9 0.78828125 0.6015625 0.0265625 0.0375
9 0.74921875 0.6171875 0.0515625 0.0734375
7 0.8078125 0.61328125 0.009375 0.01875
5 0.80625 0.621875 0.0125 0.05
8 0.5984375 0.8 0.190625 0.321875
5 0.50234375 0.88984375 0.0484375 0.0921875
8 0.57578125 0.69453125 0.4921875 0.6109375
8 0.93984375 0.540625 0.021875 0.0390625
9 0.88203125 0.51015625 0.0109375 0.015625
9 0.9015625 0.50390625 0.00625 0.0078125
9 0.90078125 0.51640625 0.0109375 0.015625
9 0.8984375 0.53125 0.015625 0.01875
9 0.8875 0.53671875 0.015625 0.021875
9 0.87578125 0.546875 0.0171875 0.0234375
9 0.8625 0.53828125 0.015625 0.01875