8 0.2046875 0.08359375 0.409375 0.1671875
7 0.7890625 0.184375 0.421875 0.36875
5 0.7046875 0.2046875 0.590625 0.409375
8 0.1 0.80703125 0.2 0.2328125
2 0.9671875 0.7515625 0.0609375 0.053125
2 0.8359375 0.7203125 0.053125 0.0546875
2 0.74140625 0.7015625 0.0625 0.053125
2 0.665625 0.875 0.0515625 0.05625
0 0.58984375 0.70234375 0.078125 0.08125
0 0.4203125 0.70546875 0.021875 0.0796875
3 0.42265625 0.80625 0.0265625 0.04375
3 0.596875 0.7984375 0.04375 0.0515625
3 0.75234375 0.8046875 0.034375 0.0453125
3 0.846875 0.83046875 0.0453125 0.053125
3 0.971875 0.86328125 0.040625 0.0484375
4 0.8703125 0.92734375 0.134375 0.1453125
4 0.76796875 0.91796875 0.1296875 0.1640625
7 0.61171875 0.90234375 0.1546875 0.1953125
7 0.45703125 0.91015625 0.0953125 0.1796875
5 0.93828125 0.8578125 0.1234375 0.284375
5 0.87109375 0.8421875 0.2203125 0.315625
5 0.765625 0.83359375 0.215625 0.3328125
5 0.678125 0.91640625 0.20625 0.1671875
5 0.6 0.8265625 0.234375 0.346875
5 0.47578125 0.82578125 0.1328125 0.3484375