8 0.3 0.21484375 0.6 0.4296875
0 0.04375 0.76953125 0.0875 0.1453125
3 0.03203125 0.8734375 0.03125 0.0421875
0 0.02890625 0.45859375 0.0578125 0.0578125
4 0.09609375 0.92578125 0.1921875 0.1484375
5 0.12265625 0.84453125 0.2453125 0.3109375
0 0.925 0.59453125 0.15 0.1890625
0 0.94765625 0.68828125 0.1046875 0.1390625
0 0.8984375 0.86875 0.1828125 0.2046875
0 0.8859375 0.975 0.2125 0.05
4 0.7484375 0.53515625 0.14375 0.165625
5 0.75625 0.5484375 0.2375 0.221875
5 0.9703125 0.50859375 0.059375 0.1578125
4 0.98515625 0.5046875 0.0296875 0.14375
3 0.98828125 0.97578125 0.0234375 0.0453125
4 0.68046875 0.9015625 0.1609375 0.196875
2 0.65234375 0.77109375 0.1046875 0.1015625
3 0.73125 0.82578125 0.0421875 0.046875
5 0.90546875 0.65390625 0.1890625 0.3140625
4 0.8796875 0.671875 0.0828125 0.159375
5 0.7265625 0.8453125 0.253125 0.309375
5 0.89921875 0.86796875 0.1796875 0.209375
5 0.946875 0.784375 0.10625 0.35