8 0.8015625 0.17265625 0.2046875 0.2078125
8 0.5 0.31328125 0.21875 0.2921875
8 0.6953125 0.2296875 0.609375 0.459375
3 0.7390625 0.159375 0.009375 0.0109375
2 0.7390625 0.14375 0.0140625 0.01875
4 0.74609375 0.1796875 0.0203125 0.0359375
5 0.73984375 0.175 0.04375 0.084375
0 0.2203125 0.11328125 0.203125 0.2265625
3 0.271875 0.26015625 0.0390625 0.0546875
4 0.2484375 0.36484375 0.228125 0.1890625
4 0.10234375 0.25703125 0.2046875 0.4046875
5 0.11953125 0.2296875 0.2390625 0.459375
5 0.234375 0.2296875 0.3125 0.459375
3 0.51875 0.9734375 0.078125 0.053125
2 0.49609375 0.83515625 0.103125 0.090625
5 0.5328125 0.8875 0.284375 0.225
8 0.1953125 0.7296875 0.390625 0.540625