8 0.2 0.3765625 0.4 0.640625
2 0.38359375 0.15546875 0.0109375 0.015625
3 0.3796875 0.16640625 0.0078125 0.0078125
4 0.3828125 0.1921875 0.0203125 0.040625
5 0.37890625 0.18515625 0.03125 0.0734375
9 0.8921875 0.22421875 0.0390625 0.0359375
9 0.77734375 0.27421875 0.059375 0.040625
9 0.778125 0.2484375 0.0375 0.03125
9 0.79921875 0.26484375 0.0453125 0.040625
9 0.69375 0.2984375 0.05 0.0453125
6 0.4703125 0.396875 0.0171875 0.0125
9 0.5578125 0.33828125 0.0515625 0.0484375
8 0.98984375 0.35859375 0.0203125 0.1296875
8 0.6609375 0.57890625 0.3078125 0.225
8 0.97109375 0.09453125 0.0234375 0.03125
9 0.92265625 0.12421875 0.0234375 0.0203125
9 0.9046875 0.12421875 0.0203125 0.021875
9 0.86640625 0.121875 0.009375 0.0203125
9 0.88046875 0.1234375 0.028125 0.0234375
2 0.1890625 0.9265625 0.378125 0.146875
5 0.2 0.9140625 0.4 0.171875
8 0.7765625 0.86953125 0.446875 0.2609375
8 0.54140625 0.9140625 0.2828125 0.171875
2 0.7921875 0.890625 0.0125 0.015625
7 0.771875 0.9078125 0.0265625 0.0359375
5 0.77890625 0.9125 0.04375 0.0578125