8 0.83515625 0.165625 0.3296875 0.33125
8 0.33515625 0.19453125 0.6703125 0.3890625
5 0.6625 0.1484375 0.015625 0.178125
8 0.7578125 0.51171875 0.175 0.2453125
8 0.88125 0.62265625 0.2375 0.4671875
5 0.97265625 0.4875 0.0484375 0.0859375
7 0.5375 0.65703125 0.0171875 0.028125
0 0.5359375 0.63515625 0.00625 0.009375
5 0.540625 0.67109375 0.028125 0.08125
5 0.175 0.57890625 0.0078125 0.0234375
8 0.18125 0.5796875 0.0703125 0.1046875
9 0.21171875 0.6015625 0.0265625 0.0375
9 0.25078125 0.6171875 0.0515625 0.0734375
7 0.1921875 0.61328125 0.009375 0.01875
5 0.19375 0.621875 0.0125 0.05
8 0.4015625 0.8 0.190625 0.321875
5 0.49765625 0.88984375 0.0484375 0.0921875
8 0.42421875 0.69453125 0.4921875 0.6109375
8 0.06015625 0.540625 0.021875 0.0390625
9 0.11796875 0.51015625 0.0109375 0.015625
9 0.0984375 0.50390625 0.00625 0.0078125
9 0.09921875 0.51640625 0.0109375 0.015625
9 0.1015625 0.53125 0.015625 0.01875
9 0.1125 0.53671875 0.015625 0.021875
9 0.12421875 0.546875 0.0171875 0.0234375
9 0.1375 0.53828125 0.015625 0.01875