8 0.85859375 0.334375 0.2828125 0.66875
5 0.54375 0.41484375 0.0203125 0.0296875
7 0.546875 0.4171875 0.0109375 0.0203125
8 0.525 0.4296875 0.2015625 0.309375
9 0.628125 0.07421875 0.025 0.0765625
9 0.5875 0.053125 0.090625 0.06875
9 0.31875 0.0265625 0.06875 0.053125
9 0.35859375 0.034375 0.0890625 0.06875
8 0.32421875 0.1140625 0.071875 0.1
8 0.4140625 0.18515625 0.453125 0.3703125
7 0.0359375 0.00625 0.01875 0.0125
5 0.034375 0.01640625 0.028125 0.0328125
5 0.03671875 0.03671875 0.0171875 0.021875
7 0.03671875 0.03984375 0.015625 0.015625
0 0.040625 0.0296875 0.0078125 0.0078125
0 0.0859375 0.03046875 0.0078125 0.009375
0 0.11875 0.0046875 0.009375 0.009375
4 0.13515625 0.0484375 0.01875 0.0375
2 0.1390625 0.0171875 0.009375 0.0109375
5 0.1328125 0.04609375 0.0296875 0.071875
7 0.1125 0.028125 0.0203125 0.0328125
7 0.09296875 0.04375 0.0140625 0.0203125
5 0.09296875 0.040625 0.0234375 0.0296875
5 0.1109375 0.03125 0.028125 0.0625
7 0.12265625 0.06484375 0.0109375 0.015625
5 0.1234375 0.0578125 0.0140625 0.03125
5 0.8203125 0.8359375 0.359375 0.328125
2 0.834375 0.76796875 0.2296875 0.1625
1 0.78984375 0.9265625 0.2265625 0.146875
8 0.45234375 0.834375 0.3765625 0.33125