8 0.73515625 0.275 0.5296875 0.55
5 0.81796875 0.1125 0.0515625 0.1328125
0 0.0890625 0.28671875 0.01875 0.0171875
5 0.0921875 0.3640625 0.05 0.175
7 0.3984375 0.38359375 0.03125 0.0640625
0 0.3953125 0.33046875 0.0171875 0.0234375
5 0.40078125 0.4140625 0.046875 0.196875
2 0.46328125 0.65 0.0140625 0.059375
3 0.08203125 0.61171875 0.05 0.0609375
3 0.21484375 0.5703125 0.0453125 0.040625
3 0.41015625 0.57109375 0.0453125 0.0421875
4 0.4421875 0.87578125 0.05625 0.2484375
7 0.4078125 0.75234375 0.125 0.3578125
7 0.22421875 0.75546875 0.1515625 0.34375
7 0.08671875 0.81328125 0.1609375 0.3734375
5 0.4296875 0.80390625 0.08125 0.3921875
5 0.384375 0.775 0.171875 0.45
5 0.2296875 0.775 0.2 0.45
5 0.096875 0.775 0.19375 0.45
9 0.015625 0.72734375 0.03125 0.1640625