8 0.20546875 0.1703125 0.4109375 0.340625
8 0.09296875 0.34296875 0.1859375 0.5734375
5 0.92734375 0.5859375 0.0046875 0.009375
8 0.94765625 0.59296875 0.06875 0.04375
8 0.65546875 0.3484375 0.4328125 0.5625
6 0.43515625 0.89140625 0.0046875 0.021875
6 0.43046875 0.88828125 0.00625 0.021875
6 0.41328125 0.97578125 0.0203125 0.046875
6 0.3625 0.98828125 0.0375 0.0234375
6 0.35078125 0.88046875 0.0109375 0.0234375
6 0.34296875 0.88828125 0.0125 0.0296875
6 0.2703125 0.87109375 0.015625 0.03125
6 0.14296875 0.84921875 0.0171875 0.0390625
6 0.015625 0.85390625 0.0203125 0.046875
6 0.28828125 0.846875 0.009375 0.021875
6 0.23828125 0.8234375 0.009375 0.0171875
6 0.20703125 0.80625 0.0078125 0.015625
9 0.2296875 0.7796875 0.028125 0.0390625
8 0.75390625 0.771875 0.4921875 0.284375
8 0.58203125 0.80546875 0.2859375 0.3515625