8 0.25 0.275 0.5 0.55
2 0.346875 0.2953125 0.0125 0.0140625
3 0.35390625 0.31171875 0.00625 0.0109375
4 0.353125 0.3328125 0.0203125 0.0390625
5 0.36171875 0.33203125 0.0484375 0.0953125
8 0.5625 0.259375 0.125 0.51875
8 0.70703125 0.33046875 0.4140625 0.4390625
9 0.41328125 0.62109375 0.1734375 0.1421875
0 0.28515625 0.74609375 0.01875 0.0171875
5 0.29921875 0.81640625 0.0640625 0.1625
7 0.028125 0.90546875 0.034375 0.059375
0 0.0203125 0.85703125 0.01875 0.021875
5 0.03203125 0.9203125 0.0640625 0.159375
8 0.77734375 0.68671875 0.3296875 0.2734375