6 0.28203125 0.225 0.3234375 0.45
2 0.1359375 0.02578125 0.153125 0.0515625
3 0.090625 0.19921875 0.109375 0.1125
4 0.10390625 0.33828125 0.2078125 0.2234375
5 0.22109375 0.225 0.4421875 0.45
9 0.99296875 0.42421875 0.0140625 0.0515625
9 0.93671875 0.28671875 0.04375 0.034375
9 0.51875 0.17421875 0.0359375 0.0328125
9 0.48671875 0.16171875 0.0140625 0.0265625
8 0.128125 0.9578125 0.04375 0.065625
0 0.075 0.9984375 0.003125 0.003125
5 0.07421875 0.99765625 0.0109375 0.0046875
7 0.165625 0.99765625 0.00625 0.0046875
5 0.16640625 0.996875 0.0109375 0.00625
8 0.1890625 0.984375 0.025 0.03125
9 0.17421875 0.96171875 0.0265625 0.0234375
9 0.15 0.975 0.0296875 0.0265625
5 0.81171875 0.725 0.3765625 0.55