8 0.27421875 0.30703125 0.0671875 0.1796875
8 0.334375 0.4828125 0.1875 0.19375
6 0.33359375 0.35390625 0.0078125 0.0203125
7 0.39296875 0.38828125 0.0109375 0.0234375
0 0.39296875 0.37109375 0.00625 0.0078125
5 0.38984375 0.3921875 0.0171875 0.0515625
0 0.74609375 0.37734375 0.00625 0.00625
0 0.753125 0.3828125 0.0078125 0.009375
7 0.74375 0.39140625 0.009375 0.0140625
7 0.7515625 0.3984375 0.0125 0.021875
5 0.7515625 0.39921875 0.0140625 0.0421875
5 0.74140625 0.39765625 0.01875 0.05
8 0.1203125 0.40546875 0.240625 0.3484375
8 0.2046875 0.03359375 0.071875 0.0671875
5 0.11953125 0.35625 0.034375 0.05625
7 0.9921875 0.91875 0.015625 0.06875
5 0.31328125 0.97890625 0.0578125 0.0421875
4 0.3046875 0.99140625 0.025 0.0171875
8 0.4828125 0.8546875 0.2125 0.290625
8 0.52890625 0.78984375 0.5765625 0.4203125
7 0.31875 0.74296875 0.0171875 0.040625
0 0.33046875 0.721875 0.009375 0.0109375
5 0.3203125 0.75703125 0.03125 0.0859375
9 0.66875 0.6859375 0.0234375 0.065625
9 0.6359375 0.6890625 0.05625 0.08125
5 0.990625 0.93359375 0.01875 0.1203125
6 0.97890625 0.9796875 0.009375 0.0359375
8 0.83515625 0.621875 0.0359375 0.0546875
9 0.78984375 0.60078125 0.015625 0.021875
9 0.77421875 0.60546875 0.0171875 0.0234375
4 0.1203125 0.8609375 0.240625 0.278125
1 0.078125 0.67734375 0.15625 0.1953125
5 0.1203125 0.78984375 0.240625 0.4203125