8 0.61640625 0.2265625 0.2671875 0.325
8 0.26328125 0.22890625 0.4734375 0.3203125
5 0.625 0.29765625 0.0125 0.025
5 0.3484375 0.28359375 0.0171875 0.034375
8 0.2265625 0.334375 0.1171875 0.0890625
5 0.953125 0.19453125 0.09375 0.3890625
8 0.3453125 0.5640625 0.690625 0.35
0 0.95859375 0.72421875 0.0359375 0.03125
0 0.828125 0.74453125 0.040625 0.0421875
7 0.9640625 0.82890625 0.0703125 0.1265625
7 0.8109375 0.84140625 0.0828125 0.1390625
3 0.82421875 0.775 0.01875 0.025
3 0.9609375 0.75546875 0.025 0.021875
5 0.8140625 0.859375 0.115625 0.28125
5 0.94296875 0.85234375 0.1140625 0.2953125