6 0.0578125 0.49609375 0.0375 0.0671875
6 0.23125 0.534375 0.053125 0.1140625
6 0.23203125 0.46640625 0.028125 0.065625
6 0.34453125 0.44296875 0.0328125 0.0703125
6 0.4328125 0.43125 0.0328125 0.0640625
4 0.2703125 0.47734375 0.040625 0.059375
2 0.26875 0.42734375 0.0203125 0.025
5 0.2765625 0.47578125 0.0796875 0.134375
8 0.76484375 0.38515625 0.4703125 0.5484375
9 0.98359375 0.4640625 0.0328125 0.053125
4 0.45234375 0.7609375 0.1546875 0.203125
5 0.39921875 0.8296875 0.2609375 0.340625
8 0.7234375 0.8296875 0.3875 0.340625
2 0.65234375 0.87734375 0.009375 0.0109375
5 0.65703125 0.88828125 0.021875 0.0375
8 0.99296875 0.73984375 0.0140625 0.0328125