8 0.56953125 0.26328125 0.0984375 0.2421875
8 0.36640625 0.29296875 0.2234375 0.1875
8 0.35859375 0.19296875 0.096875 0.0875
7 0.18125 0.16796875 0.0078125 0.0140625
0 0.18046875 0.15546875 0.00625 0.00625
5 0.18046875 0.165625 0.0109375 0.03125
8 0.4265625 0.86328125 0.321875 0.2734375
2 0.0546875 0.9953125 0.01875 0.009375
9 0.5640625 0.95859375 0.0390625 0.034375
9 0.60625 0.95078125 0.025 0.0359375
9 0.49296875 0.971875 0.046875 0.0515625
9 0.4734375 0.96953125 0.06875 0.0609375
5 0.8390625 0.58515625 0.06875 0.0921875
8 0.809375 0.76953125 0.38125 0.4609375