8 0.43046875 0.26328125 0.0984375 0.2421875
8 0.63359375 0.29296875 0.2234375 0.1875
8 0.64140625 0.19296875 0.096875 0.0875
7 0.81875 0.16796875 0.0078125 0.0140625
0 0.81953125 0.15546875 0.00625 0.00625
5 0.81953125 0.165625 0.0109375 0.03125
8 0.5734375 0.86328125 0.321875 0.2734375
2 0.9453125 0.9953125 0.01875 0.009375
9 0.4359375 0.95859375 0.0390625 0.034375
9 0.39375 0.95078125 0.025 0.0359375
9 0.50703125 0.971875 0.046875 0.0515625
9 0.5265625 0.96953125 0.06875 0.0609375
5 0.1609375 0.58515625 0.06875 0.0921875
8 0.190625 0.76953125 0.38125 0.4609375