8 0.56484375 0.13515625 0.23125 0.1890625
9 0.37890625 0.21171875 0.071875 0.0359375
6 0.2953125 0.23671875 0.0109375 0.0171875
6 0.2796875 0.23984375 0.0125 0.0171875
6 0.26171875 0.2421875 0.0109375 0.0171875
6 0.24609375 0.24453125 0.0109375 0.0203125
6 0.23359375 0.246875 0.0109375 0.021875
6 0.2234375 0.24765625 0.0125 0.0203125
9 0.06796875 0.22265625 0.1125 0.0890625
9 0.1953125 0.24453125 0.0421875 0.03125
8 0.184375 0.3328125 0.13125 0.125
9 0.0875 0.03046875 0.175 0.0609375
7 0.79609375 0.21953125 0.1921875 0.4390625
5 0.85 0.21953125 0.3 0.4390625
7 0.30546875 0.92734375 0.1203125 0.1453125
7 0.10234375 0.93984375 0.1453125 0.1203125
2 0.6859375 0.77734375 0.028125 0.0671875
3 0.68984375 0.8203125 0.0203125 0.034375
3 0.28984375 0.8453125 0.0421875 0.0375
3 0.09375 0.86484375 0.0484375 0.0390625
0 0.08203125 0.80546875 0.0765625 0.0609375
0 0.28203125 0.790625 0.0609375 0.0546875
4 0.6875 0.925 0.025 0.15
5 0.64765625 0.8703125 0.1046875 0.259375
5 0.32109375 0.878125 0.1703125 0.24375
5 0.1109375 0.88203125 0.221875 0.2359375
8 0.759375 0.7796875 0.11875 0.440625