8 0.36953125 0.2421875 0.2203125 0.384375
8 0.8625 0.2875 0.228125 0.171875
0 0.64921875 0.065625 0.00625 0.009375
7 0.64453125 0.08359375 0.009375 0.021875
7 0.71953125 0.32890625 0.01875 0.0390625
5 0.6453125 0.08046875 0.015625 0.0359375
5 0.7203125 0.32421875 0.028125 0.0671875
0 0.725 0.2984375 0.0109375 0.0125
7 0.4328125 0.51875 0.09375 0.11875
7 0.26640625 0.4890625 0.1296875 0.059375
5 0.25234375 0.65390625 0.2078125 0.3890625
5 0.40078125 0.69296875 0.1578125 0.4671875
5 0.69296875 0.56953125 0.04375 0.090625
0 0.70390625 0.503125 0.0796875 0.0875
7 0.60390625 0.73984375 0.1890625 0.378125
5 0.6171875 0.7296875 0.25 0.540625