8 0.13984375 0.05 0.2078125 0.1
6 0.9546875 0.25625 0.01875 0.025
6 0.90078125 0.228125 0.0140625 0.0328125
6 0.859375 0.2109375 0.009375 0.025
6 0.59375 0.225 0.0078125 0.021875
6 0.653125 0.2125 0.0078125 0.0203125
6 0.71953125 0.20390625 0.009375 0.0171875
6 0.8078125 0.20078125 0.0078125 0.01875
6 0.696875 0.253125 0.01875 0.03125
6 0.7515625 0.22578125 0.0125 0.0296875
6 0.69609375 0.22265625 0.0109375 0.025
6 0.6234375 0.23984375 0.0109375 0.0265625
4 0.76953125 0.1546875 0.0078125 0.0171875
5 0.7703125 0.159375 0.009375 0.04375
3 0.271875 0.5265625 0.2515625 0.221875
0 0.18515625 0.45703125 0.3140625 0.3765625
7 0.29453125 0.8625 0.4453125 0.275
5 0.303125 0.634375 0.571875 0.73125