8 0.346875 0.153125 0.265625 0.30625
0 0.30703125 0.04140625 0.040625 0.0390625
0 0.26875 0.0328125 0.028125 0.0328125
0 0.234375 0.01171875 0.040625 0.0234375
0 0.1328125 0.0265625 0.0265625 0.03125
0 0.06796875 0.0578125 0.03125 0.025
3 0.22109375 0.03671875 0.0109375 0.0125
3 0.271875 0.06328125 0.0171875 0.0171875
3 0.29765625 0.08125 0.01875 0.01875
7 0.32890625 0.13984375 0.06875 0.1390625
7 0.27265625 0.11796875 0.0453125 0.109375
7 0.22734375 0.10546875 0.0640625 0.1203125
7 0.14453125 0.15390625 0.0296875 0.075
7 0.1140625 0.1046875 0.059375 0.1421875
7 0.0609375 0.1421875 0.040625 0.13125
5 0.06171875 0.178125 0.0546875 0.271875
5 0.10390625 0.1828125 0.0953125 0.365625
5 0.1375 0.175 0.06875 0.328125
5 0.221875 0.18359375 0.0875 0.3671875
5 0.27109375 0.1890625 0.0578125 0.3515625
5 0.31953125 0.20546875 0.0953125 0.3671875
8 0.82421875 0.403125 0.1171875 0.03125
9 0.52578125 0.40546875 0.0234375 0.0265625
7 0.6390625 0.603125 0.31875 0.36875
5 0.73984375 0.709375 0.5203125 0.58125