8 0.096875 0.34140625 0.1875 0.19375
8 0.2859375 0.440625 0.3046875 0.240625
8 0.40625 0.24296875 0.10625 0.2453125
7 0.34921875 0.38828125 0.0140625 0.0234375
5 0.34765625 0.3875 0.01875 0.0296875
0 0.34609375 0.378125 0.00625 0.009375
0 0.415625 0.57578125 0.0125 0.0140625
3 0.41484375 0.58671875 0.0078125 0.009375
7 0.41796875 0.59609375 0.0234375 0.025
5 0.41953125 0.5875 0.0265625 0.0390625
9 0.43671875 0.6578125 0.0453125 0.134375
9 0.3796875 0.67890625 0.159375 0.1796875
9 0.33984375 0.5953125 0.0890625 0.053125
9 0.27734375 0.65078125 0.1625 0.1765625
9 0.1703125 0.63984375 0.1421875 0.140625
9 0.11328125 0.58203125 0.1828125 0.1828125
9 0.0296875 0.62578125 0.059375 0.1453125
8 0.04296875 0.553125 0.0859375 0.20625
8 0.35859375 0.5453125 0.2015625 0.153125
0 0.2546875 0.33125 0.00625 0.0078125
0 0.2640625 0.33203125 0.00625 0.00625
0 0.24765625 0.32890625 0.0078125 0.0078125
0 0.2296875 0.340625 0.0078125 0.009375
7 0.22890625 0.35078125 0.0140625 0.0125
7 0.24453125 0.34296875 0.0140625 0.0203125
7 0.253125 0.340625 0.0046875 0.009375
7 0.2625 0.340625 0.009375 0.0109375
5 0.26171875 0.3375 0.0125 0.01875
5 0.25390625 0.3359375 0.009375 0.01875
5 0.24453125 0.3390625 0.015625 0.0296875
5 0.2296875 0.34765625 0.015625 0.0234375
8 0.2296875 0.9046875 0.459375 0.190625
0 0.86953125 0.95546875 0.0296875 0.034375
4 0.86875 0.9875 0.059375 0.025
5 0.85859375 0.9671875 0.0984375 0.065625
5 0.75703125 0.9046875 0.2234375 0.190625
5 0.615625 0.9046875 0.3125 0.190625
4 0.609375 0.8984375 0.23125 0.178125
4 0.76640625 0.8828125 0.1171875 0.146875