8 0.4484375 0.0296875 0.203125 0.059375
9 0.2671875 0.015625 0.06875 0.03125
6 0.18203125 0.025 0.009375 0.015625
6 0.16796875 0.025 0.0109375 0.015625
6 0.15 0.025 0.009375 0.015625
6 0.13359375 0.025 0.009375 0.0203125
6 0.121875 0.025 0.009375 0.0203125
6 0.1125 0.02421875 0.0109375 0.01875
9 0.0859375 0.01640625 0.040625 0.0296875
8 0.0609375 0.0984375 0.121875 0.11875
8 0.775 0.2390625 0.45 0.478125
8 0.7609375 0.275 0.421875 0.55
8 0.50078125 0.75859375 0.0984375 0.1921875
8 0.0828125 0.73515625 0.165625 0.3703125
8 0.32109375 0.8125 0.309375 0.228125
8 0.24609375 0.6265625 0.0953125 0.153125
7 0.27109375 0.74140625 0.0140625 0.025
5 0.27265625 0.740625 0.0171875 0.03125
0 0.27734375 0.73125 0.00625 0.009375
0 0.14921875 0.91953125 0.0125 0.0140625
3 0.146875 0.93046875 0.0078125 0.0078125
7 0.14140625 0.9390625 0.021875 0.025
5 0.14140625 0.93046875 0.025 0.0390625
9 0.0765625 0.96171875 0.09375 0.0765625
9 0.1421875 0.971875 0.184375 0.05625
9 0.22265625 0.95859375 0.0921875 0.0484375
9 0.27265625 0.97265625 0.1578125 0.0546875
9 0.46015625 0.9578125 0.1796875 0.084375
8 0.184375 0.8953125 0.2765625 0.1375
0 0.384375 0.7078125 0.00625 0.0078125
0 0.37421875 0.70546875 0.00625 0.00625
0 0.3921875 0.70625 0.0078125 0.00625
0 0.4078125 0.7234375 0.0078125 0.0078125
7 0.40625 0.734375 0.0140625 0.0125
7 0.3921875 0.72265625 0.0125 0.0203125
7 0.38359375 0.7171875 0.0046875 0.009375
7 0.3734375 0.71484375 0.009375 0.0109375
5 0.37421875 0.71171875 0.0125 0.01875
5 0.384375 0.7125 0.0078125 0.01875
5 0.39296875 0.71875 0.0140625 0.03125
5 0.40625 0.73046875 0.0140625 0.025
8 0.88984375 0.66171875 0.2203125 0.2234375