8 0.3140625 0.2234375 0.45 0.446875
8 0.1359375 0.40703125 0.271875 0.1640625
2 0.32421875 0.2796875 0.0125 0.015625
7 0.34453125 0.29609375 0.0265625 0.0359375
5 0.3375 0.3 0.0421875 0.0578125
8 0.60859375 0.11640625 0.028125 0.0296875
9 0.58125 0.12734375 0.0296875 0.028125
9 0.98046875 0.078125 0.0140625 0.0140625
3 0.6390625 0.1796875 0.0078125 0.0109375
0 0.640625 0.1609375 0.0171875 0.03125
5 0.6296875 0.25390625 0.0390625 0.2171875
4 0.07890625 0.603125 0.1578125 0.228125
5 0.1484375 0.74453125 0.296875 0.5109375
7 0.65078125 0.67421875 0.2234375 0.3703125
5 0.64453125 0.74453125 0.2109375 0.5109375