8 0.79140625 0.21796875 0.4171875 0.4359375
4 0.78359375 0.1484375 0.028125 0.034375
0 0.7796875 0.11640625 0.0125 0.0125
3 0.78203125 0.1296875 0.009375 0.0109375
5 0.77734375 0.14375 0.046875 0.065625
8 0.328125 0.26015625 0.125 0.5203125
8 0.23515625 0.33046875 0.3109375 0.4390625
6 0.515625 0.75859375 0.25 0.4171875
5 0.6296875 0.6828125 0.31875 0.265625
5 0.7625 0.77421875 0.475 0.4484375
5 0.8828125 0.69609375 0.234375 0.2921875
2 0.2 0.728125 0.38125 0.35625
5 0.1953125 0.775 0.390625 0.45