8 0.0921875 0.12421875 0.184375 0.2484375
1 0.8640625 0.22734375 0.271875 0.1828125
2 0.778125 0.07265625 0.44375 0.1453125
5 0.7046875 0.159375 0.590625 0.31875
8 0.2046875 0.659375 0.409375 0.68125
2 0.28125 0.55078125 0.0390625 0.0265625
2 0.1921875 0.80859375 0.0578125 0.0375
3 0.28359375 0.578125 0.021875 0.015625
3 0.19296875 0.85859375 0.015625 0.01875
4 0.1484375 0.896875 0.071875 0.1078125
4 0.26640625 0.64140625 0.0484375 0.1
5 0.27734375 0.696875 0.15625 0.33125
5 0.1859375 0.8921875 0.1875 0.215625
0 0.634375 0.62734375 0.2 0.203125
3 0.63046875 0.80859375 0.1109375 0.09375
4 0.6578125 0.9390625 0.24375 0.121875
5 0.678125 0.759375 0.3625 0.48125