8 0.740625 0.18984375 0.51875 0.3796875
7 0.88671875 0.1328125 0.2265625 0.265625
7 0.87265625 0.128125 0.2546875 0.25625
7 0.83359375 0.0203125 0.1359375 0.040625
5 0.81484375 0.02578125 0.1640625 0.0515625
5 0.76796875 0.17421875 0.1375 0.28125
5 0.87734375 0.19453125 0.2453125 0.3890625
0 0.10859375 0.1625 0.146875 0.121875
3 0.115625 0.28125 0.0796875 0.0578125
7 0.16796875 0.31953125 0.2828125 0.1390625
5 0.16796875 0.2390625 0.3359375 0.3
5 0.7015625 0.84140625 0.0484375 0.1
8 0.953125 0.88828125 0.09375 0.1203125
8 0.71015625 0.759375 0.4578125 0.48125