8 0.3171875 0.25703125 0.29375 0.2046875
8 0.1953125 0.19453125 0.390625 0.3296875
0 0.3234375 0.353125 0.0046875 0.0046875
9 0.33203125 0.3515625 0.0421875 0.015625
8 0.37265625 0.33828125 0.0421875 0.0421875
8 0.4265625 0.34375 0.053125 0.03125
8 0.4796875 0.334375 0.034375 0.05
8 0.49921875 0.334375 0.0421875 0.05
8 0.52734375 0.328125 0.0453125 0.0625
8 0.55 0.32734375 0.0375 0.0640625
8 0.784375 0.1796875 0.43125 0.359375
9 0.2109375 0.70078125 0.09375 0.140625
9 0.36484375 0.66171875 0.0953125 0.090625
7 0.28359375 0.640625 0.1203125 0.246875
7 0.08125 0.646875 0.078125 0.1625
3 0.26484375 0.50390625 0.0328125 0.0421875
3 0.0578125 0.5453125 0.009375 0.0234375
0 0.06796875 0.51171875 0.05 0.065625
0 0.2515625 0.440625 0.04375 0.05625
5 0.2796875 0.6796875 0.225 0.640625
5 0.096875 0.70703125 0.146875 0.5859375
8 0.8796875 0.71171875 0.240625 0.5765625
8 0.65859375 0.9390625 0.1796875 0.121875