8 0.56328125 0.28125 0.1328125 0.315625
8 0.81484375 0.21953125 0.3703125 0.4390625
5 0.8953125 0.21171875 0.0828125 0.1375
7 0.87578125 0.20546875 0.03125 0.059375
3 0.86640625 0.16796875 0.0125 0.0109375
2 0.8640625 0.15390625 0.0125 0.009375
4 0.35703125 0.73359375 0.0140625 0.021875
4 0.46796875 0.7234375 0.009375 0.015625
4 0.5390625 0.73359375 0.0328125 0.0578125
4 0.30078125 0.73671875 0.015625 0.0234375
2 0.35546875 0.71796875 0.0046875 0.0078125
2 0.4671875 0.7140625 0.003125 0.00625
2 0.53203125 0.69921875 0.0171875 0.01875
2 0.2984375 0.72265625 0.0078125 0.009375
5 0.30078125 0.7421875 0.021875 0.053125
5 0.35703125 0.73359375 0.01875 0.04375
5 0.46875 0.72578125 0.0109375 0.0296875
5 0.53671875 0.7328125 0.04375 0.0875
4 0.98046875 0.69921875 0.0390625 0.1890625
5 0.91640625 0.76328125 0.1671875 0.4734375