8 0.7921875 0.15234375 0.303125 0.3046875
8 0.73125 0.10234375 0.09375 0.1390625
8 0.959375 0.12578125 0.075 0.1265625
3 0.28828125 0.23359375 0.021875 0.0140625
2 0.2921875 0.21796875 0.0296875 0.01875
4 0.2875 0.26640625 0.0578125 0.0484375
5 0.27734375 0.31640625 0.1234375 0.225
6 0.8875 0.85859375 0.0203125 0.0359375
6 0.75390625 0.87890625 0.0171875 0.0359375
6 0.6796875 0.89453125 0.0125 0.03125
6 0.675 0.88125 0.0109375 0.03125
6 0.74453125 0.85 0.009375 0.0265625
6 0.79609375 0.82578125 0.009375 0.0234375
6 0.83203125 0.8078125 0.009375 0.0203125
6 0.81640625 0.8015625 0.0046875 0.0171875
9 0.81171875 0.77734375 0.0296875 0.0375
0 0.11953125 0.98359375 0.0765625 0.0328125
0 0.25390625 0.9953125 0.0328125 0.009375