8 0.34296875 0.16796875 0.2140625 0.3359375
8 0.225 0.19453125 0.45 0.3890625
3 0.52109375 0.03359375 0.01875 0.0171875
2 0.5296875 0.00546875 0.025 0.0109375
4 0.50859375 0.096875 0.06875 0.1109375
5 0.50546875 0.15078125 0.1109375 0.3015625
3 0.30234375 0.85078125 0.01875 0.0171875
2 0.31171875 0.81796875 0.025 0.0203125
4 0.28984375 0.9140625 0.06875 0.1109375
5 0.28046875 0.9 0.1234375 0.2
7 0.88671875 0.68203125 0.2265625 0.2984375
0 0.93671875 0.46484375 0.096875 0.1265625
5 0.8421875 0.69453125 0.315625 0.6109375