8 0.2078125 0.15234375 0.303125 0.3046875
8 0.26875 0.10234375 0.09375 0.1390625
8 0.040625 0.12578125 0.075 0.1265625
3 0.71171875 0.23359375 0.021875 0.0140625
2 0.7078125 0.21796875 0.0296875 0.01875
4 0.7125 0.26640625 0.0578125 0.0484375
5 0.72265625 0.31640625 0.1234375 0.225
6 0.1125 0.85859375 0.0203125 0.0359375
6 0.24609375 0.87890625 0.0171875 0.0359375
6 0.3203125 0.89453125 0.0125 0.03125
6 0.325 0.88125 0.0109375 0.03125
6 0.25546875 0.85 0.009375 0.0265625
6 0.20390625 0.82578125 0.009375 0.0234375
6 0.16796875 0.8078125 0.009375 0.0203125
6 0.18359375 0.8015625 0.0046875 0.0171875
9 0.18828125 0.77734375 0.0296875 0.0375
0 0.88046875 0.98359375 0.0765625 0.0328125
0 0.74609375 0.9953125 0.0328125 0.009375