4 0.35546875 0.51875 0.10625 0.2
4 0.88671875 0.83359375 0.2171875 0.3328125
4 0.76171875 0.7375 0.08125 0.121875
4 0.6 0.84765625 0.203125 0.3046875
4 0.59375 0.65078125 0.040625 0.0578125
4 0.47421875 0.70703125 0.1265625 0.303125
0 0.50625 0.0734375 0.18125 0.146875
0 0.95 0.1203125 0.1 0.203125
0 0.8328125 0.13828125 0.0953125 0.1125
0 0.77421875 0.12265625 0.0546875 0.0828125
0 0.01796875 0.05859375 0.0359375 0.03125
1 0.01015625 0.109375 0.0203125 0.04375
7 0.0125 0.20703125 0.0234375 0.075
4 0.28515625 0.125 0.190625 0.25
4 0.76171875 0.31484375 0.1796875 0.1078125
4 0.6984375 0.2671875 0.1015625 0.10625
5 0.03125 0.47734375 0.0625 0.0984375
5 0.16484375 0.42265625 0.04375 0.0671875
5 0.23203125 0.70078125 0.3625 0.5984375
0 0.4171875 0.49296875 0.0234375 0.0625
0 0.4421875 0.540625 0.0390625 0.034375
0 0.46953125 0.5125 0.0171875 0.0390625
0 0.53046875 0.4265625 0.1015625 0.0625
0 0.57890625 0.5140625 0.0703125 0.053125
0 0.6140625 0.56171875 0.0390625 0.0484375
0 0.6859375 0.5359375 0.103125 0.0890625
0 0.79140625 0.57890625 0.0703125 0.0515625
0 0.878125 0.6140625 0.0828125 0.0546875
0 0.9515625 0.4578125 0.096875 0.11875
5 0.01953125 0.18046875 0.034375 0.275
5 0.2484375 0.19453125 0.315625 0.3890625
5 0.50625 0.19375 0.2 0.3875
5 0.73046875 0.1796875 0.15625 0.2078125
5 0.76015625 0.2421875 0.2359375 0.3125
5 0.8875 0.196875 0.225 0.39375
3 0.96171875 0.6203125 0.0765625 0.059375
3 0.78203125 0.64921875 0.0421875 0.03125
3 0.66328125 0.653125 0.0625 0.0390625
3 0.5984375 0.6140625 0.025 0.0203125
3 0.57265625 0.58828125 0.0328125 0.0265625
3 0.51484375 0.52421875 0.0578125 0.0484375
5 0.42578125 0.51953125 0.0265625 0.115625
5 0.44609375 0.54375 0.0265625 0.053125
5 0.4828125 0.6984375 0.134375 0.603125
5 0.5796875 0.553125 0.05625 0.1359375
5 0.5984375 0.6109375 0.0625 0.1390625
5 0.5953125 0.74375 0.2640625 0.5125
5 0.7625 0.6703125 0.125 0.234375
5 0.72109375 0.61484375 0.040625 0.1171875
5 0.87265625 0.62109375 0.0921875 0.0890625
5 0.84609375 0.6984375 0.3078125 0.5984375