8 0.43671875 0.21953125 0.3265625 0.4390625
0 0.3796875 0.17421875 0.0421875 0.040625
0 0.3390625 0.1671875 0.0296875 0.034375
0 0.3015625 0.13828125 0.0421875 0.04375
0 0.19765625 0.16796875 0.0265625 0.0328125
0 0.17734375 0.13203125 0.0296875 0.034375
0 0.13359375 0.20546875 0.03125 0.025
3 0.290625 0.1734375 0.0125 0.0140625
3 0.34609375 0.1984375 0.0171875 0.01875
3 0.3734375 0.215625 0.01875 0.0203125
7 0.41171875 0.275 0.071875 0.1453125
7 0.3515625 0.2546875 0.0484375 0.1140625
7 0.30390625 0.24375 0.0671875 0.1234375
7 0.221875 0.3 0.0328125 0.078125
7 0.1859375 0.24921875 0.0609375 0.146875
7 0.134375 0.2921875 0.04375 0.1359375
7 0.01015625 0.2671875 0.0203125 0.146875
5 0.02265625 0.31640625 0.0453125 0.3671875
5 0.1375 0.32890625 0.0578125 0.28125
5 0.18125 0.3046875 0.1 0.390625
5 0.21640625 0.3203125 0.075 0.3421875
5 0.303125 0.30703125 0.090625 0.3859375
5 0.3546875 0.32265625 0.0625 0.3546875
5 0.40546875 0.325 0.1015625 0.35
0 0.69140625 0.1234375 0.078125 0.0484375
0 0.81875 0.15546875 0.0734375 0.096875
3 0.81875 0.171875 0.0390625 0.040625
3 0.6953125 0.20625 0.0453125 0.05625
4 0.6640625 0.3625 0.128125 0.275
7 0.859375 0.35546875 0.15625 0.2890625
5 0.87890625 0.29765625 0.2421875 0.4046875
5 0.67890625 0.25 0.1578125 0.5
5 0.53359375 0.56875 0.1328125 0.1375
5 0.16484375 0.75 0.3296875 0.5
8 0.975 0.8625 0.0359375 0.0640625
5 0.99609375 0.95 0.0078125 0.025
0 0.93203125 0.9140625 0.0046875 0.003125
5 0.93203125 0.921875 0.009375 0.01875
7 0.6703125 0.96484375 0.0078125 0.0109375
5 0.671875 0.97265625 0.0125 0.0375
7 0.73359375 0.98359375 0.00625 0.0125
5 0.73359375 0.98671875 0.0109375 0.0265625
9 0.99296875 0.8734375 0.0140625 0.025
7 0.80703125 0.9828125 0.0046875 0.009375
5 0.8078125 0.984375 0.00625 0.01875