5 0.3640625 0.115625 0.25 0.23125
9 0.74453125 0.13984375 0.5109375 0.2796875
8 0.24453125 0.63984375 0.4890625 0.7203125
6 0.67578125 0.59296875 0.0421875 0.109375
6 0.50390625 0.57734375 0.0296875 0.0828125
6 0.80234375 0.41484375 0.0171875 0.0421875
6 0.9234375 0.38515625 0.0140625 0.0390625
6 0.55859375 0.4578125 0.0140625 0.0359375
6 0.64765625 0.4453125 0.0140625 0.0375
6 0.6515625 0.428125 0.009375 0.028125
6 0.73125 0.4125 0.0109375 0.0328125
6 0.86171875 0.38671875 0.0109375 0.028125
6 0.9625 0.36015625 0.0125 0.0359375
6 0.6203125 0.4296875 0.0125 0.03125
6 0.978125 0.34296875 0.009375 0.0171875
6 0.953125 0.3578125 0.009375 0.0234375
6 0.9453125 0.36015625 0.009375 0.021875
6 0.88828125 0.37109375 0.009375 0.021875
6 0.86796875 0.3765625 0.0078125 0.021875
6 0.809375 0.38671875 0.0078125 0.0234375
6 0.7609375 0.396875 0.0078125 0.01875
6 0.75078125 0.39609375 0.0078125 0.01875
6 0.76796875 0.3828125 0.00625 0.0140625
6 0.7390625 0.38828125 0.00625 0.0125
6 0.70703125 0.40625 0.0078125 0.0203125
6 0.69296875 0.40625 0.0078125 0.01875
6 0.6546875 0.4109375 0.00625 0.01875
6 0.67109375 0.4 0.00625 0.0140625
6 0.64375 0.41640625 0.0078125 0.021875
6 0.6015625 0.428125 0.009375 0.025
6 0.58984375 0.42890625 0.0109375 0.0234375
6 0.7171875 0.390625 0.0078125 0.0140625
6 0.571875 0.4296875 0.0109375 0.0265625
6 0.565625 0.425 0.0078125 0.0203125
6 0.5359375 0.4359375 0.009375 0.021875
6 0.50859375 0.46171875 0.0125 0.03125