8 0.646875 0.10859375 0.315625 0.2171875
8 0.5578125 0.109375 0.315625 0.21875
0 0.6453125 0.06171875 0.0046875 0.00625
7 0.6453125 0.08203125 0.0078125 0.0234375
5 0.64453125 0.08984375 0.0171875 0.0640625
9 0.6515625 0.0828125 0.04375 0.05625
8 0.70234375 0.0609375 0.0453125 0.046875
8 0.75703125 0.09296875 0.05625 0.059375
8 0.81796875 0.08984375 0.0359375 0.0640625
8 0.8390625 0.09609375 0.0453125 0.065625
8 0.87109375 0.0953125 0.046875 0.078125
8 0.90546875 0.10234375 0.059375 0.0765625
8 0.96171875 0.09609375 0.0484375 0.103125
8 0.978125 0.1109375 0.04375 0.0875
8 0.99296875 0.11796875 0.0140625 0.0765625
8 0.6671875 0.609375 0.41875 0.78125
8 0.2 0.609375 0.4 0.78125
5 0.06015625 0.609375 0.1203125 0.78125
7 0.04296875 0.62578125 0.0859375 0.3328125
3 0.053125 0.37890625 0.040625 0.0484375
2 0.06875 0.28046875 0.078125 0.1234375