8 0.52421875 0.2046875 0.2703125 0.409375
8 0.3359375 0.3375 0.23125 0.14375
8 0.1875 0.37421875 0.0875 0.0703125
8 0.7828125 0.0890625 0.246875 0.178125
7 0.778125 0.053125 0.01875 0.0234375
5 0.77578125 0.0609375 0.028125 0.05625
8 0.94375 0.20234375 0.1125 0.1984375
0 0.49296875 0.57109375 0.0828125 0.0484375
0 0.3609375 0.6125 0.0765625 0.103125
3 0.36171875 0.6296875 0.040625 0.0421875
3 0.4953125 0.659375 0.0484375 0.0609375
4 0.54765625 0.8359375 0.1453125 0.315625
7 0.33203125 0.8375 0.1640625 0.325
5 0.3015625 0.7765625 0.275 0.446875
5 0.5484375 0.7046875 0.21875 0.590625