8 0.17734375 0.140625 0.2421875 0.28125
8 0.03984375 0.16484375 0.0796875 0.3296875
9 0.35 0.21640625 0.109375 0.0609375
2 0.415625 0.1921875 0.0109375 0.0109375
5 0.41640625 0.20859375 0.025 0.046875
6 0.440625 0.21171875 0.0171875 0.0375
6 0.3625 0.21953125 0.0171875 0.0359375
6 0.5203125 0.2671875 0.021875 0.0484375
8 0.49765625 0.18046875 0.1828125 0.1953125
8 0.83046875 0.10625 0.3390625 0.2125
9 0.29453125 0.66484375 0.5890625 0.6703125
4 0.1515625 0.34453125 0.040625 0.0296875
4 0.0046875 0.35859375 0.009375 0.0578125
5 0.14375 0.346875 0.0625 0.034375
5 0.975 0.475 0.05 0.290625
5 0.846875 0.66484375 0.30625 0.6703125
5 0.7046875 0.66484375 0.23125 0.6703125
2 0.65390625 0.4203125 0.1296875 0.18125
2 0.87421875 0.39375 0.1609375 0.128125
4 0.98046875 0.40078125 0.0390625 0.1203125
4 0.8984375 0.86328125 0.203125 0.2734375
4 0.69296875 0.89609375 0.2078125 0.2078125
1 0.675 0.70234375 0.1703125 0.25625
1 0.93125 0.61796875 0.1375 0.2140625