8 0.2546875 0.2796875 0.509375 0.559375
2 0.17421875 0.35390625 0.021875 0.025
3 0.17578125 0.378125 0.015625 0.0171875
4 0.17421875 0.41640625 0.0265625 0.0546875
5 0.18515625 0.4296875 0.0609375 0.178125
0 0.87734375 0.01171875 0.0703125 0.0234375
1 0.87265625 0.06484375 0.046875 0.0515625
4 0.8703125 0.2234375 0.103125 0.29375
5 0.82578125 0.2796875 0.2265625 0.559375
9 0.42109375 0.6609375 0.046875 0.04375
9 0.3984375 0.64609375 0.0546875 0.0625
9 0.3703125 0.6421875 0.0546875 0.0640625
9 0.33671875 0.64609375 0.0265625 0.0421875
9 0.32265625 0.63828125 0.0546875 0.0578125
9 0.16875 0.721875 0.0390625 0.034375
9 0.04765625 0.7625 0.0578125 0.0390625
9 0.05078125 0.7359375 0.0375 0.0296875
9 0.0703125 0.75625 0.04375 0.0390625
8 0.29921875 0.87265625 0.0921875 0.128125
8 0.2609375 0.59609375 0.0234375 0.03125
9 0.209375 0.621875 0.0234375 0.0203125
9 0.190625 0.621875 0.0203125 0.021875
9 0.1515625 0.615625 0.009375 0.0203125
9 0.16640625 0.61875 0.028125 0.021875
8 0.69765625 0.8203125 0.3765625 0.359375