8 0.084375 0.415625 0.16875 0.4875
7 0.38828125 0.3390625 0.0390625 0.0765625
2 0.39609375 0.27734375 0.0171875 0.015625
3 0.39296875 0.2984375 0.0140625 0.0109375
5 0.375 0.37265625 0.06875 0.2140625
8 0.678125 0.31796875 0.5375 0.6359375
2 0.275 0.84765625 0.26875 0.2828125
5 0.2046875 0.84296875 0.409375 0.3140625
0 0.553125 0.70390625 0.1625 0.0890625
0 0.8421875 0.73046875 0.140625 0.1296875
3 0.8171875 0.85859375 0.0890625 0.0765625
3 0.559375 0.821875 0.1 0.0890625
4 0.5375 0.946875 0.25625 0.10625
4 0.77890625 0.9453125 0.2078125 0.109375
5 0.79375 0.8296875 0.35 0.340625
5 0.5703125 0.8296875 0.321875 0.340625