8 0.709375 0.01640625 0.090625 0.0328125
4 0.134375 0.109375 0.240625 0.21875
4 0.32421875 0.140625 0.3828125 0.28125
4 0.4828125 0.04140625 0.165625 0.0828125
5 0.4609375 0.2546875 0.240625 0.509375
5 0.33515625 0.2546875 0.4921875 0.509375
5 0.17890625 0.2546875 0.3578125 0.509375
5 0.059375 0.175 0.11875 0.35
1 0.79765625 0.8734375 0.4046875 0.253125
2 0.790625 0.63203125 0.41875 0.2296875
5 0.790625 0.7546875 0.41875 0.490625
8 0.290625 0.7546875 0.58125 0.490625
5 0.39296875 0.90078125 0.0671875 0.1984375
7 0.38984375 0.8921875 0.040625 0.0796875
3 0.38671875 0.8421875 0.0125 0.015625
0 0.38203125 0.8203125 0.0234375 0.0265625