8 0.284375 0.16953125 0.56875 0.3390625
2 0.22265625 0.05859375 0.0328125 0.01875
5 0.23984375 0.11484375 0.125 0.1390625
8 0.62109375 0.1234375 0.1046875 0.221875
6 0.79609375 0.31328125 0.0296875 0.0515625
7 0.64375 0.02421875 0.0109375 0.0234375
0 0.64453125 0.0078125 0.00625 0.00625
5 0.64140625 0.028125 0.0203125 0.046875
0 0.97421875 0.03515625 0.0078125 0.00625
0 0.98046875 0.04140625 0.00625 0.009375
7 0.97265625 0.04765625 0.0078125 0.0140625
7 0.97890625 0.0546875 0.0125 0.0203125
5 0.9796875 0.05625 0.015625 0.0390625
5 0.96953125 0.05390625 0.0203125 0.046875
8 0.3984375 0.64453125 0.20625 0.209375
8 0.07890625 0.684375 0.1578125 0.409375
8 0.284375 0.66953125 0.56875 0.6609375
3 0.34375 0.61015625 0.009375 0.0109375
2 0.35078125 0.5953125 0.0140625 0.01875
4 0.34375 0.63125 0.0203125 0.0359375
5 0.33828125 0.625 0.04375 0.0859375
8 0.784375 0.62109375 0.43125 0.5640625
7 0.715625 0.6984375 0.0234375 0.028125
2 0.721875 0.671875 0.0109375 0.0109375
2 0.77890625 0.84453125 0.0140625 0.0125
2 0.85546875 0.82578125 0.0140625 0.0171875
3 0.85078125 0.8390625 0.009375 0.00625
3 0.77421875 0.8609375 0.009375 0.009375
5 0.72421875 0.70390625 0.0484375 0.075
5 0.76015625 0.90546875 0.0703125 0.1453125
7 0.8421875 0.87109375 0.0359375 0.0609375
7 0.75859375 0.8875 0.040625 0.06875
7 0.6375 0.87734375 0.0390625 0.0609375
0 0.6359375 0.83828125 0.0140625 0.0140625
5 0.6359375 0.890625 0.05625 0.125
5 0.8421875 0.89375 0.0640625 0.15625