8 0.9015625 0.234375 0.196875 0.46875
8 0.8453125 0.278125 0.309375 0.38125
7 0.9109375 0.36953125 0.03125 0.040625
5 0.9125 0.36796875 0.0359375 0.05
5 0.2921875 0.234375 0.584375 0.46875
4 0.28515625 0.3578125 0.4453125 0.221875
2 0.22890625 0.028125 0.2328125 0.05625
1 0.25859375 0.23515625 0.1921875 0.2015625
8 0.80546875 0.734375 0.3890625 0.53125
8 0.94375 0.66875 0.1125 0.4
8 0.47578125 0.596875 0.175 0.1375
8 0.2734375 0.665625 0.2328125 0.21875
8 0.30546875 0.734375 0.6109375 0.53125
2 0.26640625 0.6328125 0.0140625 0.0171875
3 0.26796875 0.6515625 0.0125 0.0140625
5 0.2640625 0.67578125 0.0515625 0.1078125
4 0.27109375 0.68203125 0.0203125 0.04375