8 0.70078125 0.22421875 0.1328125 0.1328125
8 0.47578125 0.26640625 0.1015625 0.1078125
8 0.37265625 0.21484375 0.0234375 0.0953125
9 0.37890625 0.1609375 0.0265625 0.0328125
1 0.2890625 0.21328125 0.14375 0.2484375
4 0.2 0.36015625 0.321875 0.2578125
5 0.18046875 0.24453125 0.3609375 0.4890625
0 0.76015625 0.5203125 0.0828125 0.0625
0 0.9015625 0.54140625 0.0875 0.0984375
2 0.63046875 0.515625 0.0859375 0.053125
2 0.99296875 0.54453125 0.0140625 0.0828125
3 0.43671875 0.509375 0.0734375 0.040625
3 0.61171875 0.60625 0.0421875 0.06875
3 0.75625 0.58828125 0.0453125 0.0421875
3 0.9015625 0.6328125 0.046875 0.05
4 0.903125 0.7828125 0.13125 0.28125
4 0.73671875 0.73359375 0.1421875 0.265625
4 0.54609375 0.78671875 0.1421875 0.346875
4 0.41953125 0.75546875 0.1171875 0.4890625
5 0.44375 0.74453125 0.165625 0.5109375
5 0.5859375 0.74453125 0.2625 0.5109375
5 0.7296875 0.74453125 0.24375 0.5109375
5 0.89765625 0.74453125 0.2046875 0.5109375
5 0.9640625 0.75 0.071875 0.5
7 0.18359375 0.90546875 0.1828125 0.1890625
0 0.31328125 0.8671875 0.08125 0.1453125
3 0.27890625 0.9140625 0.0265625 0.059375
5 0.19375 0.8859375 0.3125 0.228125