8 0.46875 0.04140625 0.078125 0.0828125
8 0.625 0.0421875 0.028125 0.040625
0 0.05390625 0.2125 0.0078125 0.009375
7 0.0546875 0.2296875 0.0125 0.0265625
7 0.05859375 0.24296875 0.0265625 0.075
8 0.73984375 0.31484375 0.2015625 0.6296875
8 0.31953125 0.81484375 0.6390625 0.3703125
8 0.459375 0.91484375 0.359375 0.1703125
0 0.10859375 0.91015625 0.0171875 0.01875
3 0.11328125 0.9328125 0.0125 0.015625
7 0.12265625 0.96484375 0.0359375 0.0609375
5 0.12109375 0.9484375 0.0578125 0.103125
3 0.8515625 0.79375 0.084375 0.078125
3 0.9578125 0.73828125 0.084375 0.1453125
0 0.82109375 0.69140625 0.1484375 0.1234375
4 0.88046875 0.89140625 0.2390625 0.2171875
5 0.91328125 0.8921875 0.1734375 0.215625
5 0.81953125 0.81484375 0.3609375 0.3703125
5 0.85546875 0.81484375 0.2890625 0.3703125