8 0.0484375 0.2359375 0.096875 0.184375
8 0.5125 0.18984375 0.3125 0.3609375
8 0.2203125 0.278125 0.29375 0.2234375
8 0.2828125 0.0875 0.096875 0.175
7 0.26484375 0.209375 0.0125 0.0234375
5 0.26328125 0.20859375 0.0171875 0.028125
0 0.259375 0.2 0.00625 0.009375
0 0.3828125 0.37109375 0.0109375 0.0140625
3 0.3859375 0.38125 0.0078125 0.0078125
7 0.39140625 0.3890625 0.021875 0.025
5 0.390625 0.38046875 0.025 0.0375
7 0.6125 0.23046875 0.015625 0.0203125
0 0.60703125 0.215625 0.0078125 0.0078125
5 0.6078125 0.23828125 0.0296875 0.0578125
9 0.55859375 0.3828125 0.1859375 0.09375
9 0.4515625 0.4 0.090625 0.059375
9 0.39140625 0.409375 0.1765625 0.040625
9 0.31484375 0.40703125 0.0890625 0.0453125
9 0.09375 0.403125 0.171875 0.053125
8 0.35 0.34921875 0.2609375 0.1390625
0 0.1578125 0.18203125 0.00625 0.0078125
0 0.1671875 0.18046875 0.00625 0.00625
0 0.15078125 0.18125 0.0078125 0.00625
0 0.13671875 0.19765625 0.0078125 0.0078125
7 0.1390625 0.2078125 0.0125 0.0125
7 0.1515625 0.19609375 0.0125 0.0203125
7 0.159375 0.19140625 0.0046875 0.009375
7 0.16796875 0.1890625 0.009375 0.0109375
5 0.1671875 0.1859375 0.0125 0.01875
5 0.15859375 0.18671875 0.0078125 0.0171875
5 0.15078125 0.1921875 0.0140625 0.0296875
5 0.13828125 0.2046875 0.0140625 0.0234375
7 0.834375 0.21484375 0.33125 0.4296875
5 0.834375 0.21484375 0.33125 0.4296875
5 0.40078125 0.50546875 0.0421875 0.090625
8 0.184375 0.60078125 0.0890625 0.1078125
8 0.39140625 0.578125 0.4265625 0.296875
0 0.975 0.5578125 0.05 0.071875
0 0.7859375 0.5125 0.1 0.121875
5 0.95703125 0.75859375 0.0859375 0.4828125
5 0.8265625 0.71953125 0.315625 0.5609375
4 0.82890625 0.7234375 0.2109375 0.325
4 0.96875 0.7109375 0.0625 0.19375