8 0.9734375 0.18515625 0.053125 0.0984375
0 0.54140625 0.3109375 0.0015625 0.009375
7 0.5421875 0.3296875 0.003125 0.025
7 0.54453125 0.34375 0.0078125 0.075
8 0.2703125 0.2796875 0.540625 0.51875
0 0.20390625 0.24765625 0.015625 0.0171875
3 0.20546875 0.2703125 0.009375 0.0140625
7 0.209375 0.30390625 0.0296875 0.059375
5 0.209375 0.30234375 0.0421875 0.1265625
1 0.16796875 0.60078125 0.2265625 0.1140625
4 0.46171875 0.65703125 0.1578125 0.2359375
4 0.23125 0.715625 0.4625 0.1375
5 0.45546875 0.6625 0.1703125 0.246875
5 0.2703125 0.659375 0.540625 0.240625