8 0.765625 0.275 0.46875 0.55
2 0.65 0.17734375 0.040625 0.0296875
2 0.6765625 0.44609375 0.059375 0.0421875
3 0.640625 0.203125 0.021875 0.0171875
3 0.6640625 0.49453125 0.0171875 0.0203125
4 0.6984375 0.51796875 0.08125 0.0640625
4 0.64296875 0.26796875 0.05625 0.1015625
5 0.621875 0.31796875 0.18125 0.3359375
5 0.65625 0.48203125 0.209375 0.1359375
9 0.40859375 0.48046875 0.1046875 0.1390625
9 0.484375 0.496875 0.09375 0.1
7 0.3453125 0.43046875 0.146875 0.2390625
7 0.215625 0.40703125 0.0859375 0.1875
0 0.37109375 0.2375 0.065625 0.0875
0 0.25546875 0.2625 0.0296875 0.046875
5 0.19375 0.3828125 0.16875 0.334375
5 0.29140625 0.309375 0.3578125 0.48125
7 0.22109375 0.775 0.3828125 0.45
5 0.2265625 0.775 0.453125 0.45
3 0.2609375 0.58125 0.10625 0.0625