8 0.29453125 0.26484375 0.5890625 0.5296875
3 0.115625 0.00390625 0.015625 0.0078125
7 0.12734375 0.03515625 0.0296875 0.0640625
5 0.11328125 0.0703125 0.1109375 0.140625
8 0.7890625 0.26484375 0.378125 0.5296875
8 0.8 0.38671875 0.4 0.2859375
8 0.3 0.76484375 0.6 0.4703125
8 0.37890625 0.77734375 0.4421875 0.4453125
3 0.1 0.53359375 0.0125 0.0078125
7 0.0984375 0.56328125 0.0390625 0.0609375
5 0.09765625 0.57734375 0.0640625 0.0953125
2 0.96484375 0.5875 0.0703125 0.115625
3 0.9375 0.696875 0.0796875 0.146875
4 0.6421875 0.72109375 0.084375 0.3828125
4 0.7890625 0.7359375 0.234375 0.4125
4 0.89609375 0.8671875 0.2078125 0.265625
5 0.89453125 0.76484375 0.2109375 0.4703125
5 0.8 0.76484375 0.375 0.4703125
5 0.67734375 0.76484375 0.1546875 0.4703125