8 0.27578125 0.146875 0.4984375 0.29375
5 0.36328125 0.08984375 0.015625 0.0265625
8 0.784375 0.16953125 0.43125 0.3390625
7 0.73203125 0.196875 0.3265625 0.284375
7 0.71953125 0.24296875 0.3015625 0.1921875
3 0.79921875 0.04609375 0.0921875 0.0546875
2 0.78125 0.0078125 0.13125 0.015625
7 0.64609375 0.1265625 0.1296875 0.1265625
2 0.665625 0.04765625 0.0546875 0.0265625
5 0.6390625 0.10703125 0.140625 0.1734375
5 0.76953125 0.16953125 0.4015625 0.3390625
0 0.1703125 0.44609375 0.0671875 0.0765625
4 0.134375 0.6046875 0.1046875 0.1984375
5 0.121875 0.7015625 0.1625 0.596875
5 0.91640625 0.415625 0.1671875 0.153125