8 0.4078125 0.28359375 0.24375 0.5671875
8 0.271875 0.159375 0.25 0.31875
8 0.1265625 0.10859375 0.09375 0.109375
0 0.76640625 0.0390625 0.0859375 0.078125
0 0.625 0.0703125 0.090625 0.1015625
2 0.89609375 0.03203125 0.0890625 0.0640625
3 0.91484375 0.1265625 0.0453125 0.06875
3 0.771875 0.1125 0.0453125 0.0421875
3 0.625 0.1625 0.046875 0.05
4 0.62578125 0.3109375 0.1390625 0.284375
4 0.790625 0.25859375 0.15 0.26875
4 0.95234375 0.30625 0.0953125 0.35
5 0.90078125 0.3046875 0.1984375 0.609375
5 0.7984375 0.3046875 0.265625 0.609375
5 0.63828125 0.3109375 0.2171875 0.596875
5 0.5703125 0.3203125 0.08125 0.578125
5 0.26484375 0.8046875 0.5296875 0.390625
4 0.28515625 0.85625 0.4171875 0.2875
1 0.271875 0.6796875 0.21875 0.140625
8 0.76484375 0.8046875 0.4703125 0.390625