5 0.02265625 0.51953125 0.009375 0.01875
0 0.1953125 0.54375 0.0046875 0.003125
7 0.1953125 0.55234375 0.00625 0.009375
5 0.196875 0.55625 0.009375 0.0296875
8 0.13359375 0.4265625 0.015625 0.0140625
7 0.30078125 0.53828125 0.009375 0.0109375
5 0.30234375 0.54609375 0.015625 0.0390625
7 0.36640625 0.55078125 0.0078125 0.0125
5 0.36796875 0.55625 0.0109375 0.0296875
7 0.4421875 0.5453125 0.0046875 0.009375
5 0.4421875 0.546875 0.0078125 0.0203125
8 0.89140625 0.21953125 0.2171875 0.4390625
8 0.71796875 0.40546875 0.4578125 0.4484375
5 0.13125 0.74140625 0.2625 0.2234375
8 0.81328125 0.6640625 0.1046875 0.06875
8 0.68828125 0.646875 0.0578125 0.034375