1 0.80390625 0.034375 0.0734375 0.0640625
7 0.8265625 0.19296875 0.1734375 0.2546875
5 0.83125 0.2796875 0.3375 0.559375
6 0.1421875 0.4265625 0.1171875 0.1734375
6 0.36015625 0.121875 0.1203125 0.24375
6 0.059375 0.115625 0.11875 0.23125
6 0.36640625 0.51328125 0.0796875 0.0921875
6 0.20859375 0.52421875 0.0796875 0.0703125
6 0.365625 0.40234375 0.1078125 0.18125
8 0.71015625 0.7796875 0.5796875 0.440625
0 0.4890625 0.65625 0.03125 0.028125
7 0.49453125 0.715625 0.0765625 0.0578125
5 0.50703125 0.7015625 0.115625 0.1265625
4 0.18359375 0.86484375 0.3671875 0.2703125
5 0.21015625 0.7796875 0.4203125 0.440625