8 0.19765625 0.16484375 0.3953125 0.3296875
6 0.08125 0.271875 0.096875 0.2140625
6 0.37109375 0.2640625 0.1234375 0.23125
7 0.625 0.0265625 0.075 0.053125
7 0.46328125 0.04453125 0.0890625 0.0890625
5 0.4734375 0.13984375 0.121875 0.2796875
5 0.6234375 0.11796875 0.146875 0.2359375
5 0.69609375 0.1578125 0.0859375 0.315625
8 0.39609375 0.43984375 0.2265625 0.1203125
4 0.50625 0.48671875 0.0328125 0.05625
2 0.509375 0.44140625 0.015625 0.0125
3 0.51015625 0.4546875 0.0140625 0.0109375
5 0.51484375 0.50859375 0.0546875 0.15
9 0.1671875 0.47578125 0.171875 0.046875
8 0.86953125 0.85546875 0.2609375 0.2890625
5 0.85546875 0.7359375 0.0515625 0.1703125