4 0.17421875 0.13671875 0.3484375 0.2734375
5 0.2546875 0.34453125 0.509375 0.6890625
0 0.5140625 0.25 0.009375 0.025
0 0.5609375 0.25625 0.0453125 0.040625
0 0.60703125 0.26484375 0.015625 0.01875
0 0.61953125 0.26484375 0.0171875 0.01875
0 0.65234375 0.25625 0.03125 0.0296875
0 0.6953125 0.228125 0.0234375 0.0234375
0 0.734375 0.2015625 0.0375 0.040625
0 0.725 0.2578125 0.065625 0.071875
0 0.7890625 0.28125 0.01875 0.0234375
0 0.8109375 0.26953125 0.0109375 0.009375
7 0.80859375 0.29296875 0.0125 0.028125
0 0.8265625 0.26640625 0.025 0.025
0 0.86875 0.246875 0.0296875 0.028125
0 0.92890625 0.26015625 0.021875 0.0234375
0 0.97421875 0.26640625 0.0203125 0.0234375
7 0.97265625 0.346875 0.0546875 0.09375
7 0.93203125 0.3453125 0.0328125 0.1046875
7 0.8734375 0.33984375 0.0578125 0.1125
7 0.83125 0.3390625 0.046875 0.096875
7 0.7953125 0.34375 0.034375 0.0828125
7 0.6890625 0.30390625 0.034375 0.08125
7 0.62265625 0.328125 0.0375 0.071875
7 0.6078125 0.32265625 0.009375 0.05625
7 0.5359375 0.32890625 0.0171875 0.0234375
7 0.5234375 0.3265625 0.028125 0.09375
7 0.565625 0.37734375 0.084375 0.1625
7 0.65859375 0.340625 0.0671875 0.1046875
7 0.7578125 0.31328125 0.046875 0.1328125
7 0.7203125 0.453125 0.09375 0.2484375
3 0.5125 0.27890625 0.00625 0.0140625
3 0.55 0.3015625 0.0078125 0.0203125
3 0.60703125 0.284375 0.0078125 0.0109375
3 0.62109375 0.284375 0.0109375 0.009375
3 0.6515625 0.2859375 0.0171875 0.015625
0 0.640625 0.27890625 0.00625 0.0171875
3 0.69375 0.25390625 0.0125 0.0125
3 0.70234375 0.31015625 0.00625 0.028125
3 0.7875 0.3015625 0.009375 0.0109375
3 0.8265625 0.29375 0.0125 0.0125
3 0.86796875 0.2765625 0.01875 0.0140625
1 0.9328125 0.28359375 0.0078125 0.0203125
3 0.975 0.2921875 0.015625 0.0140625
5 0.9703125 0.38515625 0.059375 0.2640625
5 0.9453125 0.38671875 0.075 0.28125
5 0.86953125 0.384375 0.06875 0.30625
5 0.8109375 0.28515625 0.0171875 0.0421875
5 0.82890625 0.37890625 0.05625 0.25
5 0.79453125 0.3734375 0.040625 0.2140625
5 0.75234375 0.4078125 0.078125 0.45625
5 0.6890625 0.2921875 0.040625 0.1546875
5 0.65859375 0.40234375 0.084375 0.328125
5 0.62265625 0.3546875 0.0421875 0.2015625
5 0.6125 0.3453125 0.0296875 0.1828125
5 0.5671875 0.44765625 0.0953125 0.4296875
5 0.52421875 0.36796875 0.0296875 0.2671875
5 0.721875 0.45234375 0.103125 0.4734375
8 0.21796875 0.84453125 0.4359375 0.3109375