7 0.4484375 0.0984375 0.040625 0.13125
7 0.4421875 0.0484375 0.034375 0.0796875
7 0.38359375 0.1 0.1140625 0.2
7 0.33671875 0.040625 0.0453125 0.08125
7 0.29921875 0.059375 0.0921875 0.11875
7 0.2078125 0.04375 0.065625 0.0875
7 0.15625 0.06171875 0.096875 0.1234375
7 0.10625 0.03359375 0.071875 0.0671875
3 0.465625 0.01484375 0.00625 0.0140625
3 0.3796875 0.01015625 0.01875 0.0203125
5 0.44140625 0.08671875 0.0546875 0.1734375
5 0.43828125 0.13359375 0.0609375 0.2671875
5 0.36015625 0.03984375 0.0296875 0.0796875
5 0.37109375 0.18984375 0.1546875 0.3796875
5 0.32734375 0.10703125 0.0828125 0.2140625
5 0.2875 0.1421875 0.125 0.284375
5 0.20546875 0.08984375 0.0890625 0.1796875
5 0.11875 0.165625 0.18125 0.33125
5 0.1 0.09609375 0.096875 0.1921875
6 0.934375 0.35390625 0.05625 0.0515625
6 0.74296875 0.1953125 0.028125 0.0578125
6 0.59609375 0.13671875 0.0265625 0.0515625
6 0.49453125 0.10078125 0.015625 0.040625
6 0.9359375 0.21953125 0.0203125 0.0421875
6 0.82109375 0.1625 0.01875 0.0421875
6 0.73515625 0.1265625 0.015625 0.0328125
6 0.66484375 0.10234375 0.0125 0.028125
6 0.9921875 0.234375 0.015625 0.034375
6 0.90859375 0.18671875 0.0171875 0.0375
6 0.83671875 0.159375 0.0140625 0.034375
6 0.60234375 0.090625 0.0171875 0.0375
9 0.734375 0.18984375 0.53125 0.3796875
8 0.4390625 0.75703125 0.059375 0.1734375
8 0.08203125 0.78359375 0.1640625 0.2703125
8 0.08203125 0.6203125 0.1640625 0.48125
8 0.840625 0.515625 0.31875 0.271875