1 0.27578125 0.29296875 0.3484375 0.2640625
2 0.2984375 0.0796875 0.303125 0.159375
4 0.225 0.42265625 0.45 0.1546875
5 0.225 0.25 0.45 0.5
9 0.67734375 0.46171875 0.1171875 0.0765625
0 0.98125 0.1484375 0.0375 0.1
6 0.159375 0.78203125 0.0390625 0.103125
6 0.31328125 0.734375 0.03125 0.0765625
6 0.00546875 0.64453125 0.0109375 0.0390625
6 0.2359375 0.63515625 0.0125 0.0328125
6 0.153125 0.6421875 0.0125 0.0359375
6 0.14453125 0.62734375 0.0078125 0.025
6 0.06875 0.62890625 0.009375 0.0296875
6 0.33515625 0.6125 0.0078125 0.0171875
6 0.1734375 0.621875 0.0109375 0.028125
6 0.30703125 0.61328125 0.009375 0.0234375
6 0.03828125 0.61953125 0.0078125 0.0171875
6 0.04765625 0.6171875 0.0078125 0.0171875
6 0.03046875 0.60703125 0.0046875 0.0140625
6 0.0578125 0.60703125 0.00625 0.0109375
6 0.0890625 0.61796875 0.00625 0.01875
6 0.10234375 0.61484375 0.0078125 0.01875
6 0.13828125 0.61171875 0.00625 0.0171875
6 0.12109375 0.60546875 0.0046875 0.0125
6 0.14921875 0.61484375 0.0078125 0.0203125
6 0.190625 0.6171875 0.009375 0.0234375
6 0.20234375 0.615625 0.009375 0.021875
6 0.07734375 0.6046875 0.00625 0.0125
6 0.21796875 0.6125 0.009375 0.025
6 0.2234375 0.6078125 0.0078125 0.01875
6 0.2515625 0.6125 0.0078125 0.0203125
6 0.2828125 0.6296875 0.0109375 0.028125
6 0.40703125 0.61328125 0.0078125 0.021875
6 0.3421875 0.6109375 0.00625 0.0171875
6 0.34609375 0.6078125 0.00625 0.015625
6 0.63515625 0.59453125 0.2078125 0.1890625
6 0.51015625 0.809375 0.1203125 0.38125
6 0.7578125 0.528125 0.165625 0.05625