3 0.5265625 0.05234375 0.00625 0.0203125
3 0.478125 0.00390625 0.025 0.0078125
3 0.4859375 0.06796875 0.021875 0.021875
3 0.4046875 0.00859375 0.021875 0.0171875
3 0.41796875 0.07578125 0.025 0.021875
3 0.3703125 0.04453125 0.021875 0.021875
3 0.290625 0.00859375 0.025 0.0171875
3 0.05546875 0.06640625 0.034375 0.03125
3 0.11640625 0.05078125 0.0265625 0.021875
3 0.171875 0.07578125 0.0265625 0.025
3 0.24453125 0.05234375 0.0296875 0.021875
3 0.33515625 0.07265625 0.025 0.025
0 0.0515625 0.0171875 0.05625 0.034375
0 0.11015625 0.0125 0.0421875 0.025
0 0.165625 0.02734375 0.046875 0.046875
0 0.2421875 0.0140625 0.040625 0.028125
0 0.334375 0.01953125 0.040625 0.0390625
0 0.36875 0.01171875 0.034375 0.0234375
0 0.415625 0.0296875 0.0375 0.040625
0 0.4859375 0.02734375 0.0375 0.040625
0 0.52109375 0.01640625 0.0171875 0.0328125
7 0.0578125 0.175 0.115625 0.209375
7 0.11953125 0.11015625 0.06875 0.078125
7 0.17109375 0.175 0.1140625 0.190625
7 0.246875 0.13671875 0.1046875 0.159375
7 0.28671875 0.05 0.0609375 0.0640625
7 0.33359375 0.16015625 0.1046875 0.175
7 0.421875 0.1640625 0.0796875 0.153125
7 0.375 0.0765625 0.04375 0.0640625
7 0.41640625 0.05078125 0.065625 0.0546875
7 0.478125 0.05078125 0.078125 0.0875
7 0.49375 0.1671875 0.071875 0.165625
5 0.06875 0.26171875 0.1375 0.5234375
5 0.1171875 0.21640625 0.065625 0.4328125
5 0.1703125 0.25546875 0.134375 0.5046875
5 0.246875 0.2203125 0.109375 0.440625
5 0.2890625 0.18671875 0.065625 0.3734375
5 0.3328125 0.23984375 0.10625 0.4796875
5 0.37265625 0.20625 0.0640625 0.4125
5 0.40078125 0.184375 0.0421875 0.36875
5 0.41953125 0.23671875 0.0984375 0.4484375
5 0.478125 0.18203125 0.0875 0.3640625
5 0.490625 0.23125 0.078125 0.453125
5 0.51640625 0.2125 0.0265625 0.425
6 0.90546875 0.43984375 0.0296875 0.109375
6 0.7546875 0.2765625 0.0125 0.040625
6 0.63046875 0.26015625 0.009375 0.0375
6 0.915625 0.28828125 0.009375 0.0375
6 0.9078125 0.271875 0.00625 0.028125
6 0.82578125 0.265625 0.0078125 0.03125
6 0.6921875 0.2546875 0.0078125 0.028125
6 0.55078125 0.503125 0.0421875 0.09375
6 0.58828125 0.23984375 0.009375 0.034375
6 0.93984375 0.26953125 0.009375 0.0296875
6 0.53515625 0.2453125 0.0109375 0.034375
6 0.53125 0.234375 0.003125 0.025
6 0.5703125 0.22421875 0.00625 0.015625
6 0.596875 0.2359375 0.00625 0.021875
6 0.60546875 0.2375 0.00625 0.021875
6 0.66328125 0.24140625 0.00625 0.021875
6 0.68515625 0.24453125 0.00625 0.021875
6 0.7453125 0.24921875 0.00625 0.021875
6 0.79453125 0.25234375 0.00625 0.01875
6 0.8046875 0.2515625 0.00625 0.01875
6 0.78671875 0.2390625 0.0046875 0.0140625
6 0.81640625 0.24140625 0.0046875 0.0125
6 0.84921875 0.25625 0.0046875 0.0203125
6 0.86328125 0.2546875 0.00625 0.01875
6 0.90234375 0.2546875 0.0046875 0.01875
6 0.88515625 0.2453125 0.0046875 0.0125
6 0.9140625 0.259375 0.00625 0.021875
6 0.95859375 0.265625 0.00625 0.025
6 0.97109375 0.26484375 0.0078125 0.021875
6 0.83828125 0.240625 0.00625 0.0125
6 0.98828125 0.2625 0.0078125 0.0265625
6 0.99453125 0.25859375 0.00625 0.0203125
8 0.22265625 0.775 0.4453125 0.45
8 0.79140625 0.6953125 0.3078125 0.290625
8 0.87578125 0.815625 0.2484375 0.36875