1 0.39140625 0.084375 0.2546875 0.16875
4 0.2890625 0.2578125 0.459375 0.384375
5 0.259375 0.225 0.51875 0.45
9 0.6453125 0.15 0.0359375 0.034375
9 0.70859375 0.1171875 0.0328125 0.028125
9 0.6828125 0.13359375 0.0296875 0.0265625
8 0.946875 0.0625 0.03125 0.034375
9 0.921875 0.078125 0.0328125 0.03125
3 0.9875 0.11953125 0.009375 0.0109375
0 0.9859375 0.10078125 0.021875 0.034375
5 0.97890625 0.19140625 0.0421875 0.2171875
4 0.84921875 0.11171875 0.03125 0.05625
0 0.840625 0.07109375 0.0171875 0.021875
5 0.85390625 0.15234375 0.0671875 0.1890625
1 0.29921875 0.64765625 0.4390625 0.3359375
2 0.2875 0.47109375 0.4625 0.0421875
4 0.259375 0.85703125 0.51875 0.2859375
5 0.259375 0.725 0.51875 0.55
8 0.759375 0.725 0.48125 0.55