0 0.06875 0.10390625 0.021875 0.021875
0 0.1296875 0.090625 0.0125 0.0171875
0 0.11171875 0.07890625 0.028125 0.03125
0 0.1171875 0.1046875 0.04375 0.04375
7 0.11484375 0.15625 0.0484375 0.071875
7 0.08125 0.16796875 0.046875 0.084375
7 0.1109375 0.2125 0.05625 0.15
7 0.00859375 0.17734375 0.0171875 0.1015625
3 0.07265625 0.1296875 0.0140625 0.0140625
3 0.12890625 0.14140625 0.0203125 0.0203125
5 0.13125 0.1703125 0.015625 0.1875
5 0.109375 0.1328125 0.059375 0.15625
5 0.0796875 0.1828125 0.0671875 0.1890625
5 0.021875 0.2 0.04375 0.225
5 0.07265625 0.2828125 0.1328125 0.40625
8 0.671875 0.275 0.65625 0.55
8 0.6078125 0.075 0.534375 0.15
7 0.93046875 0.64140625 0.021875 0.053125
2 0.92265625 0.5953125 0.015625 0.0171875
5 0.9140625 0.66875 0.071875 0.1671875
8 0.734375 0.775 0.53125 0.45