1 0.26796875 0.4 0.5359375 0.2375
2 0.31796875 0.18828125 0.6234375 0.2390625
5 0.31484375 0.28359375 0.6296875 0.4703125
8 0.93125 0.04140625 0.1375 0.0828125
8 0.81484375 0.25546875 0.3703125 0.5109375
8 0.1703125 0.8203125 0.340625 0.359375
6 0.74296875 0.96171875 0.0296875 0.0484375
6 0.68984375 0.9046875 0.015625 0.025
6 0.6734375 0.88515625 0.0109375 0.0171875
6 0.66328125 0.8734375 0.0078125 0.0140625
6 0.6578125 0.8671875 0.00625 0.0125
6 0.653125 0.86328125 0.00625 0.0109375
6 0.64765625 0.85625 0.00625 0.0140625
6 0.6453125 0.85625 0.003125 0.009375
6 0.6421875 0.8546875 0.003125 0.00625
6 0.63359375 0.85234375 0.0046875 0.00625
6 0.75703125 0.853125 0.003125 0.00625
6 0.75390625 0.8484375 0.003125 0.0078125
2 0.81953125 0.85078125 0.0046875 0.0046875
2 0.79609375 0.83671875 0.003125 0.0046875
2 0.7828125 0.8515625 0.003125 0.0046875
2 0.77734375 0.85625 0.003125 0.0046875
2 0.7515625 0.82109375 0.00625 0.00625
4 0.7484375 0.83828125 0.009375 0.01875
4 0.7953125 0.8484375 0.00625 0.0140625
4 0.82109375 0.86171875 0.0078125 0.0109375
4 0.79296875 0.85859375 0.0078125 0.0109375
5 0.81640625 0.8671875 0.01875 0.0390625
5 0.796875 0.8453125 0.009375 0.0203125
5 0.78671875 0.8625 0.0203125 0.034375
5 0.7828125 0.85546875 0.0078125 0.0109375
5 0.77578125 0.8625 0.0109375 0.01875
5 0.75625 0.86015625 0.00625 0.0234375
5 0.74765625 0.85078125 0.0203125 0.0671875