4 0.15625 0.43359375 0.30625 0.2703125
5 0.1546875 0.284375 0.309375 0.56875
8 0.7234375 0.42734375 0.23125 0.2828125
8 0.509375 0.40859375 0.2125 0.3203125
9 0.88046875 0.53984375 0.109375 0.05625
2 0.95 0.528125 0.0109375 0.0109375
5 0.9484375 0.5453125 0.021875 0.046875
6 0.9703125 0.55078125 0.015625 0.0359375
6 0.89296875 0.5453125 0.015625 0.0359375
4 0.11953125 0.65546875 0.1390625 0.1734375
4 0.26953125 0.71640625 0.0796875 0.2953125
5 0.21640625 0.784375 0.1859375 0.43125
5 0.11484375 0.784375 0.2296875 0.43125
5 0.6109375 0.784375 0.603125 0.43125
0 0.36640625 0.68046875 0.1140625 0.2234375
4 0.5546875 0.90859375 0.421875 0.1828125
1 0.4734375 0.79296875 0.2125 0.30625