1 0.1296875 0.184375 0.259375 0.240625
2 0.14609375 0.03828125 0.2265625 0.0765625
5 0.1296875 0.159375 0.259375 0.31875
2 0.22890625 0.490625 0.0609375 0.0875
0 0.07265625 0.46953125 0.09375 0.1
3 0.046875 0.5984375 0.0578125 0.059375
3 0.22890625 0.6078125 0.05 0.0578125
7 0.19609375 0.746875 0.1265625 0.3625
4 0.05625 0.74296875 0.1125 0.2796875
5 0.084375 0.69765625 0.16875 0.6046875
5 0.178125 0.71953125 0.1625 0.5609375
8 0.71171875 0.73828125 0.359375 0.3828125
0 0.615625 0.5828125 0.0203125 0.015625
7 0.6109375 0.62734375 0.0390625 0.059375
5 0.62109375 0.63515625 0.06875 0.1234375