1 0.78671875 0.40390625 0.4265625 0.2921875
2 0.76796875 0.10859375 0.4640625 0.1671875
4 0.73515625 0.64140625 0.5296875 0.1953125
5 0.73515625 0.3796875 0.5296875 0.71875
0 0.303125 0.11484375 0.1921875 0.1109375
0 0.12734375 0.02890625 0.1265625 0.0578125
2 0.42265625 0.32890625 0.0953125 0.0671875
2 0.084375 0.25078125 0.16875 0.0546875
9 0.12421875 0.3546875 0.2484375 0.709375
3 0.134375 0.09609375 0.0859375 0.0375
3 0.32421875 0.21171875 0.121875 0.065625
3 0.071875 0.3640625 0.1234375 0.059375
3 0.43125 0.44296875 0.078125 0.0671875
4 0.35703125 0.596875 0.2265625 0.284375
4 0.115625 0.534375 0.23125 0.303125
7 0.3328125 0.33828125 0.275 0.2671875
4 0.14453125 0.1578125 0.1921875 0.1578125
5 0.1265625 0.1203125 0.253125 0.240625
5 0.13203125 0.47890625 0.2640625 0.5203125
5 0.31640625 0.51484375 0.3078125 0.4484375
5 0.3015625 0.275 0.3375 0.44375
8 0.6078125 0.86953125 0.275 0.2609375
8 0.73515625 0.86953125 0.5296875 0.2609375
8 0.2265625 0.86953125 0.453125 0.2609375