1 0.29921875 0.275 0.4609375 0.271875
2 0.28671875 0.05 0.4859375 0.1
4 0.26484375 0.50546875 0.5296875 0.1890625
5 0.26484375 0.3 0.5296875 0.6
0 0.8765625 0.07734375 0.021875 0.0375
0 0.94375 0.221875 0.0203125 0.0328125
0 0.8609375 0.19375 0.021875 0.0375
3 0.77890625 0.00625 0.0140625 0.0109375
0 0.99375 0.41015625 0.0125 0.0296875
7 0.940625 0.23515625 0.0328125 0.053125
7 0.8671875 0.20859375 0.0515625 0.075
7 0.8765625 0.10078125 0.0421875 0.0703125
7 0.78515625 0.04140625 0.0671875 0.0828125
5 0.79453125 0.08203125 0.0859375 0.1640625
5 0.8828125 0.13359375 0.0625 0.1515625
5 0.88203125 0.2296875 0.08125 0.11875
5 0.94609375 0.2546875 0.0546875 0.0953125
5 0.990625 0.42734375 0.01875 0.0796875
2 0.80546875 0.86328125 0.3890625 0.1578125
5 0.76484375 0.88515625 0.4703125 0.2296875