3 0.0109375 0.02421875 0.021875 0.0203125
3 0.08125 0.03125 0.0296875 0.025
3 0.1203125 0.02109375 0.025 0.021875
3 0.18125 0.04375 0.025 0.0234375
3 0.19453125 0.003125 0.0203125 0.00625
3 0.2328125 0.015625 0.0234375 0.021875
3 0.28203125 0.025 0.0234375 0.021875
3 0.3484375 0.0265625 0.025 0.0234375
0 0.17265625 0.01015625 0.0421875 0.0203125
7 0.39921875 0.1 0.0390625 0.178125
7 0.3515625 0.1125 0.090625 0.1546875
7 0.38984375 0.02734375 0.0484375 0.0546875
7 0.3453125 0.01484375 0.06875 0.0296875
7 0.28671875 0.0265625 0.0828125 0.053125
7 0.28203125 0.1234375 0.0859375 0.1671875
7 0.22890625 0.11171875 0.0625 0.1515625
7 0.20390625 0.03203125 0.0296875 0.0390625
7 0.1859375 0.12890625 0.1 0.1640625
7 0.1234375 0.065625 0.05625 0.0828125
7 0.0859375 0.1203125 0.1296875 0.16875
7 0.0375 0.11171875 0.075 0.1671875
7 0.0203125 0.16640625 0.040625 0.2234375
5 0.39609375 0.2078125 0.0453125 0.415625
5 0.3859375 0.17578125 0.065625 0.3515625
5 0.3703125 0.15625 0.078125 0.3125
5 0.35703125 0.20234375 0.1234375 0.4046875
5 0.29453125 0.1578125 0.1203125 0.315625
5 0.290625 0.20390625 0.1125 0.4078125
5 0.24609375 0.1890625 0.0984375 0.378125
5 0.209375 0.17578125 0.0875 0.3515625
5 0.196875 0.21484375 0.1375 0.4296875
5 0.13984375 0.17578125 0.0984375 0.3515625
5 0.09765625 0.225 0.1703125 0.45
5 0.0515625 0.21328125 0.103125 0.4265625
5 0.04140625 0.225 0.0828125 0.45
4 0.03671875 0.8515625 0.0734375 0.296875
1 0.66953125 0.86015625 0.4390625 0.225
2 0.6640625 0.61328125 0.490625 0.2328125
4 0.709375 0.9171875 0.58125 0.165625
5 0.709375 0.73671875 0.58125 0.5265625