1 0.28125 0.18515625 0.375 0.3703125
0 0.3 0.02421875 0.3375 0.0484375
4 0.234375 0.37265625 0.46875 0.2328125
5 0.234375 0.24453125 0.46875 0.4890625
8 0.865625 0.24453125 0.26875 0.4890625
8 0.490625 0.24453125 0.04375 0.4890625
0 0.48671875 0.27578125 0.0359375 0.0453125
0 0.9046875 0.23046875 0.05 0.0484375
0 0.8609375 0.228125 0.0359375 0.0390625
0 0.8171875 0.2046875 0.05 0.0515625
0 0.71484375 0.2515625 0.0328125 0.0375
0 0.68828125 0.2171875 0.0359375 0.0390625
0 0.6515625 0.3 0.0359375 0.03125
3 0.478125 0.31640625 0.01875 0.0234375
3 0.81171875 0.24296875 0.0140625 0.015625
3 0.87109375 0.259375 0.0203125 0.021875
3 0.903125 0.27421875 0.0234375 0.0234375
7 0.9515625 0.3296875 0.09375 0.159375
7 0.88515625 0.31796875 0.065625 0.125
7 0.834375 0.31484375 0.0890625 0.1390625
7 0.7578125 0.38515625 0.04375 0.084375
7 0.71328125 0.3390625 0.084375 0.1609375
7 0.665625 0.39140625 0.0640625 0.146875
7 0.51171875 0.38984375 0.0859375 0.1609375
5 0.5359375 0.36640625 0.134375 0.2453125
5 0.6734375 0.384375 0.1 0.209375
5 0.71796875 0.33984375 0.1609375 0.2984375
5 0.753125 0.35859375 0.125 0.2609375
5 0.84453125 0.33203125 0.1515625 0.3140625
5 0.9 0.3453125 0.115625 0.2875
5 0.93828125 0.34375 0.1234375 0.290625
8 0.38828125 0.74453125 0.1609375 0.5109375
8 0.04453125 0.74453125 0.0890625 0.5109375
0 0.05625 0.859375 0.05 0.0453125
0 0.46171875 0.81328125 0.0140625 0.0484375
0 0.4375 0.8109375 0.0359375 0.0390625
0 0.39375 0.7875 0.05 0.0515625
0 0.29140625 0.834375 0.0328125 0.0375
0 0.26484375 0.8 0.0359375 0.0390625
0 0.228125 0.8828125 0.0359375 0.03125
3 0.053125 0.9 0.0234375 0.0234375
3 0.38828125 0.82578125 0.0140625 0.015625
3 0.44765625 0.8421875 0.0203125 0.021875
7 0.4484375 0.9 0.040625 0.125
7 0.4109375 0.89765625 0.0890625 0.1390625
7 0.33359375 0.9625 0.0453125 0.075
7 0.2890625 0.9203125 0.084375 0.159375
7 0.24140625 0.95 0.0640625 0.1
7 0.08671875 0.94609375 0.0890625 0.1078125
5 0.10390625 0.91328125 0.1515625 0.1734375
5 0.25 0.93125 0.1 0.1375
5 0.29453125 0.88671875 0.1609375 0.2265625
5 0.3296875 0.90546875 0.125 0.1890625
5 0.40703125 0.87890625 0.1234375 0.2421875
5 0.44375 0.8921875 0.05 0.215625
7 0.6359375 0.84296875 0.0171875 0.0234375
5 0.634375 0.83515625 0.0234375 0.046875
8 0.734375 0.74453125 0.53125 0.5109375
8 0.72578125 0.74453125 0.4765625 0.5109375