4 0.0828125 0.303125 0.165625 0.31875
4 0.27265625 0.34609375 0.1546875 0.3265625
0 0.07265625 0.5 0.0859375 0.0984375
5 0.2453125 0.28203125 0.209375 0.4578125
5 0.11328125 0.23515625 0.2265625 0.4703125
1 0.16796875 0.1921875 0.0734375 0.08125
1 0.340625 0.1859375 0.01875 0.05625
8 0.70390625 0.2875 0.5921875 0.54375
2 0.5546875 0.021875 0.0265625 0.0234375
2 0.48203125 0.17265625 0.0453125 0.0640625
2 0.678125 0.27109375 0.0375 0.028125
2 0.7015625 0.5265625 0.05625 0.040625
3 0.66953125 0.2953125 0.0203125 0.0171875
4 0.671875 0.35625 0.053125 0.0953125
4 0.5359375 0.09375 0.0609375 0.1109375
4 0.4546875 0.23828125 0.0921875 0.1625
5 0.44453125 0.3203125 0.1890625 0.396875
5 0.5328125 0.1515625 0.1265625 0.29375
5 0.64921875 0.4015625 0.1734375 0.315625
5 0.68046875 0.52734375 0.1984375 0.0640625
8 0.17421875 0.73984375 0.3484375 0.3609375
1 0.73359375 0.86640625 0.4578125 0.265625
0 0.7625 0.65078125 0.475 0.1828125
4 0.675 0.93359375 0.65 0.1328125
5 0.675 0.7796875 0.65 0.440625