0 0.00625 0.1390625 0.0125 0.021875
0 0.0171875 0.1390625 0.0203125 0.0203125
0 0.04921875 0.1265625 0.0359375 0.034375
0 0.0875 0.09296875 0.0265625 0.0265625
0 0.125 0.0609375 0.04375 0.046875
0 0.121875 0.11953125 0.0765625 0.08125
0 0.19140625 0.13515625 0.0234375 0.0265625
0 0.2125 0.1203125 0.0125 0.0109375
7 0.21328125 0.1453125 0.0171875 0.03125
0 0.22734375 0.1171875 0.028125 0.028125
0 0.2671875 0.09140625 0.034375 0.0328125
0 0.33203125 0.096875 0.0265625 0.0265625
0 0.37890625 0.0984375 0.0234375 0.0265625
0 0.43203125 0.0859375 0.040625 0.0328125
0 0.4703125 0.0890625 0.04375 0.04375
7 0.484375 0.22421875 0.090625 0.1640625
7 0.44296875 0.17265625 0.0765625 0.121875
7 0.39140625 0.18125 0.071875 0.103125
7 0.346875 0.18359375 0.0453125 0.1109375
7 0.2859375 0.1859375 0.071875 0.1203125
7 0.24375 0.190625 0.059375 0.103125
7 0.20703125 0.19765625 0.0453125 0.0890625
7 0.09296875 0.17109375 0.0453125 0.0859375
7 0.028125 0.20390625 0.046875 0.078125
7 0.01171875 0.19921875 0.015625 0.0578125
7 0.01484375 0.26015625 0.0296875 0.1734375
7 0.06640625 0.2125 0.08125 0.1140625
7 0.1640625 0.17265625 0.0671875 0.140625
7 0.14453125 0.31953125 0.1265625 0.2625
3 0.00625 0.16171875 0.0078125 0.0109375
3 0.0203125 0.16015625 0.0109375 0.0109375
3 0.0515625 0.15703125 0.0203125 0.01875
0 0.03984375 0.1515625 0.0078125 0.0171875
3 0.08984375 0.11953125 0.015625 0.0140625
3 0.10703125 0.17578125 0.0109375 0.0296875
3 0.19375 0.15625 0.009375 0.0109375
3 0.23203125 0.14453125 0.015625 0.0140625
3 0.27265625 0.12265625 0.0203125 0.0171875
1 0.340625 0.12109375 0.0109375 0.021875
3 0.38359375 0.125 0.0171875 0.015625
3 0.43125 0.11875 0.015625 0.01875
3 0.46875 0.12734375 0.0171875 0.021875
5 0.47109375 0.2296875 0.1171875 0.334375
5 0.45234375 0.22421875 0.1 0.315625
5 0.3953125 0.2203125 0.1 0.2765625
5 0.36484375 0.22421875 0.1109375 0.29375
5 0.28828125 0.23125 0.109375 0.31875
5 0.21484375 0.13671875 0.0234375 0.0453125
5 0.2453125 0.23125 0.0890625 0.2609375
5 0.209375 0.22890625 0.0671875 0.221875
5 0.17265625 0.26875 0.1359375 0.471875
5 0.09140625 0.15859375 0.059375 0.1625
5 0.075 0.275 0.1265625 0.3421875
5 0.0328125 0.2296875 0.065625 0.209375
5 0.02265625 0.22109375 0.0453125 0.1890625
5 0.03125 0.32890625 0.0625 0.4421875
5 0.16015625 0.3109375 0.1890625 0.478125
5 0.71484375 0.275 0.3703125 0.55
4 0.6546875 0.3421875 0.25 0.415625
6 0.16328125 0.775 0.3265625 0.45
6 0.38359375 0.775 0.2921875 0.45
1 0.76484375 0.62734375 0.4703125 0.1546875
4 0.76484375 0.79140625 0.4703125 0.4171875
5 0.76484375 0.775 0.4703125 0.45