5 0.19375 0.375 0.35625 0.109375
7 0.62265625 0.21953125 0.084375 0.14375
1 0.615625 0.140625 0.025 0.0375
1 0.2140625 0.00546875 0.025 0.0109375
1 0.31015625 0.08828125 0.0359375 0.034375
1 0.528125 0.01796875 0.0375 0.0328125
2 0.315625 0.03125 0.0875 0.0625
4 0.528125 0.0875 0.0921875 0.1328125
4 0.36640625 0.03828125 0.0796875 0.0765625
4 0.2546875 0.175 0.1140625 0.1875
4 0.18125 0.0640625 0.075 0.128125
4 0.12421875 0.0140625 0.0640625 0.028125
4 0.07265625 0.021875 0.0671875 0.04375
5 0.0734375 0.1515625 0.146875 0.303125
5 0.115625 0.1375 0.140625 0.275
5 0.1609375 0.16953125 0.159375 0.3390625
5 0.28125 0.1828125 0.221875 0.365625
5 0.3734375 0.065625 0.159375 0.13125
5 0.53515625 0.10546875 0.1703125 0.2109375
5 0.621875 0.2484375 0.134375 0.346875
0 0.634375 0.09609375 0.046875 0.0546875
8 0.84453125 0.21484375 0.3109375 0.4296875
2 0.84296875 0.30546875 0.0125 0.0140625
3 0.84375 0.3234375 0.00625 0.0109375
4 0.8359375 0.3421875 0.0203125 0.0390625
5 0.84375 0.34453125 0.0484375 0.0953125
5 0.578125 0.71484375 0.221875 0.5703125
7 0.6296875 0.63671875 0.11875 0.2578125
3 0.6734375 0.51328125 0.03125 0.0328125
0 0.6671875 0.4640625 0.04375 0.06875