1 0.78046875 0.3953125 0.4390625 0.309375
2 0.78046875 0.09296875 0.4390625 0.1859375
4 0.78046875 0.471875 0.4390625 0.15625
5 0.78046875 0.275 0.4390625 0.55
3 0.19609375 0.54609375 0.0109375 0.0078125
0 0.2109375 0.5359375 0.01875 0.028125
0 0.35859375 0.15390625 0.0265625 0.040625
7 0.3671875 0.228125 0.0390625 0.090625
3 0.359375 0.1859375 0.0109375 0.015625
5 0.36796875 0.278125 0.05625 0.290625
8 0.78046875 0.88203125 0.4390625 0.2359375
4 0.06953125 0.61640625 0.0390625 0.1328125
4 0.0265625 0.6484375 0.053125 0.196875
4 0.14296875 0.61484375 0.0859375 0.1296875
4 0.23359375 0.63125 0.0921875 0.1625
4 0.3875 0.63515625 0.1 0.1703125
4 0.484375 0.65 0.10625 0.2
5 0.47421875 0.775 0.1390625 0.45
5 0.37890625 0.775 0.1265625 0.45
5 0.23671875 0.775 0.1171875 0.45
5 0.1375 0.74765625 0.103125 0.3953125
5 0.05234375 0.7265625 0.0984375 0.353125
5 0.0375 0.775 0.075 0.45