1 0.2078125 0.1828125 0.415625 0.340625
2 0.209375 0.03515625 0.41875 0.0703125
4 0.3546875 0.3109375 0.709375 0.1375
5 0.3546875 0.18984375 0.709375 0.3796875
0 0.86015625 0.26796875 0.0359375 0.0484375
0 0.99296875 0.2046875 0.0140625 0.078125
7 0.8609375 0.3515625 0.0875 0.05625
3 0.859375 0.30859375 0.028125 0.028125
5 0.96015625 0.22734375 0.0796875 0.3046875
5 0.859375 0.275 0.18125 0.209375
0 0.053125 0.4265625 0.10625 0.09375
7 0.17421875 0.66953125 0.1921875 0.39375
5 0.16015625 0.68984375 0.3203125 0.6203125
3 0.9953125 0.75078125 0.009375 0.0265625
3 0.95546875 0.71875 0.0234375 0.0203125
3 0.88984375 0.74140625 0.0296875 0.025
3 0.85078125 0.740625 0.025 0.021875
3 0.79765625 0.77578125 0.025 0.0234375
3 0.7734375 0.73359375 0.0203125 0.021875
3 0.7421875 0.7609375 0.0234375 0.021875
0 0.734375 0.7234375 0.0390625 0.040625
0 0.77109375 0.69375 0.0375 0.0390625
0 0.7953125 0.73125 0.0421875 0.0453125
0 0.84296875 0.69765625 0.0421875 0.040625
0 0.884375 0.6953125 0.05 0.05
0 0.946875 0.675 0.0484375 0.05
0 0.98515625 0.69375 0.0296875 0.05625
7 0.7203125 0.765625 0.021875 0.09375
7 0.73671875 0.8734375 0.0546875 0.165625
7 0.76796875 0.85078125 0.06875 0.15
7 0.77421875 0.76953125 0.0328125 0.0390625
7 0.8125 0.8578125 0.10625 0.1640625
7 0.8578125 0.78359375 0.059375 0.0828125
7 0.90546875 0.8265625 0.134375 0.1703125
7 0.9546875 0.80625 0.090625 0.165625
7 0.97578125 0.84375 0.0484375 0.221875
5 0.740625 0.828125 0.0625 0.34375
5 0.75 0.8578125 0.08125 0.284375
5 0.765625 0.85 0.1125 0.3
5 0.79375 0.8375 0.109375 0.325
5 0.81796875 0.85234375 0.1578125 0.2953125
5 0.86171875 0.8359375 0.1171875 0.328125
5 0.90859375 0.8328125 0.1828125 0.334375
5 0.94453125 0.82265625 0.1109375 0.3546875
5 0.9609375 0.82890625 0.078125 0.3421875