1 0.3375 0.13828125 0.484375 0.2765625
4 0.28984375 0.3703125 0.5796875 0.4375
5 0.28984375 0.29453125 0.5796875 0.5890625
6 0.7234375 0.52421875 0.03125 0.0484375
6 0.77421875 0.4640625 0.015625 0.025
6 0.79140625 0.44453125 0.0109375 0.0171875
6 0.8015625 0.43203125 0.0078125 0.0140625
6 0.80625 0.42578125 0.00625 0.0125
6 0.8109375 0.42109375 0.00625 0.0109375
6 0.815625 0.4140625 0.0078125 0.015625
6 0.984375 0.45703125 0.0234375 0.0375
6 0.9328125 0.4359375 0.0140625 0.0234375
6 0.9125 0.42734375 0.0125 0.0203125
6 0.88671875 0.41640625 0.0078125 0.0140625
6 0.878125 0.41328125 0.00625 0.0109375
6 0.875 0.41171875 0.00625 0.009375
6 0.871875 0.40703125 0.0046875 0.0140625
6 0.81796875 0.41484375 0.003125 0.009375
6 0.821875 0.4125 0.0046875 0.00625
6 0.83046875 0.41015625 0.0046875 0.00625
6 0.846875 0.40703125 0.0046875 0.00625
6 0.86328125 0.40390625 0.003125 0.00625
6 0.87578125 0.40546875 0.003125 0.0078125
6 0.878125 0.40390625 0.003125 0.0078125
6 0.8859375 0.4015625 0.0046875 0.00625
6 0.8984375 0.3984375 0.0046875 0.00625
6 0.92109375 0.39375 0.0046875 0.00625
6 0.95546875 0.3890625 0.0046875 0.0078125
6 0.98515625 0.3859375 0.0046875 0.0078125
6 0.70625 0.415625 0.0046875 0.00625
6 0.70859375 0.41015625 0.003125 0.0078125
9 0.78984375 0.525 0.4203125 0.128125
2 0.64375 0.4140625 0.00625 0.0046875
2 0.66640625 0.39921875 0.003125 0.0046875
2 0.6796875 0.41328125 0.003125 0.0046875
2 0.6859375 0.41875 0.003125 0.0046875
2 0.7109375 0.3828125 0.00625 0.00625
4 0.7140625 0.39921875 0.0109375 0.0203125
4 0.6671875 0.41015625 0.00625 0.0140625
4 0.6421875 0.425 0.0078125 0.0109375
4 0.67109375 0.42109375 0.0078125 0.0109375
5 0.646875 0.43046875 0.01875 0.040625
5 0.665625 0.40703125 0.0109375 0.0203125
5 0.6765625 0.425 0.021875 0.034375
5 0.68046875 0.4171875 0.009375 0.0125
5 0.6875 0.42421875 0.0125 0.01875
5 0.70703125 0.421875 0.00625 0.0234375
5 0.715625 0.41171875 0.021875 0.0671875
1 0.415625 0.66328125 0.2125 0.1484375
4 0.37578125 0.86171875 0.4078125 0.2765625
5 0.29140625 0.79453125 0.5765625 0.4109375
1 0.746875 0.8265625 0.334375 0.346875
4 0.78984375 0.9203125 0.4203125 0.159375
5 0.78984375 0.79453125 0.4203125 0.4109375