2 0.7453125 0.265625 0.509375 0.259375
5 0.7453125 0.2671875 0.509375 0.303125
7 0.41328125 0.2328125 0.11875 0.33125
3 0.40078125 0.01015625 0.0390625 0.0203125
5 0.34453125 0.209375 0.2921875 0.41875
8 0.2453125 0.209375 0.490625 0.41875
9 0.65859375 0.57734375 0.29375 0.2890625
9 0.87890625 0.58515625 0.2421875 0.2921875
9 0.94375 0.77578125 0.1125 0.4484375
3 0.05390625 0.45859375 0.0875 0.0453125
7 0.1171875 0.625 0.234375 0.3
7 0.35703125 0.58671875 0.2671875 0.3359375
5 0.14140625 0.709375 0.2828125 0.58125
5 0.3359375 0.709375 0.309375 0.58125