2 0.71328125 0.0265625 0.0359375 0.0265625
4 0.7078125 0.0890625 0.075 0.10625
5 0.7296875 0.15234375 0.171875 0.3046875
3 0.26875 0.27265625 0.0234375 0.021875
3 0.25703125 0.22734375 0.01875 0.0203125
3 0.221875 0.24375 0.021875 0.0203125
3 0.17734375 0.1875 0.025 0.021875
3 0.175 0.25234375 0.021875 0.0203125
3 0.109375 0.1875 0.021875 0.0203125
3 0.11328125 0.25078125 0.0234375 0.0234375
3 0.07421875 0.2171875 0.021875 0.021875
3 0.01015625 0.17109375 0.0203125 0.0234375
3 0.0390625 0.23828125 0.025 0.0265625
0 0.01484375 0.13359375 0.0296875 0.0359375
0 0.04453125 0.190625 0.040625 0.0421875
0 0.078125 0.1796875 0.0359375 0.0390625
0 0.1109375 0.1546875 0.0328125 0.034375
0 0.11640625 0.20859375 0.0390625 0.040625
0 0.18203125 0.15234375 0.034375 0.034375
0 0.18125 0.215625 0.0375 0.040625
0 0.22421875 0.2078125 0.0375 0.0375
0 0.265625 0.190625 0.034375 0.0375
0 0.278125 0.23125 0.040625 0.04375
7 0.01484375 0.2109375 0.0296875 0.065625
7 0.04296875 0.31640625 0.0859375 0.1703125
7 0.1078125 0.33046875 0.0890625 0.1453125
7 0.07421875 0.24609375 0.046875 0.0625
7 0.11484375 0.228125 0.065625 0.05625
7 0.17109375 0.2359375 0.0796875 0.0890625
7 0.17265625 0.34375 0.0859375 0.15625
7 0.22265625 0.33359375 0.0640625 0.1421875
7 0.2484375 0.2609375 0.0296875 0.0359375
7 0.25703125 0.3515625 0.0859375 0.15625
5 0.02109375 0.3125 0.0421875 0.39375
5 0.046875 0.37109375 0.09375 0.4171875
5 0.06015625 0.35546875 0.1046875 0.3953125
5 0.08984375 0.32734375 0.0859375 0.378125
5 0.09765625 0.3828125 0.1390625 0.39375
5 0.1609375 0.328125 0.1265625 0.390625
5 0.16328125 0.38515625 0.1203125 0.3890625
5 0.20546875 0.38359375 0.1046875 0.3921875
5 0.23984375 0.36484375 0.0953125 0.3875
5 0.23984375 0.3921875 0.1203125 0.375
5 0.27734375 0.3734375 0.0453125 0.375
5 0.27734375 0.38515625 0.0453125 0.3890625
8 0.6203125 0.78984375 0.640625 0.4203125