8 0.36484375 0.6796875 0.2328125 0.253125
8 0.22890625 0.56875 0.4578125 0.478125
5 0.24921875 0.58125 0.040625 0.0640625
2 0.9484375 0.58359375 0.053125 0.0578125
0 0.9109375 0.3953125 0.08125 0.0859375
0 0.7234375 0.36171875 0.065625 0.0640625
0 0.6125 0.36640625 0.046875 0.0734375
3 0.59921875 0.46953125 0.0203125 0.0609375
3 0.71640625 0.45625 0.04375 0.0453125
3 0.896875 0.4921875 0.0453125 0.053125
4 0.978125 0.721875 0.04375 0.3125
4 0.903125 0.8359375 0.15625 0.328125
7 0.87421875 0.66640625 0.1609375 0.3390625
7 0.69140625 0.63046875 0.159375 0.3265625
7 0.61328125 0.65703125 0.0484375 0.3578125
5 0.95078125 0.69609375 0.0984375 0.6078125
5 0.90078125 0.76875 0.1984375 0.4625
5 0.8546875 0.66953125 0.25 0.6609375
5 0.69609375 0.66484375 0.2140625 0.6703125
5 0.63125 0.66484375 0.084375 0.6703125