5 0.278125 0.28984375 0.24375 0.5796875
5 0.134375 0.28984375 0.26875 0.5796875
4 0.32578125 0.37265625 0.1484375 0.4140625
4 0.1234375 0.4046875 0.246875 0.35
1 0.13203125 0.13828125 0.1609375 0.246875
1 0.3578125 0.08046875 0.084375 0.1609375
5 0.82421875 0.24609375 0.0953125 0.2140625
5 0.9625 0.221875 0.075 0.225
4 0.80546875 0.2015625 0.03125 0.0484375
4 0.978125 0.1765625 0.0359375 0.0625
0 0.803125 0.15625 0.021875 0.0265625
3 0.80859375 0.17421875 0.00625 0.0078125
3 0.96796875 0.14609375 0.0046875 0.0078125
0 0.9703125 0.12421875 0.021875 0.0234375
5 0.24375 0.78984375 0.3125 0.4203125
2 0.31640625 0.60859375 0.1671875 0.0578125
1 0.32578125 0.71875 0.1484375 0.221875
8 0.7 0.78984375 0.6 0.4203125
2 0.609375 0.64609375 0.0125 0.015625
3 0.61328125 0.65703125 0.0078125 0.0078125
4 0.61640625 0.684375 0.0234375 0.0421875
5 0.61875 0.675 0.0328125 0.0765625