5 0.259375 0.26953125 0.4 0.5390625
5 0.4953125 0.26953125 0.26875 0.5390625
4 0.24375 0.34765625 0.25 0.3828125
4 0.50546875 0.375 0.2484375 0.328125
1 0.4921875 0.121875 0.159375 0.24375
1 0.234375 0.075 0.13125 0.15
2 0.6671875 0.1609375 0.075 0.1875
5 0.71640625 0.29453125 0.1734375 0.4890625
4 0.18984375 0.5984375 0.1890625 0.11875
3 0.0859375 0.59453125 0.053125 0.10625
5 0.29921875 0.67578125 0.5984375 0.2734375
9 0.9125 0.9828125 0.034375 0.03125
9 0.87109375 0.975 0.0296875 0.025
9 0.84296875 0.9640625 0.034375 0.028125
8 0.7515625 0.984375 0.0375 0.03125
0 0.8171875 0.978125 0.021875 0.0375
4 0.8265625 0.9921875 0.03125 0.015625
5 0.828125 0.98046875 0.059375 0.0390625