3 0.278125 0.3734375 0.1484375 0.1265625
3 0.07265625 0.1484375 0.021875 0.0203125
2 0.06484375 0.11015625 0.0375 0.03125
2 0.22734375 0.0734375 0.2078125 0.146875
5 0.35390625 0.08984375 0.0734375 0.1140625
5 0.08671875 0.23203125 0.1625 0.2921875
5 0.234375 0.33984375 0.46875 0.6796875
4 0.290625 0.525 0.35625 0.309375
4 0.08046875 0.16484375 0.065625 0.059375
7 0.84921875 0.11328125 0.3015625 0.2265625
5 0.78828125 0.33984375 0.4234375 0.6796875
3 0.19609375 0.95078125 0.0765625 0.059375
2 0.17734375 0.8484375 0.15 0.134375
5 0.18203125 0.88671875 0.3640625 0.2265625
3 0.9703125 0.8359375 0.059375 0.1125
5 0.875 0.83984375 0.25 0.3203125