1 0.81328125 0.25625 0.3734375 0.2875
2 0.80078125 0.0734375 0.3984375 0.146875
5 0.7 0.2 0.6 0.4
5 0.00546875 0.11328125 0.0109375 0.1015625
2 0.03984375 0.20078125 0.0796875 0.1140625
2 0.14296875 0.053125 0.0375 0.0390625
2 0.1703125 0.1609375 0.1109375 0.103125
2 0.2171875 0.01328125 0.034375 0.0265625
2 0.3953125 0.05390625 0.009375 0.0640625
1 0.2296875 0.06015625 0.0328125 0.0421875
1 0.29140625 0.0953125 0.13125 0.184375
1 0.14765625 0.09609375 0.0265625 0.0296875
1 0.19609375 0.2515625 0.075 0.0953125
1 0.03203125 0.32734375 0.0640625 0.1296875
4 0.2171875 0.33515625 0.234375 0.1296875
4 0.29921875 0.2453125 0.2015625 0.309375
4 0.228125 0.13515625 0.0484375 0.0765625
1 0.7703125 0.69609375 0.459375 0.3140625
2 0.78359375 0.4859375 0.4328125 0.171875
4 0.7296875 0.84921875 0.540625 0.3015625
5 0.7 0.7 0.6 0.6
1 0.3078125 0.87421875 0.184375 0.2515625
1 0.12734375 0.88359375 0.2546875 0.2328125