4 0.2140625 0.16796875 0.25 0.2265625
5 0.16953125 0.15 0.3390625 0.3
3 0.28671875 0.496875 0.1046875 0.10625
2 0.2875 0.325 0.103125 0.1125
5 0.1875 0.3984375 0.303125 0.303125
1 0.65703125 0.46875 0.3609375 0.1625
2 0.63828125 0.1421875 0.4171875 0.284375
5 0.66953125 0.275 0.6609375 0.55
8 0.16953125 0.775 0.3390625 0.45
8 0.16328125 0.8109375 0.3265625 0.378125
7 0.2828125 0.98046875 0.028125 0.0390625
4 0.23046875 0.98984375 0.0109375 0.0203125
5 0.2109375 0.96875 0.065625 0.0625
8 0.47265625 0.73359375 0.1625 0.25
8 0.69921875 0.7453125 0.2328125 0.2015625
8 0.7015625 0.64609375 0.1 0.09375
7 0.875 0.60859375 0.009375 0.0140625
0 0.875 0.59609375 0.00625 0.00625
5 0.87578125 0.60625 0.0125 0.0328125
5 0.37109375 0.984375 0.0140625 0.03125