5 0.334375 0.24453125 0.66875 0.4890625
4 0.3703125 0.28828125 0.459375 0.4015625
1 0.31484375 0.075 0.2359375 0.15
8 0.834375 0.24453125 0.33125 0.4890625
8 0.334375 0.74453125 0.66875 0.5109375
4 0.4 0.8265625 0.059375 0.06875
2 0.37578125 0.775 0.028125 0.021875
3 0.38125 0.79375 0.0234375 0.01875
5 0.4078125 0.86015625 0.1015625 0.2109375
0 0.6984375 0.86796875 0.059375 0.1015625
4 0.71484375 0.96171875 0.0921875 0.0765625
3 0.7 0.9296875 0.0375 0.040625
5 0.78046875 0.89921875 0.2234375 0.2015625