4 0.2390625 0.134375 0.38125 0.26875
5 0.284375 0.134375 0.56875 0.26875
0 0.62578125 0.23671875 0.1140625 0.0640625
0 0.63359375 0.06484375 0.115625 0.0875
0 0.83984375 0.0890625 0.0640625 0.0296875
3 0.62578125 0.09140625 0.0421875 0.0296875
4 0.85234375 0.15546875 0.0640625 0.06875
4 0.70625 0.175 0.196875 0.1875
5 0.84375 0.13984375 0.0796875 0.1265625
5 0.6828125 0.14140625 0.228125 0.2546875
8 0.22109375 0.634375 0.4421875 0.73125
8 0.48359375 0.746875 0.1703125 0.315625
1 0.67421875 0.6203125 0.2109375 0.271875
2 0.68828125 0.3640625 0.2390625 0.153125
4 0.778125 0.8796875 0.41875 0.240625
5 0.784375 0.6359375 0.43125 0.728125