5 0.10625 0.23984375 0.2125 0.4796875
0 0.603125 0.12109375 0.1 0.065625
0 0.4109375 0.13203125 0.121875 0.0796875
0 0.76328125 0.171875 0.1171875 0.0734375
4 0.77890625 0.34453125 0.1671875 0.1859375
4 0.5765625 0.28046875 0.14375 0.1578125
4 0.4125 0.28828125 0.125 0.1546875
3 0.4171875 0.19609375 0.0609375 0.034375
3 0.60546875 0.184375 0.046875 0.0375
3 0.740625 0.23203125 0.0484375 0.034375
5 0.428125 0.28203125 0.15625 0.3953125
5 0.39296875 0.23984375 0.0859375 0.4796875
5 0.609375 0.28125 0.265625 0.396875
5 0.765625 0.3046875 0.225 0.35