5 0.27734375 0.209375 0.5546875 0.41875
4 0.2703125 0.20859375 0.35625 0.4171875
1 0.80390625 0.25859375 0.3484375 0.3203125
5 0.81484375 0.209375 0.3703125 0.41875
7 0.42734375 0.5203125 0.1640625 0.190625
0 0.54296875 0.47265625 0.0671875 0.1078125
3 0.5171875 0.5078125 0.021875 0.05625
5 0.4484375 0.653125 0.265625 0.46875
0 0.99453125 0.5109375 0.0109375 0.021875
0 0.9625 0.4875 0.0375 0.040625
0 0.9703125 0.540625 0.059375 0.071875
0 0.91171875 0.56796875 0.01875 0.0234375
0 0.890625 0.55703125 0.0109375 0.009375
7 0.89375 0.5796875 0.0125 0.028125
0 0.875 0.55625 0.0234375 0.0234375
0 0.834375 0.53828125 0.0296875 0.0265625
0 0.77421875 0.55546875 0.021875 0.0234375
0 0.73125 0.56484375 0.0203125 0.021875
0 0.6796875 0.56015625 0.0359375 0.0265625
0 0.64609375 0.5703125 0.0328125 0.0375
7 0.6578125 0.7 0.05625 0.146875
7 0.6828125 0.64375 0.059375 0.1078125
7 0.7328125 0.64375 0.05625 0.090625
7 0.775 0.6390625 0.03125 0.1015625
7 0.83203125 0.6296875 0.05625 0.109375
7 0.87265625 0.628125 0.0453125 0.09375
7 0.9078125 0.62890625 0.034375 0.0796875
7 0.99609375 0.584375 0.0078125 0.078125
7 0.94296875 0.59765625 0.046875 0.128125
7 0.96953125 0.7296875 0.0609375 0.240625
3 0.9984375 0.5359375 0.003125 0.0125
3 0.996875 0.590625 0.00625 0.028125
3 0.91328125 0.58828125 0.0078125 0.009375
3 0.87578125 0.5828125 0.0125 0.0125
3 0.834375 0.56796875 0.01875 0.0140625
1 0.77109375 0.578125 0.0078125 0.0203125
3 0.73203125 0.58984375 0.015625 0.0140625
3 0.6859375 0.59140625 0.0125 0.015625
3 0.65234375 0.60546875 0.0140625 0.0203125
5 0.665625 0.703125 0.071875 0.30625
5 0.6828125 0.69296875 0.059375 0.29375
5 0.7359375 0.68046875 0.0640625 0.25625
5 0.76484375 0.67890625 0.0734375 0.275
5 0.8375 0.67265625 0.0671875 0.296875
5 0.890625 0.57265625 0.0171875 0.040625
5 0.8765625 0.665625 0.0546875 0.24375
5 0.91015625 0.65859375 0.0390625 0.2078125
5 0.9515625 0.68828125 0.075 0.44375
5 0.99453125 0.571875 0.0109375 0.15
5 0.96640625 0.75078125 0.0671875 0.4984375