2 0.11953125 0.28203125 0.2390625 0.3734375
5 0.171875 0.390625 0.34375 0.596875
4 0.1375 0.58671875 0.275 0.2046875
1 0.09453125 0.56796875 0.1734375 0.1453125
8 0.73359375 0.46953125 0.3890625 0.3828125
8 0.87734375 0.5546875 0.2453125 0.26875
2 0.7421875 0.415625 0.0125 0.0203125
3 0.73671875 0.434375 0.0109375 0.0078125
4 0.7328125 0.446875 0.025 0.0359375
5 0.7328125 0.4890625 0.040625 0.1640625
9 0.96953125 0.41015625 0.0609375 0.0453125
8 0.36328125 0.84453125 0.3515625 0.3109375
0 0.2734375 0.88828125 0.040625 0.040625
0 0.23359375 0.88046875 0.028125 0.034375
0 0.196875 0.8515625 0.040625 0.0421875
0 0.0921875 0.87890625 0.025 0.03125
0 0.0734375 0.84296875 0.028125 0.0328125
0 0.02578125 0.9140625 0.03125 0.025
3 0.184375 0.88671875 0.0125 0.0125
3 0.23828125 0.91171875 0.0171875 0.01875
3 0.26640625 0.9296875 0.01875 0.01875
7 0.30078125 0.95859375 0.0671875 0.0828125
7 0.24140625 0.95546875 0.0453125 0.0890625
7 0.19453125 0.94765625 0.0640625 0.1046875
7 0.11015625 0.9859375 0.0296875 0.028125
7 0.0765625 0.94375 0.05625 0.1125
7 0.02265625 0.9671875 0.0390625 0.065625
5 0.025 0.9484375 0.046875 0.103125
5 0.06953125 0.91171875 0.0828125 0.1765625
5 0.103125 0.93125 0.0625 0.1375
5 0.19140625 0.91328125 0.0734375 0.1734375
5 0.24296875 0.9296875 0.0484375 0.140625
5 0.29296875 0.93359375 0.0859375 0.1328125
8 0.80625 0.9265625 0.3875 0.146875