8 0.71796875 0.2109375 0.4578125 0.421875
4 0.0390625 0.89140625 0.078125 0.2171875
4 0.08828125 0.896875 0.0953125 0.20625
4 0.1453125 0.86953125 0.1109375 0.1671875
4 0.25546875 0.8859375 0.140625 0.203125
4 0.42421875 0.8390625 0.1296875 0.321875
5 0.24453125 0.85859375 0.1671875 0.2828125
5 0.38828125 0.775 0.2015625 0.45
1 0.48046875 0.69765625 0.0171875 0.0828125
1 0.0203125 0.78046875 0.040625 0.0546875
1 0.05390625 0.79609375 0.0296875 0.05
1 0.0921875 0.79609375 0.0390625 0.040625
1 0.1390625 0.78203125 0.0421875 0.0390625
1 0.24375 0.7875 0.04375 0.04375
2 0.24921875 0.73359375 0.04375 0.03125
2 0.1296875 0.728125 0.05 0.0296875
2 0.0796875 0.740625 0.0484375 0.03125
2 0.015625 0.71171875 0.03125 0.0421875
6 0.80234375 0.63828125 0.2296875 0.1765625
2 0.98125 0.72265625 0.0375 0.1109375
5 0.8625 0.77578125 0.275 0.4484375