3 0.740625 0.18125 0.0875 0.0484375
0 0.7265625 0.08359375 0.1765625 0.103125
7 0.9640625 0.3390625 0.071875 0.315625
7 0.76171875 0.34140625 0.334375 0.303125
5 0.94296875 0.2921875 0.1140625 0.553125
5 0.78046875 0.28828125 0.4390625 0.5609375
5 0.62265625 0.284375 0.1234375 0.56875
0 0.00703125 0.09609375 0.0140625 0.0171875
5 0.0203125 0.1734375 0.040625 0.175
7 0.31796875 0.18125 0.034375 0.0640625
7 0.4390625 0.29375 0.03125 0.0453125
7 0.48515625 0.30859375 0.0375 0.06875
7 0.4640625 0.36171875 0.0390625 0.0703125
0 0.4796875 0.25625 0.01875 0.021875
0 0.434375 0.2515625 0.0203125 0.025
0 0.3109375 0.12890625 0.01875 0.0234375
5 0.3203125 0.2109375 0.05625 0.1953125
5 0.44375 0.33125 0.0515625 0.1875
5 0.4671875 0.39296875 0.0765625 0.1890625
5 0.4921875 0.34296875 0.0625 0.2015625
8 0.78046875 0.784375 0.4390625 0.43125
5 0.91328125 0.83671875 0.025 0.0578125
7 0.91328125 0.840625 0.01875 0.034375
8 0.28046875 0.74765625 0.5609375 0.3578125