0 0.77734375 0.0234375 0.1703125 0.046875
4 0.8828125 0.33671875 0.234375 0.4640625
5 0.7890625 0.29453125 0.421875 0.5890625
3 0.8265625 0.09375 0.0828125 0.0703125
4 0.01953125 0.08828125 0.0390625 0.1765625
4 0.04921875 0.07890625 0.0984375 0.1578125
4 0.10546875 0.053125 0.1140625 0.10625
4 0.21875 0.07109375 0.146875 0.1421875
4 0.4078125 0.0796875 0.165625 0.159375
7 0.07734375 0.33671875 0.1546875 0.2515625
7 0.29765625 0.38203125 0.2453125 0.4140625
1 0.359375 0.2828125 0.0234375 0.0453125
0 0.36328125 0.22890625 0.05625 0.071875
0 0.4765625 0.184375 0.028125 0.103125
7 0.44140625 0.43359375 0.0984375 0.3109375
5 0.39140625 0.3609375 0.1203125 0.34375
5 0.4234375 0.36015625 0.134375 0.4578125
5 0.2453125 0.38125 0.35 0.415625
5 0.1046875 0.4015625 0.209375 0.375
5 0.21015625 0.07890625 0.1734375 0.1578125
5 0.37109375 0.08515625 0.2390625 0.1703125
8 0.7453125 0.83125 0.509375 0.3375
5 0.796875 0.86640625 0.015625 0.04375
3 0.08125 0.6359375 0.1625 0.09375
7 0.253125 0.79453125 0.475 0.4109375
5 0.2453125 0.79453125 0.490625 0.4109375