0 0.396875 0.04765625 0.175 0.0953125
7 0.0703125 0.2796875 0.140625 0.240625
7 0.19140625 0.2 0.3703125 0.4
7 0.4390625 0.31015625 0.3 0.1796875
3 0.43359375 0.19140625 0.090625 0.0953125
5 0.14375 0.2 0.2875 0.4
5 0.22890625 0.2 0.4578125 0.4
5 0.41875 0.2 0.340625 0.4
5 0.5140625 0.2 0.15 0.4
7 0.89453125 0.29453125 0.2109375 0.2109375
0 0.91328125 0.22890625 0.1125 0.190625
5 0.87578125 0.25859375 0.2484375 0.2828125
4 0.51015625 0.53125 0.1578125 0.2625
7 0.23671875 0.58359375 0.2796875 0.3671875
4 0.04375 0.621875 0.0875 0.44375
5 0.12578125 0.7 0.2515625 0.6
5 0.27421875 0.7 0.4734375 0.6
5 0.45625 0.7 0.265625 0.6
8 0.79453125 0.7 0.4109375 0.6