4 0.209375 0.25546875 0.41875 0.3671875
5 0.209375 0.21953125 0.41875 0.4390625
3 0.096875 0.12109375 0.19375 0.2421875
3 0.003125 0.75078125 0.00625 0.0234375
3 0.0203125 0.71171875 0.0203125 0.021875
3 0.04921875 0.7390625 0.0234375 0.021875
3 0.109375 0.69765625 0.0265625 0.0234375
3 0.090625 0.76015625 0.025 0.021875
3 0.1734375 0.71875 0.021875 0.021875
3 0.15 0.778125 0.0265625 0.025
3 0.1984375 0.75859375 0.0234375 0.0234375
3 0.2765625 0.73515625 0.025 0.025
3 0.41484375 0.8046875 0.0078125 0.025
3 0.3734375 0.81953125 0.028125 0.028125
3 0.3109375 0.7859375 0.03125 0.025
3 0.22578125 0.7890625 0.0265625 0.0265625
0 0.38671875 0.7765625 0.0515625 0.05
0 0.3203125 0.74609375 0.04375 0.04375
0 0.284375 0.69765625 0.0359375 0.0390625
0 0.23515625 0.74140625 0.04375 0.04375
0 0.20625 0.72109375 0.0375 0.0421875
0 0.1828125 0.68671875 0.034375 0.0359375
0 0.159375 0.73671875 0.0421875 0.0421875
0 0.115625 0.6625 0.0359375 0.0359375
0 0.096875 0.7234375 0.040625 0.04375
0 0.0578125 0.7046875 0.0390625 0.040625
0 0.02421875 0.67421875 0.0375 0.0390625
0 0.01015625 0.70859375 0.0203125 0.0453125
7 0.396875 0.85859375 0.04375 0.0828125
7 0.35234375 0.90546875 0.1328125 0.1890625
7 0.29375 0.86171875 0.1234375 0.1640625
7 0.27265625 0.7765625 0.0671875 0.0703125
7 0.21171875 0.86796875 0.125 0.178125
7 0.1296875 0.8578125 0.0984375 0.153125
7 0.1890625 0.78671875 0.0515625 0.065625
7 0.15546875 0.75546875 0.06875 0.0625
7 0.1 0.74609375 0.0859375 0.0953125
7 0.06484375 0.84921875 0.096875 0.1640625
7 0.028125 0.82421875 0.05625 0.1453125
7 0.0171875 0.746875 0.03125 0.0390625
7 0.01484375 0.8296875 0.0296875 0.1625
5 0.3734375 0.86796875 0.090625 0.2640625
5 0.32734375 0.8703125 0.1828125 0.259375
5 0.2796875 0.85703125 0.178125 0.2859375
5 0.24921875 0.8375 0.1328125 0.325
5 0.19765625 0.85546875 0.1796875 0.2890625
5 0.16796875 0.84765625 0.1328125 0.3046875
5 0.14765625 0.834375 0.1140625 0.33125
5 0.1203125 0.85625 0.16875 0.2875
5 0.0796875 0.81953125 0.153125 0.3609375
5 0.06484375 0.84765625 0.1296875 0.3046875
5 0.04375 0.83984375 0.0875 0.3203125
5 0.02734375 0.8265625 0.0546875 0.346875
5 0.0265625 0.840625 0.053125 0.31875
3 0.62890625 0.81015625 0.2046875 0.1734375
0 0.696875 0.5609375 0.434375 0.24375
4 0.62265625 0.915625 0.4078125 0.16875
5 0.709375 0.71953125 0.58125 0.5609375