5 0.8484375 0.1109375 0.228125 0.221875
5 0.6578125 0.14296875 0.134375 0.2859375
6 0.97734375 0.5390625 0.0453125 0.409375
3 0.8671875 0.95390625 0.0765625 0.0765625
2 0.8453125 0.78359375 0.1171875 0.1109375
5 0.85 0.8421875 0.3 0.315625
6 0.45546875 0.6484375 0.05625 0.1078125
6 0.23828125 0.56953125 0.03125 0.0625
6 0.11875 0.5515625 0.01875 0.0453125
6 0.06796875 0.5421875 0.0140625 0.0359375
6 0.35546875 0.51328125 0.0109375 0.028125
6 0.428125 0.51015625 0.0125 0.028125
6 0.48828125 0.5046875 0.0078125 0.025
6 0.3140625 0.503125 0.0109375 0.0234375
6 0.0359375 0.53828125 0.0109375 0.0234375
9 0.2953125 0.80078125 0.590625 0.3984375