1 0.0671875 0.203125 0.034375 0.040625
1 0.1640625 0.19296875 0.0375 0.04375
1 0.28828125 0.24140625 0.0375 0.0375
1 0.21953125 0.24921875 0.021875 0.021875
1 0.43828125 0.153125 0.0390625 0.0578125
1 0.553125 0.18125 0.0421875 0.0703125
1 0.7125 0.196875 0.053125 0.0671875
1 0.95625 0.11953125 0.05 0.084375
1 0.625 0.24921875 0.0203125 0.01875
1 0.59375 0.23125 0.01875 0.0125
2 0.5953125 0.203125 0.0234375 0.01875
2 0.628125 0.20078125 0.0296875 0.0296875
4 0.621875 0.30234375 0.053125 0.1265625
5 0.59453125 0.2140625 0.028125 0.0515625
5 0.62265625 0.278125 0.0546875 0.184375
5 0.71171875 0.54453125 0.1546875 0.9109375
5 0.5078125 0.52421875 0.1734375 0.90625
5 0.3953125 0.4546875 0.15 0.784375
5 0.215625 0.271875 0.025 0.0953125
5 0.27109375 0.4609375 0.109375 0.6203125
5 0.9046875 0.5 0.165625 1
4 0.90859375 0.3578125 0.121875 0.36875
2 0.94140625 0.03828125 0.078125 0.075
2 0.0609375 0.15703125 0.0421875 0.0328125
2 0.15234375 0.1421875 0.04375 0.0296875
4 0.0640625 0.33125 0.0765625 0.1890625
4 0.15703125 0.31640625 0.090625 0.20625
4 0.26875 0.3140625 0.0703125 0.1296875
4 0.415625 0.31484375 0.0921875 0.2484375
4 0.525 0.3375 0.1140625 0.2390625
4 0.7046875 0.37890625 0.1125 0.2796875
5 0.05546875 0.41015625 0.1109375 0.5390625
5 0.14765625 0.42734375 0.128125 0.6046875