1 0.27265625 0.4625 0.18125 0.1203125
1 0.50546875 0.37109375 0.0484375 0.0828125
1 0.428125 0.3234375 0.1015625 0.0890625
2 0.01953125 0.56328125 0.0390625 0.0546875
2 0.03828125 0.34375 0.0765625 0.125
2 0.31640625 0.33125 0.271875 0.1296875
2 0.384375 0.23828125 0.1375 0.0875
2 0.49375 0.22265625 0.071875 0.1078125
5 0.49296875 0.34375 0.0734375 0.346875
5 0.425 0.27265625 0.1734375 0.1703125
5 0.28515625 0.43515625 0.4890625 0.4078125
5 0.04140625 0.371875 0.0828125 0.2
5 0.1359375 0.4328125 0.271875 0.4125
4 0.721875 0.071875 0.384375 0.14375
5 0.76484375 0.259375 0.4703125 0.51875
8 0.26484375 0.81953125 0.5296875 0.3609375
8 0.76484375 0.81953125 0.4703125 0.3609375