4 0.5984375 0.40234375 0.2375 0.2140625
3 0.60703125 0.225 0.06875 0.0828125
2 0.6046875 0.05703125 0.09375 0.090625
5 0.70703125 0.2546875 0.5359375 0.509375
5 0.18125 0.7546875 0.3625 0.490625
2 0.9125 0.76953125 0.009375 0.0109375
2 0.89921875 0.76796875 0.0109375 0.0109375
3 0.54921875 0.78359375 0.00625 0.0171875
2 0.56640625 0.76171875 0.0140625 0.01875
2 0.553125 0.77265625 0.0109375 0.0171875
4 0.9109375 0.82421875 0.0140625 0.0625
4 0.89609375 0.82109375 0.0265625 0.0578125
3 0.90390625 0.78046875 0.0078125 0.0109375
3 0.91171875 0.7828125 0.00625 0.009375
4 0.553125 0.834375 0.025 0.078125
4 0.56328125 0.828125 0.015625 0.071875
4 0.57109375 0.815625 0.0171875 0.0796875
2 0.56171875 0.775 0.0078125 0.015625
5 0.56953125 0.83515625 0.046875 0.1703125
5 0.56015625 0.846875 0.0546875 0.1578125
5 0.54296875 0.85234375 0.0546875 0.171875
5 0.903125 0.84140625 0.0359375 0.1609375
5 0.89296875 0.8484375 0.059375 0.1734375