9 0.2078125 0.22109375 0.0875 0.1515625
9 0.1265625 0.2078125 0.0984375 0.0875
7 0.26875 0.20390625 0.1 0.2828125
0 0.29296875 0.0140625 0.0515625 0.028125
5 0.2515625 0.2546875 0.134375 0.509375
6 0.5515625 0.36796875 0.0328125 0.103125
6 0.3921875 0.32421875 0.0265625 0.0765625
6 0.69765625 0.22421875 0.0140625 0.0390625
6 0.81484375 0.21640625 0.0109375 0.0359375
6 0.4625 0.221875 0.0109375 0.034375
6 0.96015625 0.20078125 0.0125 0.034375
6 0.54765625 0.22578125 0.0109375 0.034375
6 0.5546875 0.2109375 0.00625 0.0265625
6 0.63203125 0.21015625 0.009375 0.03125
6 0.75703125 0.20703125 0.009375 0.0265625
6 0.36171875 0.2015625 0.00625 0.0171875
6 0.88046875 0.45546875 0.0578125 0.1078125
6 0.99296875 0.196875 0.0109375 0.03125
6 0.8546875 0.19921875 0.0109375 0.0328125
6 0.52578125 0.20625 0.009375 0.028125
6 0.390625 0.20078125 0.0078125 0.0234375
6 0.9828125 0.19453125 0.0078125 0.021875
6 0.96796875 0.184375 0.0078125 0.01875
6 0.91796875 0.184375 0.0078125 0.0171875
6 0.9046875 0.20859375 0.0125 0.0328125
6 0.909375 0.1984375 0.00625 0.0234375
6 0.91171875 0.1953125 0.00625 0.01875
6 0.871875 0.1875 0.0078125 0.015625
6 0.846875 0.1953125 0.0078125 0.021875
6 0.83828125 0.196875 0.0078125 0.0203125
6 0.784375 0.196875 0.0078125 0.0203125
6 0.7640625 0.19921875 0.00625 0.0203125
6 0.7078125 0.19921875 0.00625 0.021875
6 0.66171875 0.19921875 0.0078125 0.0171875
6 0.65234375 0.19765625 0.0078125 0.0171875
6 0.66953125 0.18828125 0.0046875 0.0140625
6 0.64140625 0.18828125 0.0046875 0.0109375
6 0.61015625 0.2 0.00625 0.01875
6 0.596875 0.196875 0.00625 0.01875
6 0.56015625 0.1953125 0.00625 0.0171875
6 0.57734375 0.1875 0.0046875 0.0125
6 0.54921875 0.19921875 0.00625 0.0203125
6 0.5078125 0.20234375 0.0078125 0.0234375
6 0.49609375 0.2 0.0078125 0.021875
6 0.62109375 0.1859375 0.0046875 0.0125
6 0.4796875 0.19765625 0.0078125 0.025
6 0.47421875 0.19296875 0.00625 0.01875
6 0.4453125 0.19921875 0.0078125 0.0203125
6 0.41640625 0.21796875 0.009375 0.028125
6 0.3546875 0.2 0.00625 0.0171875
6 0.35 0.196875 0.0046875 0.015625
8 0.0859375 0.67734375 0.171875 0.3359375
8 0.65859375 0.7421875 0.3390625 0.465625