9 0.56875 0.06171875 0.0296875 0.034375
9 0.28203125 0.090625 0.0171875 0.040625
9 0.3171875 0.10234375 0.0890625 0.09375
9 0.36171875 0.1109375 0.0171875 0.040625
9 0.3890625 0.10078125 0.0515625 0.059375
4 0.7515625 0.10234375 0.225 0.2046875
4 0.86640625 0.1328125 0.2671875 0.265625
5 0.8390625 0.2296875 0.321875 0.459375
5 0.81171875 0.2296875 0.3453125 0.459375
5 0.68828125 0.16953125 0.0984375 0.3390625
3 0.140625 0.65625 0.2796875 0.253125
0 0.109375 0.63046875 0.21875 0.3421875
7 0.23203125 0.91328125 0.4640625 0.1734375
5 0.31953125 0.7296875 0.6390625 0.540625