8 0.26015625 0.13046875 0.5203125 0.2609375
8 0.284375 0.26484375 0.56875 0.5296875
5 0.43359375 0.2140625 0.2703125 0.428125
0 0.9578125 0.028125 0.084375 0.05625
3 0.95625 0.11953125 0.0546875 0.0546875
3 0.68671875 0.08515625 0.0578125 0.0625
7 0.67890625 0.3 0.2203125 0.440625
4 0.92421875 0.32578125 0.1515625 0.4078125
5 0.86171875 0.26484375 0.2765625 0.5296875
5 0.7 0.26484375 0.2625 0.5296875
3 0.54296875 0.57578125 0.0515625 0.0921875
4 0.48515625 0.79921875 0.1671875 0.4015625
5 0.44609375 0.76484375 0.2453125 0.4703125
2 0.72265625 0.7375 0.3078125 0.234375
5 0.784375 0.80703125 0.43125 0.3859375