8 0.76015625 0.08984375 0.4796875 0.1796875
5 0.87890625 0.08984375 0.2421875 0.1796875
6 0.36875 0.134375 0.303125 0.090625
6 0.6828125 0.6359375 0.1 0.1578125
6 0.94296875 0.37734375 0.1140625 0.2609375
6 0.6265625 0.30625 0.1625 0.253125
6 0.87109375 0.771875 0.065625 0.1203125
6 0.7515625 0.87734375 0.0390625 0.08125
6 0.76640625 0.92421875 0.03125 0.0765625
6 0.7328125 0.8375 0.0421875 0.090625
6 0.7453125 0.9609375 0.034375 0.078125
6 0.87265625 0.88203125 0.0453125 0.078125
6 0.721875 0.76484375 0.065625 0.1171875
6 0.88984375 0.65078125 0.0890625 0.1640625
6 0.853125 0.92109375 0.0328125 0.065625
6 0.834375 0.9625 0.028125 0.075
6 0.828125 0.97578125 0.025 0.0484375
8 0.29765625 0.6953125 0.2203125 0.240625
8 0.18125 0.5078125 0.3625 0.63125
5 0.17578125 0.6046875 0.0375 0.0640625