7 0.18828125 0.05234375 0.1734375 0.1046875
3 0.0984375 0.009375 0.025 0.01875
5 0.16015625 0.1890625 0.2921875 0.378125
8 0.21484375 0.74921875 0.4296875 0.4515625
7 0.29375 0.8578125 0.01875 0.0234375
5 0.29140625 0.865625 0.028125 0.053125
7 0.01875 0.69921875 0.0125 0.0125
5 0.0203125 0.69765625 0.01875 0.0265625
4 0.68671875 0.73984375 0.125 0.2140625
4 0.89921875 0.9625 0.2015625 0.075
4 0.92265625 0.88984375 0.0453125 0.0625
4 0.796875 0.88984375 0.153125 0.2203125
4 0.63671875 0.4375 0.2140625 0.05625
5 0.49765625 0.6296875 0.0484375 0.0703125
5 0.5921875 0.79765625 0.325 0.4046875
0 0.75234375 0.7171875 0.028125 0.0640625
0 0.77421875 0.7671875 0.040625 0.0375
0 0.80390625 0.740625 0.0203125 0.0421875
0 0.87265625 0.65546875 0.109375 0.0734375
0 0.91640625 0.7484375 0.0765625 0.0609375
0 0.94921875 0.8 0.04375 0.053125
0 0.98359375 0.77578125 0.0328125 0.1015625
5 0.60078125 0.5109375 0.3421875 0.203125
5 0.86015625 0.51484375 0.2359375 0.2109375
3 0.98046875 0.8953125 0.0390625 0.04375
3 0.93125 0.85234375 0.0265625 0.021875
3 0.90546875 0.8234375 0.034375 0.028125
3 0.85 0.7546875 0.0625 0.0546875
5 0.75859375 0.7453125 0.034375 0.1203125
5 0.77890625 0.77109375 0.03125 0.0578125
5 0.80546875 0.80703125 0.1828125 0.3859375
5 0.9140625 0.7890625 0.06875 0.14375
5 0.93046875 0.8484375 0.075 0.15
5 0.88203125 0.85390625 0.2359375 0.2921875