5 0.69765625 0.26484375 0.5328125 0.5296875
0 0.35 0.1953125 0.06875 0.0515625
2 0.31484375 0.0625 0.0640625 0.03125
4 0.35703125 0.13515625 0.084375 0.1015625
3 0.31015625 0.0828125 0.03125 0.0171875
5 0.33671875 0.17421875 0.1890625 0.2609375
5 0.09921875 0.06328125 0.1984375 0.1265625
8 0.64765625 0.76484375 0.4328125 0.4703125
8 0.1859375 0.74140625 0.371875 0.4234375
2 0.14296875 0.63828125 0.01875 0.01875
3 0.140625 0.6640625 0.0078125 0.0109375
4 0.13671875 0.69140625 0.0453125 0.0515625
5 0.1484375 0.7046875 0.0953125 0.153125
5 0.27890625 0.55703125 0.0390625 0.0546875