9 0.33984375 0.390625 0.090625 0.1390625
9 0.18515625 0.35859375 0.09375 0.0875
7 0.265625 0.334375 0.1125 0.2453125
3 0.2796875 0.196875 0.03125 0.0421875
0 0.290625 0.134375 0.0421875 0.0546875
5 0.26953125 0.234375 0.1953125 0.46875
8 0.71484375 0.234375 0.5703125 0.46875
8 0.52890625 0.12265625 0.1984375 0.2453125
3 0.1796875 0.4890625 0.14375 0.040625
7 0.18984375 0.734375 0.3796875 0.53125
5 0.21484375 0.734375 0.4296875 0.53125
3 0.92890625 0.525 0.040625 0.0390625
2 0.66171875 0.584375 0.06875 0.0625
2 0.9359375 0.48125 0.046875 0.025
4 0.896875 0.64609375 0.1296875 0.225
5 0.71640625 0.69921875 0.2265625 0.2953125
5 0.91015625 0.66328125 0.1796875 0.3890625