5 0.11484375 0.28984375 0.1828125 0.5578125
5 0.190625 0.04296875 0.0375 0.0859375
5 0.096875 0.05078125 0.0171875 0.059375
4 0.09609375 0.0640625 0.0171875 0.0328125
4 0.19375 0.05703125 0.015625 0.034375
2 0.18828125 0.00625 0.0265625 0.0125
2 0.09375 0.03828125 0.0171875 0.01875
2 0.13828125 0.053125 0.0921875 0.0859375
2 0.2078125 0.128125 0.109375 0.096875
2 0.35546875 0.0078125 0.0328125 0.015625
2 0.36328125 0.109375 0.0984375 0.0875
1 0.43828125 0.01875 0.0265625 0.0375
1 0.4859375 0.07265625 0.090625 0.1453125
1 0.3515625 0.04296875 0.0234375 0.025
1 0.3765625 0.2015625 0.0609375 0.0859375
1 0.12734375 0.153125 0.0640625 0.0921875
1 0.184375 0.25 0.0828125 0.1171875
4 0.1015625 0.37890625 0.121875 0.3796875
4 0.19609375 0.44453125 0.2234375 0.2484375
4 0.359375 0.3984375 0.16875 0.340625
4 0.4625 0.32890625 0.1375 0.4796875
4 0.42578125 0.0921875 0.0390625 0.0703125
1 0.11328125 0.91015625 0.2265625 0.1796875
2 0.1296875 0.6671875 0.259375 0.196875
5 0.265625 0.784375 0.53125 0.43125