7 0.128125 0.03515625 0.1625 0.0703125
5 0.10234375 0.22421875 0.2046875 0.4484375
5 0.82734375 0.234375 0.3453125 0.46875
5 0.3859375 0.90859375 0.021875 0.03125
7 0.3890625 0.91015625 0.0109375 0.0203125
8 0.36640625 0.88203125 0.2171875 0.2359375
9 0.49296875 0.58359375 0.0328125 0.0828125
9 0.453125 0.55625 0.0921875 0.075
9 0.190625 0.503125 0.0703125 0.065625
9 0.23046875 0.5171875 0.090625 0.078125
8 0.190625 0.59296875 0.0765625 0.103125
8 0.27578125 0.66875 0.4671875 0.4
4 0.00859375 0.5109375 0.0171875 0.0375
2 0.0140625 0.48125 0.009375 0.009375
5 0.0109375 0.509375 0.021875 0.071875
8 0.7546875 0.734375 0.490625 0.53125
8 0.703125 0.5625 0.3875 0.1875