7 0.09921875 0.2 0.01875 0.0140625
5 0.09921875 0.1921875 0.021875 0.034375
8 0.15 0.22109375 0.29375 0.4421875
8 0.775 0.284375 0.45 0.56875
5 0.65 0.1921875 0.028125 0.13125
0 0.165625 0.759375 0.015625 0.025
0 0.10703125 0.77109375 0.015625 0.0234375
3 0.16640625 0.778125 0.00625 0.009375
4 0.178125 0.79296875 0.028125 0.0390625
4 0.10078125 0.8203125 0.0203125 0.059375
5 0.096875 0.81875 0.04375 0.121875
5 0.1703125 0.8125 0.0515625 0.134375
3 0.77109375 0.765625 0.021875 0.0140625
2 0.775 0.75 0.028125 0.0171875
4 0.7703125 0.79921875 0.05625 0.046875
5 0.7609375 0.84921875 0.1140625 0.21875