5 0.83671875 0.10078125 0.1546875 0.2015625
2 0.43203125 0.20546875 0.4984375 0.1859375
5 0.340625 0.23671875 0.68125 0.2859375
1 0.57421875 0.4203125 0.0453125 0.0640625
1 0.45078125 0.44140625 0.0484375 0.0765625
1 0.2796875 0.4484375 0.059375 0.0734375
1 0.3703125 0.51015625 0.021875 0.0203125
1 0.40390625 0.49296875 0.0203125 0.0140625
2 0.40390625 0.4625 0.0265625 0.021875
2 0.36953125 0.4578125 0.034375 0.034375
4 0.3703125 0.56640625 0.0640625 0.1390625
5 0.40390625 0.475 0.0328125 0.05625
5 0.37109375 0.540625 0.06875 0.2
5 0.2625 0.68984375 0.215625 0.6203125
5 0.4796875 0.68984375 0.234375 0.6203125
5 0.5921875 0.68984375 0.178125 0.6203125
5 0.0859375 0.68984375 0.171875 0.6203125
4 0.06875 0.60546875 0.1375 0.4015625
4 0.5890625 0.59375 0.1109375 0.271875
4 0.471875 0.6109375 0.134375 0.2625
4 0.278125 0.64296875 0.1359375 0.3046875