5 0.7359375 0.23046875 0.15 0.4609375
5 0.51640625 0.275 0.2890625 0.55
5 0.3328125 0.3 0.19375 0.5
5 0.23359375 0.08671875 0.0390625 0.0953125
5 0.32734375 0.08984375 0.0171875 0.059375
4 0.32890625 0.103125 0.0171875 0.0328125
4 0.23046875 0.10625 0.0171875 0.034375
2 0.23203125 0.04765625 0.0265625 0.028125
2 0.32734375 0.07734375 0.0171875 0.0203125
2 0.2859375 0.096875 0.09375 0.0875
2 0.221875 0.178125 0.1109375 0.0984375
2 0.065625 0.06484375 0.0328125 0.0359375
2 0.06484375 0.175 0.1 0.0890625
1 0.071875 0.10703125 0.0234375 0.0265625
1 0.06015625 0.2671875 0.0625 0.0859375
1 0.30390625 0.19375 0.0640625 0.09375
1 0.61484375 0.1109375 0.0921875 0.14375
1 0.25703125 0.296875 0.084375 0.11875
4 0.54140625 0.33828125 0.2390625 0.4234375
4 0.35078125 0.38828125 0.1265625 0.3234375
4 0.27109375 0.4578125 0.2296875 0.184375
4 0.10078125 0.41953125 0.1765625 0.2609375
4 0.0109375 0.1625 0.021875 0.071875
2 0.8625 0.68359375 0.1046875 0.15
3 0.88046875 0.8109375 0.065625 0.0515625
4 0.89140625 0.89140625 0.1890625 0.2171875
5 0.865625 0.7984375 0.26875 0.403125
8 0.33046875 0.76015625 0.6609375 0.4203125
8 0.13203125 0.73515625 0.2640625 0.3703125