8 0.73984375 0.13046875 0.5203125 0.2609375
8 0.715625 0.26484375 0.56875 0.5296875
5 0.56640625 0.2140625 0.2703125 0.428125
0 0.0421875 0.028125 0.084375 0.05625
3 0.04375 0.11953125 0.0546875 0.0546875
3 0.31328125 0.08515625 0.0578125 0.0625
7 0.32109375 0.3 0.2203125 0.440625
4 0.07578125 0.32578125 0.1515625 0.4078125
5 0.13828125 0.26484375 0.2765625 0.5296875
5 0.3 0.26484375 0.2625 0.5296875
3 0.45703125 0.57578125 0.0515625 0.0921875
4 0.51484375 0.79921875 0.1671875 0.4015625
5 0.55390625 0.76484375 0.2453125 0.4703125
2 0.27734375 0.7375 0.3078125 0.234375
5 0.215625 0.80703125 0.43125 0.3859375