8 0.04609375 0.284375 0.0921875 0.171875
9 0.15234375 0.08203125 0.0265625 0.0328125
9 0.178125 0.0796875 0.028125 0.0296875
9 0.203125 0.0734375 0.0265625 0.034375
9 0.22734375 0.0703125 0.028125 0.03125
9 0.2625 0.06328125 0.0296875 0.03125
9 0.2890625 0.0609375 0.0265625 0.03125
9 0.31328125 0.0578125 0.028125 0.03125
9 0.3390625 0.053125 0.028125 0.0296875
9 0.36015625 0.0515625 0.028125 0.0296875
9 0.38046875 0.04765625 0.0265625 0.0296875
9 0.39609375 0.04375 0.0265625 0.03125
9 0.4171875 0.04296875 0.03125 0.03125
9 0.43984375 0.0390625 0.0296875 0.0328125
5 0.38828125 0.434375 0.0140625 0.0390625
8 0.30625 0.415625 0.128125 0.2546875
8 0.29453125 0.35 0.5296875 0.7
8 0.24765625 0.85 0.4953125 0.3
8 0.48828125 0.9359375 0.1421875 0.128125
2 0.91015625 0.84375 0.1796875 0.1875
5 0.7796875 0.8625 0.440625 0.275