3 0.30625 0.034375 0.24375 0.06875
7 0.27421875 0.3125 0.428125 0.3609375
5 0.328125 0.25390625 0.58125 0.5078125
5 0.90859375 0.059375 0.1828125 0.11875
5 0.84765625 0.05234375 0.2578125 0.1046875
5 0.825 0.34375 0.296875 0.53125
5 0.86796875 0.3421875 0.2640625 0.534375
7 0.9015625 0.26796875 0.196875 0.2828125
7 0.796875 0.246875 0.1375 0.240625
7 0.83203125 0.01796875 0.1203125 0.0359375
7 0.92578125 0.03046875 0.1484375 0.0609375
0 0.896875 0.053125 0.125 0.0859375
0 0.8921875 0.12578125 0.1296875 0.0953125
0 0.984375 0.1421875 0.03125 0.09375
0 0.02421875 0.79609375 0.0484375 0.2203125
0 0.4890625 0.92265625 0.1875 0.1546875
3 0.50625 0.975 0.084375 0.05
5 0.3984375 0.8375 0.440625 0.325
8 0.809375 0.8046875 0.38125 0.390625