9 0.16953125 0.109375 0.3390625 0.21875
6 0.61796875 0.103125 0.0140625 0.040625
6 0.49765625 0.0796875 0.0125 0.0375
6 0.8609375 0.13125 0.0125 0.0359375
6 0.34765625 0.04296875 0.0125 0.0359375
6 0.771875 0.12421875 0.0125 0.0359375
6 0.7671875 0.1078125 0.0078125 0.0265625
6 0.6875 0.09609375 0.009375 0.03125
6 0.55859375 0.0765625 0.009375 0.028125
6 0.96875 0.1234375 0.00625 0.0171875
6 0.4578125 0.05625 0.0109375 0.034375
6 0.7984375 0.1078125 0.0109375 0.0296875
6 0.9390625 0.11875 0.009375 0.025
6 0.34296875 0.0234375 0.0078125 0.01875
6 0.39375 0.03203125 0.0078125 0.0171875
6 0.4046875 0.0578125 0.0140625 0.034375
6 0.4015625 0.046875 0.0078125 0.0234375
6 0.3984375 0.04375 0.00625 0.0203125
6 0.44140625 0.040625 0.0078125 0.0171875
6 0.4671875 0.053125 0.0078125 0.021875
6 0.475 0.05546875 0.0078125 0.021875
6 0.53125 0.0625 0.0078125 0.021875
6 0.55234375 0.0671875 0.00625 0.021875
6 0.61015625 0.07578125 0.00625 0.021875
6 0.6578125 0.08203125 0.0078125 0.0171875
6 0.66796875 0.08125 0.0078125 0.0171875
6 0.65078125 0.06796875 0.00625 0.0140625
6 0.68046875 0.071875 0.00625 0.0125
6 0.7109375 0.08828125 0.00625 0.0203125
6 0.725 0.0875 0.00625 0.01875
6 0.7625 0.09140625 0.00625 0.0171875
6 0.746875 0.08046875 0.00625 0.0125
6 0.77421875 0.09609375 0.00625 0.021875
6 0.8171875 0.10390625 0.009375 0.025
6 0.82890625 0.10390625 0.009375 0.021875
6 0.7015625 0.07265625 0.00625 0.0125
6 0.84609375 0.10390625 0.009375 0.0265625
6 0.85234375 0.1 0.00625 0.0203125
6 0.88203125 0.109375 0.0078125 0.021875
6 0.91015625 0.13359375 0.0109375 0.0296875
6 0.97578125 0.1234375 0.00625 0.0171875
6 0.98046875 0.1203125 0.00625 0.0171875
6 0.13203125 0.25859375 0.2453125 0.0796875
8 0.51796875 0.534375 0.3578125 0.409375
0 0.63046875 0.384375 0.021875 0.015625
7 0.628125 0.43203125 0.0421875 0.0640625
5 0.61640625 0.4390625 0.0734375 0.13125