5 0.28125 0.21484375 0.5625 0.4296875
6 0.78828125 0.38828125 0.0703125 0.0828125
6 0.66640625 0.34609375 0.0484375 0.0890625
6 0.87578125 0.31015625 0.021875 0.0390625
6 0.9875 0.34453125 0.025 0.0546875
6 0.83046875 0.29375 0.01875 0.0359375
6 0.8375 0.2796875 0.0171875 0.0328125
6 0.87890625 0.28046875 0.015625 0.03125
6 0.91953125 0.2796875 0.009375 0.021875
6 0.95234375 0.27734375 0.0109375 0.01875
6 0.9734375 0.27890625 0.0109375 0.01875
6 0.984375 0.278125 0.0109375 0.01875
6 0.7453125 0.23203125 0.0078125 0.0171875
6 0.7890625 0.23828125 0.0078125 0.015625
6 0.671875 0.2234375 0.0109375 0.0203125
6 0.5921875 0.2109375 0.00625 0.021875
6 0.63046875 0.21171875 0.009375 0.01875
6 0.6875 0.22109375 0.009375 0.01875
6 0.75234375 0.228125 0.009375 0.0171875
6 0.8015625 0.23671875 0.0078125 0.01875
9 0.79453125 0.353125 0.4109375 0.153125
1 0.31171875 0.67265625 0.5546875 0.3546875
2 0.32734375 0.471875 0.5234375 0.084375
4 0.29453125 0.83203125 0.5890625 0.3359375
5 0.29453125 0.71484375 0.5890625 0.5703125
1 0.73984375 0.75859375 0.3015625 0.3796875
0 0.73984375 0.56796875 0.3015625 0.1640625
4 0.79453125 0.921875 0.4109375 0.15625
5 0.79453125 0.715625 0.4109375 0.56875