5 0.77734375 0.18515625 0.0078125 0.0265625
8 0.784375 0.18828125 0.0703125 0.1109375
9 0.81796875 0.21484375 0.0265625 0.040625
9 0.86015625 0.2359375 0.0515625 0.078125
7 0.7953125 0.22578125 0.009375 0.0203125
5 0.7953125 0.23515625 0.0109375 0.05625
8 0.959375 0.39453125 0.08125 0.2296875
8 0.9 0.2546875 0.2 0.509375
8 0.653125 0.13203125 0.021875 0.0421875
9 0.71953125 0.10546875 0.0109375 0.0171875
9 0.6984375 0.0953125 0.0046875 0.009375
9 0.6984375 0.10859375 0.0109375 0.015625
9 0.7 0.12578125 0.015625 0.01875
9 0.7109375 0.1328125 0.015625 0.0234375
9 0.7234375 0.14609375 0.0171875 0.025
9 0.73984375 0.1375 0.015625 0.0203125
5 0.3390625 0.2546875 0.603125 0.509375
4 0.35625 0.4375 0.415625 0.14375
2 0.27421875 0.06875 0.2265625 0.1375
1 0.315625 0.3390625 0.1875 0.203125
6 0.67109375 0.79921875 0.0609375 0.4015625
2 0.87109375 0.98515625 0.1171875 0.0296875
8 0.3203125 0.7546875 0.640625 0.490625
5 0.56328125 0.58046875 0.1546875 0.1421875
7 0.2109375 0.80625 0.190625 0.3875
0 0.21875 0.56484375 0.0828125 0.0953125
5 0.2765625 0.7546875 0.425 0.490625