5 0.8109375 0.4 0.0328125 0.0859375
5 0.3265625 0.56484375 0.015625 0.0328125
5 0.34453125 0.36484375 0.0203125 0.0484375
5 0.053125 0.4703125 0.0109375 0.028125
5 0.0796875 0.33515625 0.009375 0.0453125
4 0.08046875 0.32890625 0.00625 0.015625
4 0.05546875 0.47265625 0.00625 0.0140625
2 0.05234375 0.4578125 0.0046875 0.0046875
2 0.0796875 0.315625 0.0046875 0.00625
2 0.3515625 0.34375 0.0046875 0.00625
4 0.35234375 0.36171875 0.00625 0.021875
4 0.328125 0.5703125 0.009375 0.0140625
2 0.32578125 0.55078125 0.0078125 0.00625
4 0.81953125 0.36171875 0.0109375 0.0109375
3 0.81796875 0.37109375 0.0046875 0.009375
4 0.82109375 0.38671875 0.009375 0.0234375
9 0.85703125 0.2046875 0.034375 0.0171875
9 0.8984375 0.20078125 0.0390625 0.01875
9 0.9828125 0.18984375 0.034375 0.025
9 0.78984375 0.2609375 0.0171875 0.01875
9 0.8515625 0.2609375 0.021875 0.0140625
9 0.86171875 0.26640625 0.025 0.0171875
8 0.9671875 0.3125 0.065625 0.175
8 0.53203125 0.334375 0.1375 0.109375
8 0.3078125 0.31953125 0.290625 0.2765625
8 0.0109375 0.32578125 0.021875 0.0796875
8 0.140625 0.4875 0.21875 0.1390625
8 0.46875 0.6203125 0.353125 0.2484375
8 0.7109375 0.3609375 0.55625 0.4515625
9 0.865625 0.275 0.015625 0.0125
9 0.65390625 0.265625 0.028125 0.0234375
9 0.6640625 0.28046875 0.0234375 0.0171875
9 0.675 0.28203125 0.0265625 0.0125
9 0.6890625 0.278125 0.0234375 0.015625
9 0.6984375 0.284375 0.0203125 0.0078125