8 0.809375 0.278125 0.38125 0.48125
7 0.4578125 0.759375 0.321875 0.48125
5 0.309375 0.759375 0.61875 0.48125
3 0.984375 0.71015625 0.0234375 0.0203125
3 0.9140625 0.7171875 0.0296875 0.0234375
3 0.8734375 0.709375 0.025 0.021875
3 0.8125 0.73359375 0.025 0.0234375
3 0.796875 0.68515625 0.01875 0.021875
3 0.759375 0.70703125 0.0234375 0.021875
3 0.7078125 0.64765625 0.0265625 0.021875
3 0.709375 0.71796875 0.0234375 0.021875
3 0.634375 0.653125 0.021875 0.0203125
3 0.6421875 0.72109375 0.025 0.025
0 0.634375 0.61640625 0.03125 0.0359375
0 0.64375 0.675 0.040625 0.0421875
0 0.7109375 0.609375 0.0359375 0.034375
0 0.7140625 0.67734375 0.0390625 0.04375
0 0.759375 0.6671875 0.0390625 0.040625
0 0.80390625 0.64453125 0.0375 0.0390625
0 0.81953125 0.68828125 0.0421875 0.0453125
0 0.87578125 0.6640625 0.0421875 0.040625
0 0.91875 0.6703125 0.0484375 0.0484375
0 0.98125 0.6625 0.0375 0.05
7 0.6515625 0.8078125 0.065625 0.15625
7 0.64765625 0.6953125 0.0578125 0.059375
7 0.70390625 0.70078125 0.0828125 0.0921875
7 0.71171875 0.81796875 0.0859375 0.16875
7 0.765625 0.8046875 0.0609375 0.153125
7 0.78984375 0.72265625 0.03125 0.0390625
7 0.81015625 0.8203125 0.1 0.1671875
7 0.87265625 0.75546875 0.05625 0.084375
7 0.9109375 0.8078125 0.1296875 0.1703125
7 0.96171875 0.79921875 0.0765625 0.1703125
7 0.98046875 0.8515625 0.0390625 0.225
5 0.6375 0.79921875 0.0375 0.4015625
5 0.65703125 0.82734375 0.0765625 0.3453125
5 0.69765625 0.79375 0.1171875 0.4125
5 0.70234375 0.8265625 0.1078125 0.346875
5 0.7484375 0.82265625 0.090625 0.3546875
5 0.7859375 0.8125 0.084375 0.375
5 0.79921875 0.83125 0.1328125 0.3375
5 0.85703125 0.81796875 0.0921875 0.3640625
5 0.90078125 0.82109375 0.1671875 0.3578125
5 0.94921875 0.815625 0.1015625 0.36875
5 0.9609375 0.8296875 0.078125 0.340625