5 0.28203125 0.39921875 0.053125 0.0890625
4 0.28828125 0.39375 0.021875 0.0359375
8 0.12421875 0.27578125 0.1921875 0.3203125
8 0.2 0.3046875 0.4 0.609375
9 0.3734375 0.18515625 0.053125 0.1046875
7 0.2796875 0.15078125 0.015625 0.0375
0 0.26953125 0.13046875 0.009375 0.009375
5 0.27734375 0.16328125 0.028125 0.08125
1 0.815625 0.1953125 0.209375 0.2765625
2 0.740625 0.021875 0.178125 0.04375
5 0.78671875 0.3046875 0.4265625 0.609375
4 0.85390625 0.45234375 0.2921875 0.3140625
1 0.2 0.8421875 0.4 0.315625
5 0.2 0.8046875 0.4 0.390625