5 0.9515625 0.065625 0.096875 0.13125
9 0.69453125 0.2453125 0.1078125 0.346875
5 0.67421875 0.33046875 0.0671875 0.1421875
3 0.66875 0.315625 0.0125 0.0171875
0 0.6578125 0.28515625 0.034375 0.0453125
8 0.08203125 0.1375 0.1640625 0.215625
8 0.24453125 0.1125 0.4890625 0.225
4 0.89921875 0.765625 0.2015625 0.46875
5 0.8203125 0.709375 0.359375 0.58125
1 0.3796875 0.6453125 0.521875 0.39375
2 0.31015625 0.47578125 0.5953125 0.1140625
4 0.3203125 0.8421875 0.640625 0.315625
5 0.3203125 0.709375 0.640625 0.58125