1 0.75625 0.29765625 0.25 0.2640625
1 0.9578125 0.26015625 0.084375 0.4984375
0 0.01171875 0.15234375 0.0234375 0.0765625
7 0.21484375 0.33125 0.075 0.1421875
1 0.2296875 0.25234375 0.021875 0.0359375
1 0.51796875 0.09375 0.0265625 0.0234375
1 0.54453125 0.228125 0.034375 0.0328125
1 0.33046875 0.13671875 0.0359375 0.03125
2 0.6203125 0.03984375 0.021875 0.0265625
2 0.51171875 0.04296875 0.0515625 0.0390625
2 0.54375 0.16640625 0.084375 0.065625
2 0.32265625 0.0796875 0.0734375 0.05625
4 0.32421875 0.20625 0.0828125 0.13125
4 0.340625 0.01171875 0.025 0.0234375
4 0.4453125 0.01640625 0.028125 0.0328125
4 0.49375 0.15390625 0.071875 0.1109375
4 0.58671875 0.321875 0.0890625 0.184375
4 0.61015625 0.115625 0.0421875 0.084375
5 0.59453125 0.0890625 0.0734375 0.134375
5 0.55078125 0.3171875 0.1609375 0.384375
5 0.4875 0.14140625 0.1421875 0.24375
5 0.446875 0.05 0.04375 0.1
5 0.33671875 0.03125 0.0359375 0.0625
5 0.31796875 0.18984375 0.15 0.2796875
5 0.21015625 0.34765625 0.1140625 0.3234375
5 0.05859375 0.303125 0.1171875 0.4125
0 0.21484375 0.20546875 0.04375 0.053125
7 0.0453125 0.3765625 0.090625 0.265625
5 0.77734375 0.7546875 0.2609375 0.490625
5 0.88515625 0.6828125 0.2265625 0.346875