7 0.7171875 0.309375 0.371875 0.61875
3 0.56796875 0.03359375 0.0734375 0.0671875
5 0.71875 0.309375 0.375 0.61875
1 0.22421875 0.40078125 0.4484375 0.2640625
2 0.265625 0.16484375 0.53125 0.2265625
4 0.265625 0.51015625 0.53125 0.2171875
5 0.265625 0.31328125 0.53125 0.6109375
3 0.9328125 0.6890625 0.1109375 0.0953125
4 0.90078125 0.875 0.1984375 0.25
5 0.84765625 0.809375 0.3046875 0.38125
0 0.0953125 0.8796875 0.071875 0.1046875
3 0.1046875 0.93046875 0.0234375 0.0546875
7 0.0421875 0.93984375 0.084375 0.1203125
5 0.07265625 0.9140625 0.1453125 0.171875