0 0.190625 0.09296875 0.06875 0.1078125
0 0.0890625 0.0265625 0.075 0.053125
3 0.084375 0.090625 0.025 0.034375
3 0.1921875 0.1625 0.01875 0.0328125
7 0.209375 0.278125 0.153125 0.2953125
7 0.04453125 0.21953125 0.0890625 0.3140625
5 0.06640625 0.25 0.1328125 0.5
5 0.1890625 0.265625 0.25 0.46875
8 0.76484375 0.25 0.4703125 0.5
7 0.1171875 0.80390625 0.234375 0.3921875
7 0.35078125 0.85234375 0.2453125 0.2953125
7 0.4671875 0.83984375 0.125 0.3203125
0 0.41875 0.59140625 0.1015625 0.109375
0 0.16640625 0.5140625 0.1203125 0.028125
3 0.1453125 0.60234375 0.075 0.065625
3 0.40625 0.696875 0.05625 0.059375
5 0.45703125 0.75 0.1453125 0.5
5 0.3296875 0.75546875 0.346875 0.4890625
5 0.15234375 0.75 0.3046875 0.5
8 0.8140625 0.75 0.371875 0.5