9 0.06171875 0.2859375 0.03125 0.0265625
9 0.03203125 0.296875 0.0296875 0.025
8 0.32578125 0.28359375 0.0296875 0.0328125
9 0.2953125 0.29375 0.0328125 0.0296875
3 0.35625 0.35234375 0.0078125 0.0109375
0 0.35859375 0.33203125 0.01875 0.034375
5 0.34453125 0.37578125 0.0453125 0.1265625
4 0.21171875 0.31171875 0.0265625 0.0578125
0 0.21171875 0.2671875 0.015625 0.021875
5 0.20703125 0.34609375 0.0453125 0.1859375
8 0.71484375 0.21484375 0.5703125 0.4296875
8 0.21484375 0.71953125 0.4296875 0.5609375
8 0.834375 0.63203125 0.33125 0.3859375
8 0.59296875 0.80234375 0.3265625 0.3953125
5 0.46328125 0.6984375 0.0296875 0.0546875