0 0.809375 0.09296875 0.06875 0.1078125
0 0.9109375 0.0265625 0.075 0.053125
3 0.915625 0.090625 0.025 0.034375
3 0.8078125 0.1625 0.01875 0.0328125
7 0.790625 0.278125 0.153125 0.2953125
7 0.95546875 0.21953125 0.0890625 0.3140625
5 0.93359375 0.25 0.1328125 0.5
5 0.8109375 0.265625 0.25 0.46875
8 0.23515625 0.25 0.4703125 0.5
7 0.8828125 0.80390625 0.234375 0.3921875
7 0.64921875 0.85234375 0.2453125 0.2953125
7 0.5328125 0.83984375 0.125 0.3203125
0 0.58125 0.59140625 0.1015625 0.109375
0 0.83359375 0.5140625 0.1203125 0.028125
3 0.8546875 0.60234375 0.075 0.065625
3 0.59375 0.696875 0.05625 0.059375
5 0.54296875 0.75 0.1453125 0.5
5 0.6703125 0.75546875 0.346875 0.4890625
5 0.84765625 0.75 0.3046875 0.5
8 0.1859375 0.75 0.371875 0.5