0 0.571875 0.025 0.0328125 0.0359375
0 0.68515625 0.11640625 0.0234375 0.0375
0 0.75546875 0.25859375 0.021875 0.0328125
0 0.67109375 0.23359375 0.0234375 0.0390625
3 0.584375 0.05 0.015625 0.0109375
0 0.8140625 0.44609375 0.0203125 0.03125
0 0.8765625 0.45546875 0.0171875 0.0296875
7 0.87109375 0.4625 0.0375 0.0546875
7 0.75234375 0.271875 0.034375 0.0546875
7 0.678125 0.24921875 0.05625 0.0765625
7 0.68515625 0.13984375 0.046875 0.071875
7 0.59296875 0.0765625 0.071875 0.1015625
5 0.6015625 0.10625 0.0953125 0.2046875
5 0.6921875 0.17265625 0.0703125 0.153125
5 0.69375 0.26953125 0.0875 0.1203125
5 0.7578125 0.29140625 0.059375 0.096875
5 0.81328125 0.46328125 0.0359375 0.0796875
5 0.87265625 0.4765625 0.0421875 0.08125
8 0.27578125 0.65234375 0.1796875 0.1453125
8 0.259375 0.78984375 0.51875 0.4203125
3 0.33515625 0.60703125 0.0078125 0.0109375
2 0.33046875 0.5921875 0.0125 0.015625
4 0.33203125 0.628125 0.015625 0.034375
5 0.33828125 0.62265625 0.034375 0.0796875