9 0.86875 0.17734375 0.0453125 0.040625
9 0.84609375 0.1640625 0.0515625 0.059375
9 0.81796875 0.16015625 0.0515625 0.0625
9 0.7859375 0.1640625 0.0265625 0.0421875
9 0.771875 0.15625 0.0515625 0.05625
9 0.62578125 0.23828125 0.0375 0.0328125
9 0.50859375 0.27890625 0.05625 0.0375
9 0.5109375 0.253125 0.0359375 0.028125
9 0.53125 0.271875 0.0421875 0.0375
9 0.425 0.29765625 0.046875 0.0421875
6 0.196875 0.3765625 0.0171875 0.0125
9 0.2875 0.325 0.05 0.0453125
8 0.7546875 0.38359375 0.0875 0.121875
8 0.37578125 0.57265625 0.290625 0.2
8 0.71171875 0.11640625 0.021875 0.0296875
9 0.6625 0.14140625 0.0234375 0.0203125
9 0.64375 0.14140625 0.0203125 0.021875
9 0.60625 0.13515625 0.0078125 0.01875
9 0.6203125 0.1390625 0.0265625 0.021875