5 0.88515625 0.28984375 0.1828125 0.5578125
5 0.809375 0.04296875 0.0375 0.0859375
5 0.903125 0.05078125 0.0171875 0.059375
4 0.90390625 0.0640625 0.0171875 0.0328125
4 0.80625 0.05703125 0.015625 0.034375
2 0.81171875 0.00625 0.0265625 0.0125
2 0.90625 0.03828125 0.0171875 0.01875
2 0.86171875 0.053125 0.0921875 0.0859375
2 0.7921875 0.128125 0.109375 0.096875
2 0.64453125 0.0078125 0.0328125 0.015625
2 0.63671875 0.109375 0.0984375 0.0875
1 0.56171875 0.01875 0.0265625 0.0375
1 0.5140625 0.07265625 0.090625 0.1453125
1 0.6484375 0.04296875 0.0234375 0.025
1 0.6234375 0.2015625 0.0609375 0.0859375
1 0.87265625 0.153125 0.0640625 0.0921875
1 0.815625 0.25 0.0828125 0.1171875
4 0.8984375 0.37890625 0.121875 0.3796875
4 0.80390625 0.44453125 0.2234375 0.2484375
4 0.640625 0.3984375 0.16875 0.340625
4 0.5375 0.32890625 0.1375 0.4796875
4 0.57421875 0.0921875 0.0390625 0.0703125
1 0.88671875 0.91015625 0.2265625 0.1796875
2 0.8703125 0.6671875 0.259375 0.196875
5 0.734375 0.784375 0.53125 0.43125