8 0.31484375 0.16484375 0.6296875 0.3296875
5 0.23984375 0.19140625 0.2140625 0.2765625
3 0.178125 0.20078125 0.034375 0.040625
2 0.17421875 0.10546875 0.0578125 0.1171875
8 0.16640625 0.71796875 0.3328125 0.5640625
8 0.59765625 0.828125 0.0640625 0.34375
2 0.3015625 0.434375 0.025 0.0203125
2 0.346875 0.596875 0.0375 0.059375
2 0.13359375 0.659375 0.034375 0.021875
2 0.0640625 0.909375 0.053125 0.03125
3 0.1375 0.68515625 0.01875 0.0140625
3 0.0671875 0.95703125 0.0140625 0.0171875
4 0.0296875 0.97421875 0.059375 0.0515625
4 0.125 0.74609375 0.0390625 0.090625
4 0.30703125 0.50859375 0.04375 0.10625
4 0.36171875 0.66640625 0.06875 0.1546875
5 0.37265625 0.75390625 0.1625 0.375
5 0.29921875 0.5671875 0.08125 0.2875
5 0.1375 0.79765625 0.1265625 0.303125
5 0.07265625 0.946875 0.1453125 0.10625
7 0.7953125 0.7828125 0.025 0.0578125
7 0.8953125 0.9 0.025 0.040625
7 0.9359375 0.91953125 0.028125 0.0609375
7 0.9109375 0.96640625 0.028125 0.0625
0 0.9375 0.8703125 0.015625 0.01875
0 0.89609375 0.86015625 0.0171875 0.021875
0 0.79609375 0.7328125 0.015625 0.0203125
5 0.7953125 0.81015625 0.0328125 0.18125
5 0.89453125 0.92421875 0.0296875 0.1515625
5 0.909375 0.9546875 0.05 0.090625
5 0.93828125 0.9296875 0.0390625 0.140625