0 0.0265625 0.13984375 0.0203125 0.0296875
0 0.5234375 0.11796875 0.0234375 0.034375
0 0.4421875 0.09453125 0.0265625 0.03125
7 0.5140625 0.1640625 0.0328125 0.0625
7 0.44140625 0.17421875 0.0625 0.1046875
7 0.009375 0.1703125 0.01875 0.071875
5 0.01875 0.20234375 0.0375 0.1703125
5 0.44296875 0.1984375 0.1265625 0.240625
5 0.50703125 0.1796875 0.0703125 0.165625
8 0.40625 0.659375 0.51875 0.68125
0 0.1375 0.95234375 0.0109375 0.0140625
7 0.13359375 0.975 0.0140625 0.0328125
5 0.134375 0.971875 0.025 0.05625