3 0.64375 0.51640625 0.0140625 0.03125
0 0.62734375 0.5078125 0.025 0.05
0 0.11484375 0.12578125 0.0328125 0.040625
0 0.42109375 0.12109375 0.0328125 0.0453125
7 0.67421875 0.54609375 0.071875 0.134375
5 0.665625 0.58125 0.10625 0.215625
7 0.42265625 0.19921875 0.05 0.0984375
3 0.42421875 0.1546875 0.0140625 0.015625
5 0.428125 0.25078125 0.09375 0.3078125
3 0.11796875 0.1609375 0.0140625 0.01875
7 0.121875 0.2203125 0.0578125 0.13125
5 0.12578125 0.26328125 0.1015625 0.315625
5 0.28828125 0.73125 0.5765625 0.084375
5 0.7625 0.84453125 0.0875 0.3109375