7 0.1359375 0.1890625 0.271875 0.378125
5 0.1734375 0.1921875 0.346875 0.384375
3 0.54140625 0.0140625 0.0640625 0.028125
3 0.83828125 0.0265625 0.0671875 0.053125
7 0.80234375 0.25 0.2796875 0.4953125
4 0.521875 0.24375 0.20625 0.4875
5 0.590625 0.26484375 0.34375 0.5296875
5 0.7890625 0.26484375 0.421875 0.5296875
5 0.93359375 0.26484375 0.1328125 0.5296875
0 0.38125 0.64296875 0.075 0.1046875
0 0.309375 0.678125 0.0609375 0.0625
0 0.14765625 0.61875 0.0875 0.0875
0 0.06953125 0.62421875 0.0625 0.0703125
3 0.375 0.72421875 0.046875 0.0515625
3 0.2875 0.734375 0.021875 0.028125
3 0.1109375 0.6796875 0.01875 0.03125
3 0.06171875 0.6796875 0.034375 0.0328125
4 0.05390625 0.82265625 0.1078125 0.2421875
4 0.140625 0.84765625 0.1453125 0.2828125
4 0.28046875 0.86328125 0.115625 0.2078125
4 0.353125 0.87109375 0.13125 0.2578125
5 0.3359375 0.79375 0.165625 0.4125
5 0.27109375 0.81875 0.2046875 0.3625
5 0.11796875 0.78359375 0.2359375 0.4328125
5 0.0640625 0.7890625 0.128125 0.421875