0 0.23203125 0.21953125 0.4640625 0.4390625
5 0.096875 0.21953125 0.19375 0.4390625
3 0.571875 0.1171875 0.165625 0.234375
7 0.67265625 0.24375 0.3671875 0.390625
5 0.6859375 0.21953125 0.39375 0.4390625
2 0.30234375 0.53046875 0.2203125 0.1546875
5 0.24453125 0.71953125 0.4890625 0.5609375
1 0.27734375 0.8609375 0.225 0.2734375
8 0.7828125 0.69921875 0.434375 0.5203125
6 0.98359375 0.8796875 0.0328125 0.165625
6 0.87265625 0.896875 0.0984375 0.20625
6 0.584375 0.88671875 0.125 0.2265625
0 0.503125 0.534375 0.028125 0.046875
2 0.884375 0.4703125 0.03125 0.0234375
7 0.884375 0.53671875 0.06875 0.0859375
7 0.5171875 0.640625 0.05625 0.15
3 0.496875 0.56796875 0.015625 0.0265625
3 0.8796875 0.5 0.021875 0.021875
5 0.88671875 0.5171875 0.1015625 0.1203125
5 0.51953125 0.70546875 0.0609375 0.3953125