1 0.73359375 0.08515625 0.5328125 0.1703125
4 0.634375 0.21640625 0.73125 0.1265625
5 0.634375 0.13984375 0.73125 0.2796875
1 0.10546875 0.61328125 0.2109375 0.4984375
1 0.21953125 0.6671875 0.0984375 0.35
6 0.77421875 0.65703125 0.04375 0.125
6 0.965625 0.4359375 0.00625 0.025
6 0.97421875 0.4265625 0.00625 0.0234375
6 0.98046875 0.41875 0.0046875 0.01875
6 0.984375 0.4140625 0.0046875 0.015625
6 0.9296875 0.4625 0.01875 0.0671875
6 0.93671875 0.45546875 0.0125 0.0609375
6 0.93515625 0.471875 0.0078125 0.040625
6 0.89609375 0.4859375 0.0171875 0.046875
6 0.92265625 0.45625 0.009375 0.034375
6 0.88125 0.446875 0.009375 0.0296875
6 0.8234375 0.4390625 0.0078125 0.0265625
6 0.7546875 0.434375 0.0078125 0.025
6 0.684375 0.43203125 0.00625 0.0234375
6 0.6078125 0.4359375 0.0078125 0.0234375
6 0.534375 0.440625 0.00625 0.0234375
6 0.48203125 0.44609375 0.00625 0.0234375
6 0.46875 0.49765625 0.015625 0.046875
6 0.4328125 0.45546875 0.009375 0.028125
6 0.4078125 0.4828125 0.0125 0.0390625
6 0.40234375 0.46796875 0.009375 0.034375
6 0.5984375 0.50703125 0.0171875 0.0546875
6 0.75859375 0.5015625 0.0171875 0.053125
6 0.8578125 0.55234375 0.025 0.075
6 0.5390625 0.55703125 0.028125 0.0796875
6 0.3234375 0.5296875 0.021875 0.0640625
6 0.2703125 0.49765625 0.003125 0.0453125
6 0.290625 0.47578125 0.0109375 0.0375
6 0.35078125 0.45546875 0.009375 0.0296875
6 0.4265625 0.44375 0.0078125 0.0234375
6 0.496875 0.43515625 0.00625 0.021875
6 0.59296875 0.42890625 0.00625 0.021875
6 0.6921875 0.4265625 0.0078125 0.021875
6 0.78359375 0.42890625 0.0078125 0.021875
6 0.8765625 0.4328125 0.0078125 0.0234375
6 0.96015625 0.43984375 0.009375 0.028125
6 0.39609375 0.95859375 0.0484375 0.0828125