8 0.19375 0.18203125 0.3875 0.3640625
8 0.70234375 0.33046875 0.2015625 0.1765625
8 0.88828125 0.434375 0.2234375 0.290625
7 0.67578125 0.38515625 0.009375 0.0125
5 0.67734375 0.38359375 0.0125 0.01875
8 0.66875 0.40234375 0.0875 0.1015625
2 0.9140625 0.52890625 0.0078125 0.009375
5 0.91484375 0.53984375 0.01875 0.034375
8 0.36875 0.65859375 0.08125 0.1578125
8 0.19765625 0.72890625 0.2421875 0.2984375
3 0.64453125 0.6140625 0.2421875 0.06875
7 0.61171875 0.85546875 0.4046875 0.2890625
5 0.65078125 0.78984375 0.4828125 0.4203125