3 0.2703125 0.57578125 0.06875 0.153125
7 0.36875 0.66640625 0.1 0.3046875
0 0.23984375 0.3390625 0.228125 0.41875
5 0.27109375 0.4703125 0.2953125 0.696875
1 0.803125 0.32734375 0.2546875 0.1859375
4 0.7765625 0.64453125 0.39375 0.3484375
2 0.7984375 0.10859375 0.26875 0.140625
5 0.74609375 0.42578125 0.5078125 0.7859375
5 0.503125 0.409375 0.16875 0.81875
6 0.35859375 0.978125 0.0640625 0.04375
6 0.3484375 0.896875 0.0875 0.15625
6 0.93984375 0.97265625 0.0453125 0.0546875
6 0.828125 0.98125 0.025 0.0375
6 0.71171875 0.98515625 0.0171875 0.0296875
6 0.58125 0.9921875 0.0125 0.015625