5 0.30234375 0.26484375 0.5328125 0.5296875
0 0.65 0.1953125 0.06875 0.0515625
2 0.68515625 0.0625 0.0640625 0.03125
4 0.64296875 0.13515625 0.084375 0.1015625
3 0.68984375 0.0828125 0.03125 0.0171875
5 0.66328125 0.17421875 0.1890625 0.2609375
5 0.90078125 0.06328125 0.1984375 0.1265625
8 0.35234375 0.76484375 0.4328125 0.4703125
8 0.8140625 0.74140625 0.371875 0.4234375
2 0.85703125 0.63828125 0.01875 0.01875
3 0.859375 0.6640625 0.0078125 0.0109375
4 0.86328125 0.69140625 0.0453125 0.0515625
5 0.8515625 0.7046875 0.0953125 0.153125
5 0.72109375 0.55703125 0.0390625 0.0546875