7 0.046875 0.159375 0.09375 0.31875
5 0.06328125 0.2140625 0.1265625 0.428125
8 0.43125 0.125 0.1375 0.25
9 0.959375 0.3046875 0.08125 0.1625
7 0.71796875 0.32890625 0.146875 0.3203125
3 0.6984375 0.2 0.0375 0.05
0 0.6875 0.0984375 0.0890625 0.1484375
5 0.728125 0.27578125 0.2875 0.5078125
9 0.30546875 0.73125 0.0953125 0.0796875
9 0.1609375 0.7453125 0.2046875 0.13125
0 0.04765625 0.55078125 0.0296875 0.0421875
7 0.0328125 0.6828125 0.065625 0.153125
7 0.20703125 0.72265625 0.1078125 0.2703125
3 0.04296875 0.58828125 0.0234375 0.025
5 0.1984375 0.76484375 0.146875 0.4703125
5 0.03671875 0.76484375 0.0734375 0.4703125
7 0.95703125 0.79765625 0.0859375 0.4046875
7 0.76015625 0.82578125 0.1953125 0.3484375
7 0.5890625 0.79921875 0.178125 0.4015625
0 0.73984375 0.5484375 0.0921875 0.0375
3 0.9875 0.56875 0.025 0.05625
3 0.7375 0.6265625 0.0515625 0.053125
5 0.58515625 0.76484375 0.1703125 0.4703125
5 0.78203125 0.76484375 0.2421875 0.4703125
5 0.93671875 0.76484375 0.1265625 0.4703125