8 0.69453125 0.44140625 0.1109375 0.0765625
8 0.8109375 0.43046875 0.128125 0.0984375
5 0.6796875 0.44453125 0.01875 0.021875
9 0.65078125 0.44765625 0.0296875 0.04375
8 0.81328125 0.23984375 0.3734375 0.4796875
0 0.2765625 0.228125 0.2046875 0.20625
2 0.48671875 0.4625 0.0125 0.0109375
2 0.53984375 0.44140625 0.0140625 0.0140625
2 0.55546875 0.453125 0.0109375 0.0109375
4 0.53984375 0.4703125 0.0171875 0.01875
5 0.5390625 0.45625 0.03125 0.046875
5 0.51328125 0.46171875 0.0390625 0.0359375
4 0.5109375 0.47109375 0.028125 0.0171875
4 0.49375 0.4671875 0.040625 0.025
3 0.30078125 0.40546875 0.1140625 0.1078125
5 0.28046875 0.2890625 0.5609375 0.38125
8 0.721875 0.6265625 0.321875 0.29375
0 0.15546875 0.60078125 0.3109375 0.2421875
3 0.1265625 0.8734375 0.171875 0.215625
7 0.3609375 0.91640625 0.315625 0.1671875
5 0.26015625 0.73984375 0.5203125 0.5203125