7 0.49453125 0.125 0.2359375 0.25
5 0.47265625 0.3046875 0.3296875 0.609375
6 0.8921875 0.24140625 0.034375 0.0609375
6 0.84375 0.16015625 0.0171875 0.034375
6 0.76953125 0.159375 0.015625 0.028125
6 0.83359375 0.1390625 0.0140625 0.0234375
6 0.87421875 0.1328125 0.0125 0.0234375
6 0.9140625 0.12578125 0.0109375 0.021875
6 0.97578125 0.125 0.009375 0.0203125
6 0.940625 0.14609375 0.0140625 0.028125
9 0.86953125 0.43515625 0.2609375 0.3484375
8 0.04609375 0.68125 0.0921875 0.14375
8 0.33515625 0.8046875 0.6703125 0.390625
7 0.5109375 0.7140625 0.025 0.0421875
4 0.4796875 0.9296875 0.0265625 0.040625
0 0.48515625 0.89609375 0.0171875 0.0265625
5 0.50859375 0.73515625 0.05625 0.140625
5 0.4765625 0.9390625 0.05625 0.121875