0 0.97578125 0.17734375 0.0484375 0.0984375
3 0.98515625 0.228125 0.01875 0.053125
5 0.9765625 0.21640625 0.046875 0.1890625
8 0.290625 0.2546875 0.58125 0.509375
7 0.059375 0.01953125 0.065625 0.0390625
5 0.07265625 0.028125 0.0984375 0.05625
6 0.74921875 0.81015625 0.0484375 0.0671875
8 0.3171875 0.8390625 0.546875 0.321875
0 0.44765625 0.9515625 0.0078125 0.0046875
7 0.44921875 0.9609375 0.0140625 0.0125
5 0.4515625 0.9640625 0.0203125 0.03125
0 0.44609375 0.9765625 0.009375 0.003125
7 0.45078125 0.9859375 0.015625 0.0125
5 0.44921875 0.98671875 0.0234375 0.0265625