0 0.19140625 0.19609375 0.0203125 0.03125
5 0.19296875 0.20703125 0.04375 0.075
4 0.1859375 0.190625 0.021875 0.0390625
8 0.85234375 0.26953125 0.2953125 0.5390625
8 0.81171875 0.409375 0.3765625 0.259375
4 0.51875 0.765625 0.1 0.453125
4 0.45703125 0.70546875 0.0765625 0.3328125
4 0.3109375 0.65625 0.13125 0.234375
4 0.14453125 0.64453125 0.1421875 0.2109375
4 0.021875 0.70703125 0.04375 0.3359375
5 0.07578125 0.76953125 0.1515625 0.4609375
5 0.15390625 0.76953125 0.2453125 0.4609375
5 0.3296875 0.76953125 0.225 0.4609375
5 0.44296875 0.76953125 0.1953125 0.4609375
5 0.48125 0.76953125 0.175 0.4609375
8 0.90703125 0.55703125 0.1703125 0.0359375
8 0.696875 0.60546875 0.225 0.1328125
8 0.784375 0.76953125 0.43125 0.4609375
3 0.69375 0.55234375 0.0109375 0.0140625
5 0.68671875 0.584375 0.0453125 0.090625
4 0.69453125 0.5828125 0.0171875 0.04375