5 0.675 0.19453125 0.0171875 0.0421875
8 0.61171875 0.15546875 0.1234375 0.2734375
8 0.775 0.225 0.45 0.45
1 0.25703125 0.24921875 0.2296875 0.2640625
4 0.2046875 0.3484375 0.409375 0.203125
5 0.275 0.225 0.55 0.45
8 0.775 0.73046875 0.45 0.5390625
8 0.77578125 0.725 0.4484375 0.55
9 0.44296875 0.59375 0.0453125 0.0421875
9 0.31015625 0.61875 0.0671875 0.05
9 0.3171875 0.590625 0.0421875 0.0359375
9 0.33515625 0.61484375 0.0515625 0.0484375
9 0.21640625 0.62421875 0.0578125 0.053125
9 0.06328125 0.63125 0.0609375 0.05625
8 0.52421875 0.77109375 0.0515625 0.1453125
8 0.14453125 0.88984375 0.2890625 0.2203125
8 0.546875 0.47578125 0.00625 0.0359375
9 0.5 0.4953125 0.0265625 0.025
9 0.48046875 0.4921875 0.025 0.025
9 0.440625 0.4796875 0.0125 0.021875
9 0.45546875 0.48515625 0.0328125 0.0265625