8 0.1359375 0.209375 0.271875 0.41875
1 0.6875 0.8234375 0.49375 0.3
2 0.72109375 0.5625 0.5578125 0.2875
5 0.7203125 0.709375 0.559375 0.58125
4 0.7203125 0.91953125 0.559375 0.1609375
9 0.34453125 0.7484375 0.1046875 0.1625
9 0.4078125 0.72734375 0.065625 0.0984375
7 0.2734375 0.73515625 0.140625 0.303125
7 0.13203125 0.71953125 0.0828125 0.1875
0 0.23203125 0.5125 0.0640625 0.0875
0 0.12734375 0.56875 0.028125 0.046875
5 0.13984375 0.7640625 0.1578125 0.471875
5 0.2421875 0.709375 0.3375 0.58125