0 0.68828125 0.29765625 0.0140625 0.0671875
4 0.69140625 0.39296875 0.0203125 0.1140625
9 0.340625 0.225 0.68125 0.45
8 0.90703125 0.73984375 0.1859375 0.3984375
8 0.7484375 0.7453125 0.134375 0.246875
8 0.77890625 0.55390625 0.1078125 0.2078125
7 0.72109375 0.68515625 0.0140625 0.025
5 0.71953125 0.684375 0.01875 0.03125
0 0.71640625 0.675 0.00625 0.009375
0 0.803125 0.88515625 0.0140625 0.015625
3 0.803125 0.896875 0.0078125 0.009375
7 0.80625 0.90625 0.0234375 0.0265625
5 0.8078125 0.89765625 0.0265625 0.040625
9 0.93671875 0.94453125 0.1265625 0.1109375
9 0.86015625 0.95 0.0984375 0.1
9 0.7875 0.9515625 0.19375 0.096875
9 0.72578125 0.909375 0.0890625 0.053125
9 0.71171875 0.940625 0.0609375 0.11875
8 0.79921875 0.85390625 0.2359375 0.1546875
8 0.2453125 0.725 0.490625 0.55
0 0.015625 0.80390625 0.03125 0.0546875
7 0.015625 0.8 0.03125 0.109375
5 0.01796875 0.83203125 0.0359375 0.1796875