8 0.6890625 0.19453125 0.559375 0.3890625
8 0.8390625 0.25546875 0.321875 0.2671875
1 0.2609375 0.6515625 0.296875 0.2625
4 0.2046875 0.87265625 0.409375 0.2546875
5 0.2046875 0.69453125 0.409375 0.6109375
8 0.65625 0.834375 0.296875 0.33125
8 0.55859375 0.759375 0.2984375 0.48125
0 0.6609375 0.8765625 0.0046875 0.00625
7 0.6640625 0.8953125 0.0078125 0.0234375
5 0.6640625 0.90390625 0.0140625 0.0625
9 0.6703125 0.8953125 0.0421875 0.0546875
8 0.7171875 0.86640625 0.0421875 0.0453125
8 0.775 0.8890625 0.053125 0.05625
8 0.83515625 0.87578125 0.034375 0.0625
8 0.85625 0.87734375 0.0421875 0.0640625
8 0.8875 0.871875 0.04375 0.075
8 0.921875 0.875 0.0546875 0.075
8 0.97734375 0.85859375 0.04375 0.1015625
8 0.9875 0.8703125 0.025 0.084375