12 0.9609375 0.70390625 0.07109375 0.08671875
12 0.03125 0.03125 0.06015625 0.03359375
12 0.16328125 0.03359375 0.1203125 0.02421875
12 0.31484375 0.04140625 0.11640625 0.02265625
12 0.0265625 0.19140625 0.053125 0.0328125
12 0.12265625 0.190625 0.0421875 0.0265625
12 0.18671875 0.1796875 0.0625 0.0265625
12 0.028125 0.340625 0.05546875 0.02265625
12 0.18671875 0.3359375 0.046875 0.0359375
12 0.29140625 0.31171875 0.0890625 0.02890625
12 0.95390625 0.359375 0.09140625 0.06953125
12 0.86484375 0.3859375 0.2703125 0.09609375
12 0.928125 0.57734375 0.14375 0.0671875
12 0.93046875 0.85078125 0.0625 0.0578125
12 0.88671875 0.09140625 0.2265625 0.0828125
12 0.46796875 0.671875 0.93515625 0.4375
12 0.29921875 0.17890625 0.09140625 0.01796875
