12 0.14296875 0.04140625 0.046875 0.03828125
12 0.44609375 0.03359375 0.421875 0.0671875
12 0.86328125 0.03359375 0.2734375 0.0671875
12 0.3046875 0.1828125 0.078125 0.05546875
12 0.184375 0.2734375 0.04453125 0.07109375
12 0.484375 0.31328125 0.40390625 0.1046875
12 0.87890625 0.29609375 0.2421875 0.0734375
12 0.125 0.43671875 0.03125 0.0625
12 0.22734375 0.5 0.046875 0.07578125
12 0.3625 0.54921875 0.07578125 0.05546875
12 0.53984375 0.721875 0.91328125 0.52890625
12 0.74453125 0.81015625 0.35078125 0.171875
12 0.07578125 0.1875 0.02421875 0.02421875
