12 0.01640625 0.05390625 0.0328125 0.0703125
12 0.109375 0.028125 0.11171875 0.05546875
12 0.07578125 0.30546875 0.14765625 0.0515625
12 0.2375 0.26015625 0.13359375 0.04453125
12 0.61796875 0.1453125 0.16953125 0.09609375
12 0.86015625 0.0734375 0.27890625 0.13203125
12 0.784375 0.33359375 0.11796875 0.1515625
12 0.86171875 0.2703125 0.2765625 0.11796875
12 0.66640625 0.62578125 0.25234375 0.13828125
12 0.71015625 0.85703125 0.27890625 0.2859375
12 0.41171875 0.203125 0.2140625 0.10078125
12 0.83125 0.46171875 0.1296875 0.06484375
