12 0.04140625 0.01328125 0.0828125 0.0265625
12 0.08359375 0.26484375 0.1671875 0.12265625
12 0.26796875 0.21015625 0.1453125 0.10703125
12 0.54375 0.13984375 0.28125 0.12734375
12 0.83671875 0.0546875 0.18984375 0.10234375
12 0.16953125 0.53125 0.203125 0.11640625
12 0.3828125 0.453125 0.15859375 0.10703125
12 0.63359375 0.35625 0.28359375 0.14765625
12 0.90078125 0.2421875 0.1984375 0.11796875
12 0.93515625 0.38359375 0.1296875 0.09140625
12 0.371875 0.77109375 0.07578125 0.0421875
12 0.50234375 0.7140625 0.17421875 0.11640625
12 0.78984375 0.56328125 0.1140625 0.07578125
12 0.0359375 0.590625 0.07109375 0.03125
12 0.91015625 0.5765625 0.1796875 0.01875
