12 0.07109375 0.09140625 0.1421875 0.0578125
12 0.19765625 0.07734375 0.0734375 0.05390625
12 0.375 0.05703125 0.16328125 0.07109375
12 0.53984375 0.02890625 0.10078125 0.03359375
12 0.7546875 0.0125 0.21015625 0.02421875
12 0.434375 0.2734375 0.14296875 0.046875
12 0.29453125 0.29609375 0.1046875 0.01796875
12 0.15625 0.3171875 0.140625 0.02890625
12 0.03359375 0.33125 0.0671875 0.0203125
12 0.49296875 0.51484375 0.11171875 0.04921875
12 0.878125 0.51484375 0.24296875 0.0984375
12 0.2625 0.93046875 0.3703125 0.13828125
12 0.9640625 0.9453125 0.07109375 0.0984375
12 0.27890625 0.8234375 0.31484375 0.1140625
