12 0.11171875 0.034375 0.0515625 0.03125
12 0.19296875 0.0234375 0.03984375 0.0109375
12 0.28125 0.05546875 0.0625 0.0359375
12 0.42421875 0.01796875 0.0421875 0.015625
12 0.52578125 0.0390625 0.0578125 0.03125
12 0.68046875 0.0109375 0.03125 0.01796875
12 0.6296875 0.05390625 0.11640625 0.046875
12 0.465625 0.10625 0.1609375 0.0625
12 0.203125 0.12265625 0.2546875 0.046875
12 0.0109375 0.12109375 0.021875 0.0421875
12 0.17421875 0.34375 0.2453125 0.04453125
12 0.36796875 0.31796875 0.03359375 0.0359375
12 0.1125 0.55859375 0.225 0.1859375
12 0.76015625 0.26328125 0.0984375 0.05390625
12 0.734375 0.440625 0.13828125 0.1046875
12 0.68671875 0.575 0.09609375 0.0671875
