12 0.184375 0.03828125 0.27265625 0.0625
12 0.50078125 0.04140625 0.11796875 0.06015625
12 0.65703125 0.046875 0.09375 0.05390625
12 0.8671875 0.03671875 0.09609375 0.02421875
12 0.96484375 0.0375 0.0703125 0.021875
12 0.746875 0.1875 0.04921875 0.0359375
12 0.84296875 0.190625 0.0515625 0.04453125
12 0.31015625 0.2625 0.5 0.09609375
12 0.65390625 0.22890625 0.0984375 0.05390625
12 0.51875 0.43828125 0.96015625 0.11171875
12 0.421875 0.8046875 0.2703125 0.10078125
12 0.0515625 0.86796875 0.10234375 0.0890625
