12 0.1015625 0.03125 0.203125 0.06015625
12 0.40390625 0.03671875 0.08671875 0.04921875
12 0.5390625 0.03984375 0.08515625 0.046875
12 0.72890625 0.02578125 0.078125 0.0046875
12 0.83359375 0.03125 0.078125 0.0203125
12 0.97421875 0.16953125 0.0515625 0.0203125
12 0.9921875 0.2453125 0.015625 0.015625
12 0.975 0.29609375 0.05 0.0328125
12 0.59609375 0.315625 0.09609375 0.0359375
12 0.71328125 0.33671875 0.08671875 0.03125
12 0.43046875 0.36796875 0.01796875 0.03125
12 0.53359375 0.36953125 0.07109375 0.01796875
12 0.5078125 0.1609375 0.02421875 0.0359375
12 0.60859375 0.1796875 0.04921875 0.03125
12 0.70234375 0.184375 0.04453125 0.0359375
12 0.84140625 0.18828125 0.03359375 0.0359375
12 0.1015625 0.2625 0.203125 0.06484375
12 0.3984375 0.23515625 0.078125 0.0515625
12 0.53828125 0.21875 0.08515625 0.05390625
12 0.653125 0.79921875 0.3171875 0.09140625
12 0.221875 0.82734375 0.23671875 0.1515625
12 0.015625 0.97890625 0.03125 0.0421875
12 0.5 0.43203125 1 0.12265625
