12 0.55703125 0.51875 0.0734375 0.05546875
12 0.46875 0.65078125 0.93515625 0.4578125
12 0.97265625 0.6546875 0.0546875 0.0375
12 0.75078125 0.265625 0.49765625 0.10078125
12 0.3875 0.25703125 0.015625 0.015625
12 0.45390625 0.26328125 0.0734375 0.02421875
12 0.37421875 0.3171875 0.0359375 0.03125
12 0.2265625 0.19765625 0.0421875 0.03828125
12 0.08515625 0.19453125 0.046875 0.03984375
12 0.00546875 0.18828125 0.0109375 0.03125
12 0.00859375 0.3359375 0.0171875 0.015625
12 0.0890625 0.35078125 0.08046875 0.03125
12 0.1171875 0.03671875 0.08515625 0.0203125
12 0.23203125 0.0359375 0.1046875 0.0203125
12 0.6515625 0.04140625 0.07109375 0.01328125
12 0.471875 0.15546875 0.08046875 0.02265625
12 0.49921875 0.1765625 0.2859375 0.04921875
