12 0.65390625 0.01484375 0.0515625 0.0265625
12 0.76640625 0.05234375 0.1359375 0.10234375
12 0.925 0.08671875 0.12734375 0.0890625
12 0.940625 0.3953125 0.11796875 0.0828125
12 0.78046875 0.34296875 0.11796875 0.06015625
12 0.64921875 0.28203125 0.12265625 0.06015625
12 0.5234375 0.22109375 0.11640625 0.0578125
12 0.06484375 0.23515625 0.1296875 0.14765625
12 0.496875 0.61328125 0.8375 0.7734375
12 0.903125 0.7453125 0.0625 0.078125
12 0.96953125 0.78828125 0.06015625 0.0625
12 0.5375 0.9671875 0.121875 0.065625
