12 0.046875 0.03984375 0.09375 0.07109375
12 0.26484375 0.03828125 0.22734375 0.05546875
12 0.609375 0.04609375 0.1515625 0.03984375
12 0.78359375 0.04453125 0.0984375 0.046875
12 0.98203125 0.1921875 0.0359375 0.03828125
12 0.89375 0.18828125 0.0515625 0.03359375
12 0.7921875 0.1671875 0.02890625 0.0359375
12 0.778125 0.22890625 0.10234375 0.04453125
12 0.875 0.3328125 0.0984375 0.02421875
12 0.96640625 0.346875 0.0671875 0.02265625
12 0.765625 0.38984375 0.09140625 0.0421875
12 0.57578125 0.246875 0.19453125 0.0625
12 0.27109375 0.26640625 0.2140625 0.0578125
12 0.05 0.28046875 0.1 0.0546875
12 0.93515625 0.98203125 0.01796875 0.0359375
12 0.88203125 0.971875 0.0734375 0.03984375
12 0.42734375 0.840625 0.0515625 0.0203125
12 0.23203125 0.79921875 0.21875 0.10234375
12 0.5 0.4265625 1 0.09140625
