12 0.03203125 0.01640625 0.0640625 0.0328125
12 0.2609375 0.0203125 0.328125 0.03984375
12 0.60859375 0.01875 0.2890625 0.0375
12 0.878125 0.01796875 0.11796875 0.0359375
12 0.97265625 0.015625 0.0546875 0.03125
12 0.02578125 0.221875 0.0515625 0.06484375
12 0.25078125 0.22109375 0.31953125 0.06015625
12 0.59453125 0.21640625 0.28359375 0.05546875
12 0.85078125 0.2140625 0.109375 0.0515625
12 0.959375 0.21484375 0.08125 0.0546875
12 0.015625 0.43046875 0.03125 0.0625
12 0.23125 0.4265625 0.3125 0.0625
12 0.57578125 0.42265625 0.28359375 0.06015625
12 0.8234375 0.4109375 0.08671875 0.0578125
12 0.9515625 0.40859375 0.096875 0.0546875
12 0.9453125 0.59453125 0.109375 0.03984375
12 0.8078125 0.5984375 0.0828125 0.03125
12 0.58828125 0.60859375 0.32109375 0.0421875
12 0.35859375 0.61015625 0.10234375 0.04453125
12 0.45859375 0.6296875 0.9171875 0.39765625
12 0.45546875 0.8640625 0.9109375 0.0671875
12 0.89140625 0.81328125 0.21640625 0.0359375
