12 0.03359375 0.14375 0.0671875 0.0828125
12 0.234375 0.08828125 0.22734375 0.109375
12 0.4453125 0.04765625 0.159375 0.0953125
12 0.6953125 0.03046875 0.21875 0.06015625
12 0.81015625 0.21640625 0.3078125 0.125
12 0.8625 0.29375 0.1359375 0.1515625
12 0.89140625 0.26640625 0.21640625 0.09140625
12 0.54765625 0.2921875 0.171875 0.09140625
12 0.32578125 0.3484375 0.21640625 0.0984375
12 0.14296875 0.40859375 0.14296875 0.0421875
12 0.02265625 0.43828125 0.04453125 0.0203125
12 0.95703125 0.3921875 0.0859375 0.040625
12 0.8046875 0.5390625 0.23203125 0.1296875
12 0.8546875 0.71640625 0.28984375 0.1921875
