12 0.0390625 0.409375 0.078125 0.05546875
12 0.2421875 0.38984375 0.203125 0.0625
12 0.47109375 0.36796875 0.14765625 0.0578125
12 0.61796875 0.340625 0.0265625 0.02421875
12 0.6953125 0.33515625 0.04921875 0.03359375
12 0.83828125 0.31953125 0.0359375 0.02890625
12 0.83671875 0.2890625 0.0359375 0.01328125
12 0.91640625 0.2921875 0.046875 0.01328125
12 0.934375 0.17109375 0.078125 0.01796875
12 0.83515625 0.17421875 0.04921875 0.02421875
12 0.78828125 0.1765625 0.0265625 0.03125
12 0.8328125 0.03671875 0.04921875 0.0265625
12 0.68828125 0.02109375 0.06015625 0.03984375
12 0.62421875 0.01875 0.04453125 0.02421875
12 0.45859375 0.01796875 0.15625 0.0359375
12 0.21796875 0.01328125 0.21171875 0.0265625
12 0.6875 0.17265625 0.05390625 0.00703125
12 0.61171875 0.18984375 0.03828125 0.0359375
12 0.465625 0.19453125 0.1453125 0.0421875
12 0.221875 0.20078125 0.21171875 0.04921875
12 0.02890625 0.1984375 0.0578125 0.03984375
12 0.5 0.434375 1 0.08515625
12 0.5 0.834375 1 0.33125
