12 0.90625 0.4578125 0.1359375 0.0625
12 0.66484375 0.4890625 0.2234375 0.07578125
12 0.63046875 0.28125 0.24140625 0.05546875
12 0.8796875 0.2765625 0.15625 0.046875
12 0.8546875 0.090625 0.1515625 0.046875
12 0.59921875 0.0671875 0.25 0.06953125
12 0.22890625 0.0359375 0.36171875 0.07109375
12 0.26875 0.28828125 0.36171875 0.06953125
12 0.03671875 0.56484375 0.0734375 0.08671875
12 0.315625 0.53359375 0.34609375 0.0984375
12 0.61015625 0.68203125 0.2296875 0.08671875
12 0.74453125 0.784375 0.5109375 0.11796875
12 0.7 0.6125 0.18515625 0.0578125
12 0.5546875 0.50703125 0.0828125 0.0671875
12 0.81640625 0.5171875 0.3671875 0.075
