12 0.09140625 0.35859375 0.0421875 0.02421875
12 0.18671875 0.36015625 0.07109375 0.04453125
12 0.28984375 0.34921875 0.0265625 0.03359375
12 0.36484375 0.3078125 0.06015625 0.01796875
12 0.36640625 0.34375 0.05546875 0.02890625
12 0.48671875 0.32578125 0.10703125 0.03984375
12 0.5 0.184375 0.109375 0.0265625
12 0.371875 0.184375 0.06953125 0.02890625
12 0.29765625 0.1953125 0.04921875 0.02890625
12 0.18828125 0.19765625 0.078125 0.03359375
12 0.09609375 0.20078125 0.06015625 0.03984375
12 0.00546875 0.1953125 0.0109375 0.0265625
12 0.1046875 0.03046875 0.07109375 0.03828125
12 0.1953125 0.03203125 0.08046875 0.0359375
12 0.29609375 0.03203125 0.0359375 0.0265625
12 0.38203125 0.03671875 0.0671875 0.0265625
12 0.51015625 0.03984375 0.109375 0.02421875
12 0.20625 0.5078125 0.0890625 0.0359375
12 0.29765625 0.49453125 0.03359375 0.02421875
12 0.36484375 0.48125 0.04453125 0.015625
12 0.4609375 0.65546875 0.921875 0.37734375
12 0.9375 0.69453125 0.125 0.140625
12 0.9375 0.41328125 0.125 0.10078125
12 0.96171875 0.10078125 0.07578125 0.0890625
12 0.95546875 0.975 0.0640625 0.05
