5 0.5890625 0.1859375 0.33125 0.371875
5 0.68359375 0.259375 0.4265625 0.51875
7 0.7078125 0.0796875 0.2875 0.159375
7 0.5671875 0.05078125 0.153125 0.1015625
8 0.2 0.21484375 0.4 0.4296875
8 0.2 0.28359375 0.4 0.4703125
6 0.41953125 0.7875 0.0390625 0.10625
6 0.6375 0.67578125 0.0296875 0.0546875
6 0.78671875 0.66796875 0.0265625 0.05
6 0.8890625 0.66640625 0.0171875 0.0390625
6 0.928125 0.6671875 0.0125 0.03125
6 0.95390625 0.66796875 0.0125 0.0296875
6 0.978125 0.7859375 0.04375 0.09375
6 0.97265625 0.66875 0.0109375 0.025
6 0.45703125 0.63984375 0.021875 0.0390625
6 0.57734375 0.6234375 0.01875 0.0390625
6 0.66484375 0.6171875 0.015625 0.03125
6 0.73515625 0.615625 0.0125 0.0265625
6 0.40546875 0.63515625 0.0109375 0.0328125
6 0.4921875 0.6171875 0.0171875 0.034375
6 0.5640625 0.61484375 0.0140625 0.0328125
6 0.79453125 0.625 0.0171875 0.034375
9 0.7 0.7609375 0.6 0.478125
6 0.35078125 0.92109375 0.05 0.0828125
6 0.11640625 0.7953125 0.040625 0.0703125
9 0.14375 0.87890625 0.2875 0.2421875
