8 0.775 0.234375 0.45 0.46875
8 0.0578125 0.04375 0.115625 0.0875
8 0.284375 0.234375 0.53125 0.46875
7 0.37578125 0.45 0.0265625 0.0375
7 0.54453125 0.03515625 0.0109375 0.0421875
4 0.52578125 0.2546875 0.025 0.040625
0 0.53046875 0.22109375 0.0171875 0.0265625
5 0.53671875 0.06328125 0.0265625 0.1265625
5 0.5234375 0.26640625 0.053125 0.1296875
5 0.38046875 0.440625 0.0390625 0.05625
5 0.7265625 0.734375 0.334375 0.53125
5 0.809375 0.734375 0.38125 0.53125
7 0.85 0.66640625 0.296875 0.3140625
7 0.696875 0.6375 0.1546875 0.2671875
0 0.95390625 0.48203125 0.0921875 0.0265625
0 0.8046875 0.51484375 0.14375 0.0921875
0 0.94453125 0.53203125 0.1109375 0.1046875
8 0.20703125 0.71328125 0.4140625 0.4890625
8 0.34375 0.734375 0.4125 0.53125
