8 0.790625 0.265625 0.41875 0.53125
4 0.0640625 0.06328125 0.128125 0.1265625
4 0.51640625 0.0796875 0.1296875 0.159375
3 0.1203125 0.0078125 0.028125 0.015625
5 0.13828125 0.2828125 0.2765625 0.565625
5 0.4296875 0.35234375 0.303125 0.7046875
9 0.29921875 0.89375 0.034375 0.03125
9 0.25859375 0.89609375 0.0296875 0.0265625
9 0.23046875 0.89140625 0.034375 0.0296875
8 0.14921875 0.93515625 0.0359375 0.0421875
0 0.2078125 0.909375 0.0234375 0.0375
0 0.2359375 0.98359375 0.025 0.0328125
4 0.22734375 0.9453125 0.034375 0.0640625
5 0.23125 0.94375 0.065625 0.1125
