0 0.57734375 0.02578125 0.0234375 0.040625
0 0.7234375 0.046875 0.0171875 0.0328125
4 0.73984375 0.07734375 0.01875 0.053125
4 0.578125 0.08125 0.040625 0.078125
4 0.796875 0.03125 0.071875 0.0625
5 0.7328125 0.065625 0.034375 0.071875
5 0.58203125 0.08359375 0.06875 0.159375
5 0.44609375 0.06015625 0.0453125 0.1203125
3 0.57890625 0.06328125 0.0109375 0.015625
5 0.790625 0.190625 0.109375 0.38125
5 0.90234375 0.01171875 0.0296875 0.0234375
5 0.95 0.21171875 0.1 0.4234375
7 0.95625 0.065625 0.0875 0.13125
8 0.24375 0.33828125 0.2125 0.4828125
8 0.175 0.3265625 0.35 0.50625
7 0.5109375 0.5890625 0.028125 0.01875
8 0.675 0.78984375 0.65 0.4203125
