7 0.7453125 0.1171875 0.509375 0.234375
5 0.715625 0.15 0.56875 0.3
0 0.00625 0.06875 0.0125 0.028125
0 0.0546875 0.07109375 0.0515625 0.046875
0 0.10390625 0.07578125 0.01875 0.021875
0 0.1171875 0.07421875 0.01875 0.0203125
0 0.15 0.0625 0.034375 0.034375
0 0.19140625 0.03046875 0.0265625 0.0265625
0 0.23125 0.01015625 0.04375 0.0203125
0 0.22578125 0.0578125 0.0765625 0.08125
0 0.29375 0.0765625 0.0234375 0.0265625
0 0.3171875 0.0625 0.0125 0.0109375
7 0.31640625 0.0875 0.015625 0.03125
0 0.3328125 0.059375 0.028125 0.028125
0 0.37421875 0.034375 0.0328125 0.03125
7 0.38828125 0.13203125 0.071875 0.121875
7 0.34453125 0.13515625 0.059375 0.1046875
7 0.30625 0.14140625 0.0453125 0.0890625
7 0.19296875 0.109375 0.0453125 0.0875
7 0.12578125 0.14140625 0.046875 0.0796875
7 0.109375 0.1359375 0.0140625 0.059375
7 0.034375 0.14765625 0.0203125 0.0265625
7 0.02109375 0.1484375 0.0421875 0.103125
7 0.06953125 0.196875 0.103125 0.175
7 0.16328125 0.15 0.08125 0.1140625
7 0.26484375 0.1125 0.0640625 0.1421875
7 0.2375 0.2140625 0.121875 0.171875
3 0.00546875 0.0984375 0.0109375 0.015625
3 0.046875 0.11875 0.009375 0.0203125
3 0.1046875 0.096875 0.0078125 0.0109375
3 0.11875 0.09609375 0.0109375 0.0109375
3 0.15078125 0.09375 0.01875 0.0171875
0 0.13984375 0.0875 0.0078125 0.01875
3 0.19296875 0.05703125 0.0140625 0.0140625
3 0.20703125 0.11484375 0.009375 0.0296875
3 0.2953125 0.0984375 0.009375 0.0109375
3 0.33515625 0.08828125 0.0140625 0.0140625
3 0.37734375 0.06640625 0.0203125 0.015625
5 0.384375 0.1578125 0.09375 0.284375
5 0.31796875 0.07890625 0.021875 0.0453125
5 0.3453125 0.17109375 0.08125 0.2578125
5 0.30859375 0.1734375 0.0625 0.2265625
5 0.26875 0.15 0.125 0.3
5 0.19140625 0.09765625 0.05625 0.1640625
5 0.16953125 0.16953125 0.1203125 0.2609375
5 0.1265625 0.16796875 0.0640625 0.2125
5 0.115625 0.15859375 0.046875 0.1921875
5 0.0765625 0.17109375 0.140625 0.2578125
5 0.02734375 0.17578125 0.0546875 0.2484375
5 0.25 0.15546875 0.171875 0.2890625
8 0.89453125 0.753125 0.2109375 0.3
8 0.69296875 0.78203125 0.234375 0.35625
9 0.47890625 0.959375 0.0953125 0.08125
8 0.0890625 0.32734375 0.175 0.0546875
8 0.215625 0.6078125 0.43125 0.615625
4 0.2953125 0.33515625 0.028125 0.0578125
5 0.2984375 0.33203125 0.04375 0.0640625
