6 0.79765625 0.1828125 0.0578125 0.0890625
6 0.6109375 0.16015625 0.03125 0.0578125
6 0.46171875 0.18359375 0.0265625 0.040625
9 0.715625 0.334375 0.56875 0.35
8 0.215625 0.2546875 0.43125 0.509375
8 0.51484375 0.56640625 0.1671875 0.1140625
9 0.675 0.5421875 0.0703125 0.0421875
6 0.7609375 0.54140625 0.0109375 0.015625
6 0.775 0.5390625 0.0125 0.0171875
6 0.7921875 0.5359375 0.0109375 0.0171875
6 0.80859375 0.53359375 0.0125 0.0203125
6 0.8203125 0.53203125 0.0109375 0.021875
6 0.83046875 0.5296875 0.0125 0.0203125
9 0.85625 0.521875 0.04375 0.025
8 0.89140625 0.59765625 0.1359375 0.1328125
8 0.215625 0.7546875 0.43125 0.490625
7 0.16328125 0.815625 0.0328125 0.0609375
5 0.1578125 0.83984375 0.0765625 0.1796875
