1 0.55546875 0.0390625 0.0328125 0.0421875
1 0.528125 0.04140625 0.0140625 0.0140625
1 0.43203125 0.11328125 0.034375 0.0578125
0 0.44140625 0.0671875 0.05625 0.078125
0 0.62109375 0.08359375 0.05625 0.08125
0 0.5671875 0.00625 0.04375 0.0125
0 0.5375 0.015625 0.03125 0.03125
7 0.5484375 0.08515625 0.09375 0.0953125
7 0.659375 0.21796875 0.121875 0.21875
7 0.4078125 0.165625 0.034375 0.209375
5 0.43125 0.25859375 0.08125 0.5078125
5 0.5125 0.0640625 0.075 0.128125
5 0.546875 0.07109375 0.1375 0.1421875
5 0.63125 0.265625 0.2015625 0.446875
8 0.346875 0.38203125 0.0875 0.3359375
5 0.1953125 0.775 0.390625 0.45
4 0.1953125 0.840625 0.390625 0.31875
