8 0.96328125 0.2953125 0.0734375 0.14375
8 0.7953125 0.2953125 0.240625 0.228125
8 0.6703125 0.2046875 0.659375 0.409375
2 0.7984375 0.2625 0.0140625 0.0171875
3 0.79375 0.28125 0.0125 0.0140625
5 0.78125 0.303125 0.0515625 0.1109375
4 0.78671875 0.31171875 0.0203125 0.0453125
6 0.1671875 0.03359375 0.1875 0.0671875
9 0.9421875 0.85859375 0.115625 0.2546875
8 0.83984375 0.93828125 0.3015625 0.1234375
0 0.3796875 0.559375 0.021875 0.0328125
5 0.37890625 0.56953125 0.05 0.078125
4 0.375 0.5515625 0.025 0.040625
0 0.8265625 0.66796875 0.0109375 0.015625
7 0.81796875 0.69375 0.0234375 0.040625
5 0.815625 0.7109375 0.0453125 0.109375
3 0.82265625 0.67890625 0.00625 0.00625
5 0.990625 0.70546875 0.01875 0.0515625
4 0.99296875 0.7 0.0140625 0.028125
7 0.08125 0.57265625 0.1515625 0.290625
0 0.07890625 0.47109375 0.0921875 0.1234375
5 0.08515625 0.7046875 0.1703125 0.590625
