2 0.48046875 0.0265625 0.1921875 0.053125
9 0.665625 0.209375 0.66875 0.41875
3 0.89140625 0.0203125 0.1703125 0.040625
3 0.4953125 0.128125 0.1296875 0.071875
4 0.5421875 0.2734375 0.39375 0.290625
4 0.90625 0.2140625 0.1875 0.409375
5 0.8625 0.209375 0.275 0.41875
5 0.58046875 0.209375 0.4984375 0.41875
1 0.24453125 0.19765625 0.1734375 0.3953125
4 0.165625 0.37265625 0.33125 0.0921875
5 0.165625 0.209375 0.33125 0.41875
5 0.54765625 0.709375 0.4328125 0.58125
3 0.165625 0.6203125 0.33125 0.33125
7 0.165625 0.8265625 0.33125 0.346875
5 0.165625 0.709375 0.33125 0.58125
