8 0.6953125 0.275 0.609375 0.55
8 0.8703125 0.08828125 0.259375 0.1765625
9 0.3046875 0.20390625 0.171875 0.2359375
0 0.03046875 0.07890625 0.0296875 0.05
4 0.02265625 0.1109375 0.0453125 0.059375
5 0.028125 0.1328125 0.05625 0.175
1 0.76484375 0.5640625 0.0859375 0.028125
1 0.75078125 0.72109375 0.075 0.075
1 0.46171875 0.74453125 0.06875 0.0828125
1 0.9015625 0.8234375 0.0625 0.0640625
1 0.965625 0.58515625 0.06875 0.0703125
2 0.915625 0.725 0.1015625 0.10625
2 0.72421875 0.95546875 0.1078125 0.0890625
2 0.51171875 0.64453125 0.109375 0.0875
2 0.7640625 0.62578125 0.0890625 0.078125
4 0.9546875 0.81328125 0.090625 0.3734375
4 0.91484375 0.66015625 0.125 0.1421875
4 0.87578125 0.921875 0.2421875 0.15625
4 0.4796875 0.88828125 0.178125 0.2234375
5 0.57734375 0.59375 0.2921875 0.0875
5 0.43046875 0.775 0.0796875 0.45
5 0.51484375 0.68515625 0.2484375 0.2703125
5 0.515625 0.7875 0.25 0.425
5 0.66875 0.94921875 0.23125 0.1015625
5 0.70234375 0.78203125 0.3109375 0.4359375
5 0.73359375 0.74375 0.3453125 0.3875
5 0.8 0.5953125 0.265625 0.090625
5 0.91484375 0.68125 0.1703125 0.2625
5 0.8484375 0.828125 0.303125 0.34375
5 0.9171875 0.775 0.165625 0.45
1 0.08359375 0.74921875 0.1671875 0.3984375
4 0.1953125 0.8203125 0.390625 0.359375
5 0.1953125 0.775 0.390625 0.45
