1 0.51796875 0.290625 0.2671875 0.196875
2 0.503125 0.0796875 0.278125 0.159375
5 0.61484375 0.19453125 0.5296875 0.3890625
5 0.84609375 0.19453125 0.3078125 0.3890625
5 0.175 0.19453125 0.35 0.3890625
2 0.39296875 0.446875 0.065625 0.05
2 0.81875 0.41484375 0.071875 0.0515625
1 0.84375 0.4671875 0.0296875 0.0421875
1 0.77109375 0.7375 0.0796875 0.0578125
1 0.37734375 0.515625 0.0359375 0.0546875
4 0.8734375 0.70703125 0.203125 0.396875
4 0.41171875 0.57421875 0.0765625 0.1
5 0.815625 0.459375 0.10625 0.140625
5 0.7828125 0.7359375 0.434375 0.528125
5 0.55390625 0.69453125 0.4078125 0.6109375
5 0.409375 0.52421875 0.11875 0.2203125
2 0.759375 0.58203125 0.1375 0.178125
