0 0.09921875 0.06015625 0.1953125 0.1203125
2 0.0421875 0.284375 0.084375 0.09375
2 0.3375 0.12890625 0.18125 0.0828125
9 0.3375 0.284375 0.40625 0.56875
3 0.25078125 0.0125 0.0859375 0.025
3 0.0984375 0.146875 0.125 0.0828125
3 0.3625 0.23125 0.125 0.0765625
3 0.0453125 0.3859375 0.090625 0.08125
4 0.13984375 0.4640625 0.2796875 0.209375
4 0.38359375 0.38359375 0.3140625 0.3390625
7 0.134375 0.26953125 0.26875 0.2984375
4 0.253125 0.0734375 0.203125 0.146875
5 0.2671875 0.07578125 0.2875 0.1515625
5 0.3546875 0.309375 0.371875 0.51875
5 0.1921875 0.38125 0.384375 0.375
5 0.1640625 0.22890625 0.328125 0.4578125
4 0.171875 0.784375 0.34375 0.43125
5 0.2703125 0.784375 0.540625 0.43125
1 0.0703125 0.62578125 0.140625 0.1140625
