8 0.74921875 0.209375 0.5015625 0.41875
0 0.928125 0.3984375 0.0109375 0.0140625
7 0.92734375 0.41171875 0.0140625 0.0140625
5 0.9234375 0.40546875 0.025 0.0265625
2 0.0328125 0.14140625 0.065625 0.0859375
3 0.02421875 0.2921875 0.0484375 0.140625
5 0.1578125 0.2328125 0.315625 0.371875
8 0.59609375 0.61015625 0.5515625 0.3828125
8 0.66875 0.78046875 0.6625 0.4390625
7 0.778125 0.88203125 0.03125 0.034375
7 0.33671875 0.54140625 0.0296875 0.0328125
2 0.78359375 0.84921875 0.015625 0.0171875
2 0.33984375 0.51171875 0.015625 0.0171875
5 0.34765625 0.55234375 0.0546875 0.0984375
5 0.778125 0.8703125 0.040625 0.0609375
3 0.21015625 0.54609375 0.0171875 0.0171875
2 0.2171875 0.51171875 0.025 0.0203125
4 0.2 0.60859375 0.065625 0.1078125
5 0.19375 0.65546875 0.109375 0.31875
