8 0.6421875 0.34453125 0.20625 0.2125
8 0.65546875 0.27578125 0.6890625 0.4078125
3 0.70625 0.3328125 0.009375 0.0109375
2 0.7046875 0.31796875 0.0140625 0.01875
4 0.69765625 0.353125 0.0203125 0.0375
5 0.70546875 0.35 0.04375 0.0859375
0 0.2359375 0.0703125 0.084375 0.1046875
3 0.2328125 0.0859375 0.04375 0.0453125
4 0.2921875 0.3140625 0.0375 0.309375
7 0.1640625 0.275 0.2 0.33125
5 0.153125 0.23984375 0.30625 0.4796875
5 0.26015625 0.23984375 0.1015625 0.4796875
4 0.15546875 0.57265625 0.3109375 0.1859375
5 0.15546875 0.68828125 0.3109375 0.4171875
