8 0.896875 0.38828125 0.20625 0.1421875
4 0.7953125 0.4375 0.034375 0.04375
2 0.7953125 0.39921875 0.015625 0.0125
3 0.79296875 0.4125 0.0140625 0.0109375
5 0.78828125 0.425 0.0578125 0.06875
8 0.44375 0.1953125 0.19375 0.390625
6 0.36640625 0.32578125 0.1265625 0.2640625
7 0.02734375 0.0421875 0.0546875 0.084375
7 0.13125 0.046875 0.078125 0.09375
7 0.2875 0.0671875 0.090625 0.134375
5 0.27421875 0.1609375 0.1296875 0.321875
5 0.1296875 0.13671875 0.153125 0.2734375
5 0.05390625 0.175 0.1078125 0.35
8 0.2703125 0.7296875 0.540625 0.540625
