8 0.90390625 0.31328125 0.1921875 0.5734375
8 0.7671875 0.434375 0.465625 0.33125
7 0.29609375 0.05546875 0.4703125 0.1109375
5 0.265625 0.2515625 0.53125 0.503125
7 0.6609375 0.75078125 0.259375 0.3015625
5 0.69140625 0.8 0.3203125 0.4
3 0.33984375 0.87265625 0.14375 0.1203125
3 0.52734375 0.62734375 0.0078125 0.0203125
2 0.37109375 0.615625 0.2015625 0.03125
5 0.24296875 0.621875 0.0671875 0.04375
5 0.4921875 0.7296875 0.078125 0.259375
5 0.27109375 0.8 0.5203125 0.4
4 0.31640625 0.94140625 0.3921875 0.1171875
4 0.51328125 0.64453125 0.0359375 0.0578125
