8 0.79453125 0.1703125 0.4109375 0.340625
8 0.90703125 0.34296875 0.1859375 0.5734375
5 0.07265625 0.5859375 0.0046875 0.009375
8 0.05234375 0.59296875 0.06875 0.04375
8 0.34453125 0.3484375 0.4328125 0.5625
6 0.56484375 0.89140625 0.0046875 0.021875
6 0.56953125 0.88828125 0.00625 0.021875
6 0.58671875 0.97578125 0.0203125 0.046875
6 0.6375 0.98828125 0.0375 0.0234375
6 0.64921875 0.88046875 0.0109375 0.0234375
6 0.65703125 0.88828125 0.0125 0.0296875
6 0.7296875 0.87109375 0.015625 0.03125
6 0.85703125 0.84921875 0.0171875 0.0390625
6 0.984375 0.85390625 0.0203125 0.046875
6 0.71171875 0.846875 0.009375 0.021875
6 0.76171875 0.8234375 0.009375 0.0171875
6 0.79296875 0.80625 0.0078125 0.015625
9 0.7703125 0.7796875 0.028125 0.0390625
8 0.24609375 0.771875 0.4921875 0.284375
8 0.41796875 0.80546875 0.2859375 0.3515625
