6 0.73046875 0.259375 0.3765625 0.51875
6 0.9640625 0.30703125 0.071875 0.4234375
6 0.08203125 0.259375 0.1640625 0.51875
5 0.2453125 0.259375 0.490625 0.51875
4 0.28203125 0.48203125 0.2890625 0.0734375
3 0.25390625 0.38984375 0.140625 0.1375
2 0.25234375 0.07421875 0.1765625 0.1484375
2 0.53671875 0.65625 0.0921875 0.275
5 0.640625 0.759375 0.3 0.48125
1 0.5296875 0.8953125 0.078125 0.15625
0 0.33828125 0.784375 0.15 0.2578125
4 0.13359375 0.8625 0.2671875 0.275
3 0.2578125 0.834375 0.0671875 0.1328125
5 0.2140625 0.81953125 0.428125 0.3609375
