8 0.7046875 0.10078125 0.246875 0.2015625
8 0.78203125 0.2984375 0.3765625 0.321875
8 0.98984375 0.13125 0.0203125 0.24375
7 0.72734375 0.365625 0.015625 0.0203125
0 0.7296875 0.35 0.0078125 0.0078125
5 0.73359375 0.37265625 0.028125 0.0578125
7 0.64921875 0.084375 0.01875 0.025
0 0.65 0.06484375 0.009375 0.0109375
5 0.65 0.08125 0.021875 0.046875
8 0.93984375 0.415625 0.1203125 0.0875
8 0.28515625 0.2296875 0.5703125 0.459375
3 0.91875 0.52890625 0.1625 0.1390625
7 0.9171875 0.7296875 0.165625 0.540625
5 0.86796875 0.7296875 0.2640625 0.540625
7 0.5 0.53125 0.1625 0.14375
5 0.44375 0.7296875 0.275 0.540625
