8 0.678125 0.24375 0.209375 0.1328125
4 0.77734375 0.30703125 0.0296875 0.053125
2 0.78203125 0.26328125 0.0140625 0.0109375
3 0.78203125 0.2765625 0.0125 0.0109375
5 0.7828125 0.3265625 0.05 0.140625
9 0.48125 0.27109375 0.121875 0.0421875
8 0.01484375 0.07421875 0.0296875 0.1484375
8 0.33359375 0.3625 0.1734375 0.353125
8 0.65546875 0.815625 0.3359375 0.36875
8 0.8890625 0.78828125 0.221875 0.3921875
7 0.23203125 0.871875 0.1953125 0.25625
1 0.2265625 0.715625 0.071875 0.06875
0 0.22890625 0.6046875 0.090625 0.078125
5 0.21015625 0.77734375 0.4203125 0.4453125
