4 0.53984375 0.2125 0.2171875 0.20625
0 0.57734375 0.096875 0.125 0.071875
2 0.82109375 0.009375 0.0796875 0.01875
3 0.76875 0.009375 0.040625 0.01875
5 0.671875 0.08203125 0.3875 0.1640625
5 0.5765625 0.278125 0.290625 0.4625
1 0.31015625 0.31171875 0.2421875 0.3609375
4 0.215625 0.41953125 0.43125 0.1796875
5 0.215625 0.2546875 0.43125 0.509375
8 0.715625 0.7546875 0.56875 0.490625
5 0.215625 0.7546875 0.43125 0.490625
4 0.14609375 0.89140625 0.2921875 0.2171875
1 0.11796875 0.70546875 0.2359375 0.2765625
