8 0.66015625 0.259375 0.6796875 0.51875
0 0.609375 0.4453125 0.0109375 0.0140625
7 0.5984375 0.4625 0.021875 0.0234375
5 0.60078125 0.45625 0.028125 0.0359375
9 0.41640625 0.45859375 0.1921875 0.1203125
9 0.3875 0.34375 0.134375 0.35
4 0.16015625 0.4609375 0.3203125 0.115625
1 0.1375 0.29609375 0.275 0.4109375
2 0.16015625 0.04765625 0.3203125 0.0953125
5 0.16015625 0.259375 0.3203125 0.51875
3 0.33359375 0.6375 0.0265625 0.0375
3 0.57734375 0.9796875 0.01875 0.0328125
0 0.3546875 0.5703125 0.06875 0.103125
0 0.55390625 0.92734375 0.0859375 0.1453125
7 0.65078125 0.91796875 0.1765625 0.1640625
5 0.621875 0.9125 0.284375 0.175
4 0.09296875 0.77421875 0.1859375 0.4515625
5 0.16015625 0.759375 0.3203125 0.48125
