8 0.684375 0.209375 0.246875 0.2640625
8 0.78828125 0.171875 0.4234375 0.34375
5 0.8015625 0.10625 0.0421875 0.06875
1 0.36328125 0.06328125 0.1546875 0.1265625
4 0.3375 0.33203125 0.20625 0.3734375
5 0.26484375 0.259375 0.3515625 0.51875
5 0.14296875 0.259375 0.2859375 0.51875
9 0.51328125 0.83515625 0.1453125 0.3296875
6 0.8109375 0.91015625 0.0328125 0.0453125
9 0.8828125 0.759375 0.234375 0.48125
3 0.6734375 0.6765625 0.0546875 0.1109375
0 0.6296875 0.575 0.14375 0.1125
7 0.68359375 0.8375 0.2515625 0.325
5 0.68984375 0.759375 0.3140625 0.48125
2 0.12890625 0.67421875 0.2578125 0.3109375
5 0.2203125 0.759375 0.440625 0.48125
