9 0.73515625 0.29765625 0.1078125 0.0828125
7 0.675 0.234375 0.109375 0.209375
7 0.88125 0.26484375 0.090625 0.1484375
3 0.68359375 0.1171875 0.0359375 0.046875
3 0.909375 0.17109375 0.0109375 0.0265625
0 0.9 0.1328125 0.0578125 0.0734375
0 0.70078125 0.04921875 0.05 0.0640625
5 0.709375 0.16953125 0.178125 0.3390625
5 0.859375 0.1828125 0.184375 0.3125
8 0.81015625 0.54296875 0.3796875 0.4078125
1 0.45703125 0.546875 0.3265625 0.303125
2 0.39375 0.41015625 0.453125 0.1421875
4 0.31015625 0.81171875 0.6203125 0.3765625
5 0.31015625 0.66953125 0.6203125 0.6609375
