2 0.95 0.07109375 0.0375 0.028125
4 0.959375 0.13671875 0.078125 0.1109375
5 0.95078125 0.1765625 0.0984375 0.353125
9 0.03671875 0.45625 0.0734375 0.084375
3 0.35859375 0.16953125 0.03125 0.0515625
7 0.43203125 0.19296875 0.1578125 0.1796875
0 0.33203125 0.13125 0.0609375 0.1
5 0.4046875 0.278125 0.2125 0.440625
8 0.8375 0.7546875 0.2984375 0.3515625
8 0.7109375 0.75 0.4 0.5
0 0.84375 0.7828125 0.0046875 0.00625
7 0.8453125 0.80078125 0.009375 0.021875
5 0.846875 0.80859375 0.0171875 0.059375
9 0.8515625 0.80078125 0.0421875 0.053125
8 0.89453125 0.76953125 0.0421875 0.04375
8 0.94921875 0.78828125 0.053125 0.0546875
8 0.99375 0.7734375 0.0125 0.059375
0 0.44453125 0.5828125 0.1328125 0.165625
3 0.48984375 0.72421875 0.0421875 0.0703125
7 0.42265625 0.8296875 0.1765625 0.340625
5 0.3828125 0.75 0.25625 0.5
