8 0.13359375 0.15 0.2671875 0.3
5 0.49765625 0.69765625 0.1546875 0.6046875
5 0.63046875 0.771875 0.1640625 0.45625
5 0.71015625 0.56875 0.034375 0.0921875
5 0.61953125 0.57890625 0.015625 0.0578125
4 0.61953125 0.5921875 0.015625 0.03125
4 0.71484375 0.5875 0.0140625 0.0328125
2 0.70859375 0.53125 0.025 0.0265625
2 0.61875 0.5671875 0.0171875 0.01875
2 0.659375 0.5828125 0.0875 0.08125
2 0.7265625 0.65703125 0.1046875 0.0921875
2 0.8703125 0.534375 0.03125 0.0328125
2 0.878125 0.64140625 0.09375 0.0828125
2 0.94765625 0.50859375 0.028125 0.0265625
1 0.9515625 0.55625 0.025 0.0375
1 0.97734375 0.596875 0.0453125 0.1625
1 0.8671875 0.5765625 0.021875 0.025
1 0.8875 0.73125 0.0578125 0.08125
1 0.6484375 0.678125 0.059375 0.0890625
1 0.70078125 0.77421875 0.078125 0.1109375
4 0.4796875 0.81875 0.11875 0.3625
4 0.61796875 0.85703125 0.1078125 0.2859375
4 0.70546875 0.92265625 0.2078125 0.1546875
4 0.86484375 0.8796875 0.1546875 0.240625
4 0.93828125 0.6265625 0.0359375 0.06875
4 0.209375 0.853125 0.1234375 0.1296875
2 0.22578125 0.76484375 0.04375 0.021875
5 0.2171875 0.87578125 0.178125 0.2484375
5 0.2328125 0.37578125 0.128125 0.1515625
