7 0.75390625 0.3875 0.2453125 0.3625
5 0.7703125 0.284375 0.278125 0.56875
0 0.7484375 0.06328125 0.190625 0.1265625
3 0.72265625 0.19296875 0.1 0.1484375
8 0.315625 0.284375 0.63125 0.56875
8 0.5625 0.4234375 0.1375 0.290625
9 0.8890625 0.9171875 0.0984375 0.146875
7 0.9578125 0.87265625 0.084375 0.2546875
7 0.77265625 0.82578125 0.08125 0.1703125
3 0.99140625 0.73046875 0.0171875 0.0453125
3 0.778125 0.715625 0.009375 0.025
0 0.796875 0.68359375 0.053125 0.06875
0 0.990625 0.6640625 0.01875 0.059375
5 0.9203125 0.784375 0.159375 0.43125
5 0.76953125 0.79140625 0.1515625 0.4171875
5 0.08125 0.784375 0.1625 0.43125
2 0.171875 0.58359375 0.11875 0.0296875
2 0.32890625 0.58515625 0.1078125 0.0328125
1 0.46640625 0.59296875 0.1203125 0.0484375
1 0.325 0.646875 0.0703125 0.090625
1 0.08671875 0.58671875 0.0734375 0.0359375
1 0.12421875 0.66328125 0.0953125 0.1234375
4 0.04921875 0.778125 0.0984375 0.39375
4 0.109375 0.8625 0.21875 0.275
4 0.26484375 0.83125 0.2109375 0.3375
4 0.45234375 0.784375 0.3578125 0.43125
