9 0.73984375 0.11328125 0.1828125 0.2265625
2 0.6453125 0.0265625 0.228125 0.053125
3 0.5828125 0.08515625 0.103125 0.1265625
4 0.61796875 0.25625 0.1734375 0.3875
4 0.87890625 0.3 0.2421875 0.3
3 0.984375 0.146875 0.03125 0.08125
5 0.85625 0.225 0.2875 0.45
5 0.725 0.1203125 0.2 0.240625
5 0.6453125 0.225 0.228125 0.45
8 0.265625 0.225 0.53125 0.45
8 0.765625 0.725 0.46875 0.55
1 0.32421875 0.815625 0.4140625 0.36875
2 0.33671875 0.5453125 0.3890625 0.190625
4 0.265625 0.9125 0.53125 0.175
5 0.265625 0.725 0.53125 0.55
