8 0.6390625 0.16875 0.278125 0.3375
6 0.98984375 0.36328125 0.0203125 0.1140625
6 0.99453125 0.2953125 0.0109375 0.065625
6 0.88984375 0.278125 0.03125 0.06875
6 0.8015625 0.2671875 0.03125 0.0640625
4 0.96484375 0.30859375 0.0390625 0.059375
2 0.965625 0.25859375 0.0203125 0.025
5 0.959375 0.3078125 0.0796875 0.1359375
6 0.51796875 0.4046875 0.0359375 0.128125
9 0.51953125 0.1828125 0.0390625 0.059375
9 0.53515625 0.184375 0.0703125 0.078125
6 0.06171875 0.34921875 0.0203125 0.0828125
8 0.12421875 0.2375 0.1875 0.125
8 0.12265625 0.6625 0.2453125 0.178125
