5 0.525 0.06171875 0.096875 0.1234375
8 0.20546875 0.259375 0.4109375 0.51875
5 0.38046875 0.02578125 0.0609375 0.0515625
8 0.79375 0.78828125 0.334375 0.4234375
8 0.7484375 0.91640625 0.0984375 0.1390625
8 0.96484375 0.9046875 0.0703125 0.125
0 0.24921875 0.696875 0.1484375 0.125
0 0.08984375 0.7796875 0.15625 0.1765625
0 0.35546875 0.81484375 0.1109375 0.1171875
0 0.1421875 0.865625 0.175 0.1328125
0 0.0765625 0.96796875 0.153125 0.0640625
5 0.1640625 0.559375 0.171875 0.08125
5 0.17421875 0.66953125 0.1703125 0.209375
4 0.18359375 0.69609375 0.128125 0.134375
2 0.203125 0.6046875 0.078125 0.040625
4 0.16171875 0.5546875 0.1546875 0.071875
0 0.22890625 0.54375 0.1515625 0.05
5 0.2203125 0.540625 0.165625 0.04375
5 0.32265625 0.546875 0.1203125 0.05625
5 0.3484375 0.68515625 0.1109375 0.1671875
4 0.35546875 0.68828125 0.0921875 0.1234375
4 0.33203125 0.5265625 0.0921875 0.015625
0 0.0609375 0.52890625 0.121875 0.0203125
5 0.1 0.83359375 0.2 0.2953125
0 0.23984375 0.759375 0.19375 0.253125
0 0.3203125 0.875 0.18125 0.25
4 0.2515625 0.83125 0.1265625 0.1203125
4 0.3421875 0.93203125 0.1375 0.1265625
4 0.0421875 0.8515625 0.08125 0.146875
4 0.22109375 0.95703125 0.1828125 0.0859375
5 0.0765625 0.965625 0.153125 0.06875
5 0.18359375 0.89453125 0.2578125 0.2109375
