11 0.550130765625 0.26357107812499997 0.5504980796875001 0.22532723125 0.47637418125000003 0.21459899531249998 0.47556849218749997 0.2522860046875 0.550130765625 0.26357107812499997
11 0.5468250484375 0.365136725 0.5490288609375 0.2679597359375 0.4748339 0.26043635468750004 0.47005896406250003 0.3569864046875 0.5468250484375 0.365136725
11 0.5361733046875 0.45917899218749997 0.5424174265625 0.3720331671875 0.4675558390625 0.3630952375 0.46454943593750003 0.4491478546875 0.5361733046875 0.45917899218749997
11 0.531031090625 0.5500865359375 0.5365406187499999 0.4673293421875 0.46645354531249994 0.4552005 0.46197831093749997 0.5413092765624999 0.531031090625 0.5500865359375
11 0.5291945578125 0.5882731062500001 0.5302964640625001 0.558806490625 0.46314666718749997 0.5473057625 0.4634475296875 0.5788688796875 0.5291945578125 0.5882731062500001
11 0.5236850296875 0.6716572109375 0.5269907468749999 0.599558178125 0.461493228125 0.5848997484375 0.4597745 0.66099910625 0.5236850296875 0.6716572109375
11 0.6166124203125001 0.44720967656250005 0.6265295703125 0.3224469453125 0.551599984375 0.3111618734375 0.5446212375 0.43717851249999995 0.6166124203125001 0.44720967656250005
11 0.607797175 0.5700915625 0.6158778265625 0.45661390468749996 0.545267478125 0.4439223046875 0.5398463359375001 0.5644490265625 0.607797175 0.5700915625
11 0.6004511484374999 0.6816884046875 0.6129393890625 0.5782419125 0.5403071609375 0.5708020046875 0.5376425234375 0.6741650234375001 0.6004511484374999 0.6816884046875
11 0.6261622578125 0.31811559218749996 0.6298352875 0.2002492890625 0.55629040625 0.1845238078125 0.5527018906250001 0.3043227359375 0.6261622578125 0.31811559218749996
11 0.443613228125 0.580749725 0.44434782031250003 0.5494022640625 0.35842885468749996 0.53226816875 0.36023569218749996 0.569464653125 0.443613228125 0.580749725
11 0.445082446875 0.6578070796875 0.44765353750000003 0.591350525 0.36173573281250004 0.572681703125 0.364643315625 0.6408794703125 0.445082446875 0.6578070796875
11 0.3650106109375 0.7637040234375 0.44214400937500004 0.7794350578125 0.4458170390625 0.662822646875 0.36394031718750003 0.6469298234374999 0.3650106109375 0.7637040234375
11 0.9219632890625 0.38066268124999997 0.9278343250000001 0.322539275 0.8839006734374999 0.3062138578125 0.87793055 0.3676350234375 0.9219632890625 0.38066268124999997
11 0.9144777234375001 0.4465067875 0.921082634375 0.387631784375 0.8775136828125 0.37156285 0.8701514375 0.43673604062500004 0.9144777234375001 0.4465067875
11 0.9100744484375 0.488095084375 0.91359706875 0.45402275625 0.8706862109375001 0.442545375 0.8654546171874999 0.47757274375 0.9100744484375 0.488095084375
11 0.8948097703125001 0.578491325 0.9094873546875 0.49656737968750003 0.86650163125 0.48498466249999994 0.8507770328125 0.5752344015624999 0.8948097703125001 0.578491325
11 0.9555749499999999 0.4898259171875 0.9681976640625001 0.397630159375 0.9292703250000001 0.3835810546875 0.9175600140625001 0.4830615546875 0.9555749499999999 0.4898259171875
11 0.9401634921875001 0.5822264046875001 0.9544007484374999 0.49353809843749996 0.9177067953125 0.48727479218749997 0.9020017890625001 0.58022215625 0.9401634921875001 0.5822264046875001
11 0.968629475 0.38993401250000004 0.97827115 0.29667543125 0.93889316875 0.2786915203125 0.9300627765625 0.3771338265625 0.968629475 0.38993401250000004
11 0.9769855937499999 0.5862253296875 0.9919837609375 0.5032069015625 0.958826296875 0.4947002921875 0.944846678125 0.5829338500000001 0.9769855937499999 0.5862253296875
11 0.95984484375 0.670274046875 0.97655708125 0.58981566875 0.9440372015625 0.5879020453125 0.92920573125 0.6691768875 0.95984484375 0.670274046875
