11 0.58984375 0.25078125 0.0734375 0.1046875
11 0.58515625 0.38046875 0.065625 0.115625
11 0.578125 0.509375 0.0640625 0.1109375
11 0.57265625 0.6265625 0.0625 0.103125
11 0.5140625 0.234375 0.0734375 0.0390625
11 0.5109375 0.3125 0.0703125 0.0828125
11 0.50390625 0.41015625 0.0671875 0.078125
11 0.49921875 0.503125 0.06875 0.075
11 0.4984375 0.56796875 0.0671875 0.0265625
11 0.49453125 0.62890625 0.065625 0.0671875
11 0.40234375 0.55078125 0.0828125 0.0296875
11 0.40625 0.6140625 0.08125 0.0515625
11 0.40390625 0.7125 0.0765625 0.1
11 0.9015625 0.3375 0.0484375 0.059375
11 0.89296875 0.41171875 0.0453125 0.0515625
11 0.88828125 0.4671875 0.04375 0.034375
11 0.87421875 0.53515625 0.04375 0.0828125
11 0.95078125 0.33203125 0.0421875 0.0890625
11 0.9390625 0.43828125 0.0421875 0.0859375
11 0.9265625 0.5375 0.0328125 0.0875
