0 0.02265625 0.21875 0.04453125 0.05546875
0 0.171875 0.2234375 0.14765625 0.0578125
0 0.34140625 0.2234375 0.16484375 0.05546875
0 0.48671875 0.22109375 0.0828125 0.05546875
0 0.71015625 0.21875 0.171875 0.06015625
0 0.88984375 0.21796875 0.15859375 0.05546875
0 0.04765625 0.46875 0.0625 0.0625
0 0.21640625 0.4734375 0.140625 0.0671875
0 0.38046875 0.4734375 0.1609375 0.05546875
0 0.52265625 0.4609375 0.1046875 0.06015625
0 0.721875 0.42890625 0.1875 0.0421875
0 0.909375 0.4265625 0.14296875 0.05390625
0 0.96953125 0.4640625 0.05390625 0.0265625
0 0.784375 0.55546875 0.2765625 0.06015625
0 0.815625 0.7109375 0.36796875 0.28125
0 0.95859375 0.5046875 0.0828125 0.015625
0 0.86796875 0.515625 0.03125 0.00859375
0 0.975 0.42109375 0.05 0.0796875