0 0.28984375 0.0109375 0.07109375 0.01796875
0 0.4171875 0.0046875 0.08515625 0.00859375
0 0.25078125 0.21796875 0.0828125 0.046875
0 0.40546875 0.22109375 0.13359375 0.05390625
0 0.578125 0.23359375 0.0828125 0.0578125
0 0.71796875 0.2375 0.1140625 0.0578125
0 0.86015625 0.24921875 0.14296875 0.0734375
0 0.97421875 0.51875 0.0515625 0.04453125
0 0.81484375 0.51796875 0.0984375 0.0578125
0 0.64296875 0.5046875 0.125 0.07109375
0 0.53125 0.4765625 0.06015625 0.06484375
0 0.36171875 0.425 0.04453125 0.03359375
0 0.22734375 0.40078125 0.0578125 0.02421875
0 0.49296875 0.7484375 0.9859375 0.503125
0 0.98671875 0.83046875 0.0265625 0.03828125