0 0.04765625 0.04375 0.0953125 0.059375
0 0.2109375 0.04609375 0.125 0.05390625
0 0.50546875 0.03671875 0.0828125 0.02421875
0 0.64609375 0.03359375 0.13828125 0.02890625
0 0.3625 0.19453125 0.0578125 0.0421875
0 0.46328125 0.203125 0.05546875 0.04921875
0 0.62578125 0.2109375 0.06015625 0.046875
0 0.89453125 0.1953125 0.2109375 0.05
0 0.91640625 0.29609375 0.1671875 0.05546875
0 0.340625 0.34609375 0.09375 0.0421875
0 0.4609375 0.3671875 0.0890625 0.0421875
0 0.1953125 0.23515625 0.12734375 0.05390625
0 0.03984375 0.24375 0.0796875 0.059375
0 0.17109375 0.4140625 0.1140625 0.05546875
0 0.47421875 0.60234375 0.94609375 0.41328125
0 0.8078125 0.5828125 0.16328125 0.04921875