0 0.49921875 0.140625 0.15390625 0.02265625
0 0.653125 0.1296875 0.13359375 0.02265625
0 0.78671875 0.11484375 0.11171875 0.01796875
0 0.92734375 0.09296875 0.1453125 0.0578125
0 0.9421875 0.3234375 0.05546875 0.0265625
0 0.8234375 0.4875 0.2390625 0.07109375
0 0.76875 0.771875 0.125 0.45625
0 0.37421875 0.89375 0.0359375 0.21171875
0 0.41875 0.91484375 0.03828125 0.16953125
0 0.453125 0.40625 0.109375 0.03359375
0 0.18515625 0.346875 0.140625 0.14921875
0 0.97734375 0.3875 0.04453125 0.01796875