0 0.02421875 0.2015625 0.0484375 0.03125
0 0.140625 0.21328125 0.16328125 0.0578125
0 0.48984375 0.0125 0.16953125 0.02421875
0 0.6671875 0.01484375 0.0890625 0.02890625
0 0.81953125 0.015625 0.171875 0.03125
0 0.971875 0.015625 0.05546875 0.03125
0 0.41875 0.21171875 0.31015625 0.0515625
0 0.97109375 0.20390625 0.0578125 0.0515625
0 0.96953125 0.38515625 0.06015625 0.03359375
0 0.03203125 0.41953125 0.0640625 0.0578125
0 0.15625 0.41640625 0.16328125 0.05546875
0 0.5 0.48125 1 0.13359375
0 0.76015625 0.20859375 0.27265625 0.05390625
0 0.5 0.89140625 1 0.15390625
0 0.42421875 0.4109375 0.30390625 0.04453125
0 0.7546875 0.4015625 0.26796875 0.05390625
0 0.34453125 0.175 0.125 0.02265625