0 0.4734375 0.609375 0.94609375 0.4171875
0 0.90078125 0.60859375 0.18046875 0.09375
0 0.96484375 0.29921875 0.0703125 0.0359375
0 0.0890625 0.0453125 0.178125 0.05625
0 0.31171875 0.04609375 0.16328125 0.05390625
0 0.72734375 0.03203125 0.08515625 0.02265625
0 0.27890625 0.23984375 0.13359375 0.0578125
0 0.0859375 0.43203125 0.1609375 0.05390625
0 0.25546875 0.41171875 0.12265625 0.078125
0 0.74140625 0.2109375 0.0625 0.0421875
0 0.95859375 0.20234375 0.0828125 0.03984375
0 0.57265625 0.20234375 0.05390625 0.04453125
0 0.46953125 0.19765625 0.05390625 0.0359375
0 0.5671875 0.37421875 0.0890625 0.0359375
0 0.440625 0.35078125 0.09609375 0.03359375
0 0.93046875 0.43203125 0.13828125 0.03828125
0 0.078125 0.24765625 0.15625 0.0734375