0 0.05390625 0.109375 0.10703125 0.06953125
0 0.29765625 0.0890625 0.28359375 0.0890625
0 0.6125 0.046875 0.2390625 0.08046875
0 0.87265625 0.0234375 0.16953125 0.046875
0 0.89140625 0.18828125 0.203125 0.0671875
0 0.6328125 0.23359375 0.25234375 0.07578125
0 0.328125 0.28671875 0.3015625 0.07578125
0 0.07578125 0.328125 0.1515625 0.06484375
0 0.55703125 0.3125 0.8859375 0.15859375
0 0.18046875 0.45546875 0.140625 0.04453125
0 0.06015625 0.5359375 0.1203125 0.046875
0 0.0921875 0.87890625 0.184375 0.2421875