0 0.35859375 0.0109375 0.1796875 0.021875
0 0.53671875 0.0078125 0.06953125 0.015625
0 0.68203125 0.015625 0.171875 0.03125
0 0.9171875 0.01796875 0.16484375 0.0359375
0 0.90625 0.20234375 0.1875 0.046875
0 0.6328125 0.2078125 0.25859375 0.0515625
0 0.3015625 0.20078125 0.3078125 0.0734375
0 0.0515625 0.21328125 0.10234375 0.05390625
0 0.21640625 0.30390625 0.1203125 0.02421875
0 0.90625 0.3859375 0.1875 0.05390625
0 0.63203125 0.39765625 0.2546875 0.0515625
0 0.309375 0.409375 0.2921875 0.046875
0 0.059375 0.41640625 0.11171875 0.046875
0 0.5 0.471875 1 0.125
0 0.5 0.86953125 1 0.15859375