0 0.54375 0.98671875 0.03125 0.0265625
0 0.6375 0.99296875 0.03984375 0.01328125
0 0.78359375 0.74453125 0.078125 0.04921875
0 0.91796875 0.7625 0.1640625 0.0625
0 0.971875 0.50234375 0.05546875 0.05390625
0 0.75078125 0.4875 0.2296875 0.09375
0 0.52578125 0.4640625 0.18515625 0.08671875
0 0.328125 0.44765625 0.0984375 0.0578125
0 0.1953125 0.44296875 0.10703125 0.05390625
0 0.08828125 0.4265625 0.0671875 0.06015625
0 0.0109375 0.20625 0.021875 0.046875
0 0.11640625 0.21328125 0.07109375 0.0515625
0 0.23359375 0.21640625 0.10078125 0.04921875
0 0.35703125 0.22109375 0.1046875 0.0578125
0 0.5671875 0.22578125 0.1984375 0.06484375
0 0.79765625 0.2265625 0.2296875 0.0671875
0 0.02890625 0.0078125 0.0265625 0.00703125
0 0.3875 0.72734375 0.77421875 0.54453125