0 0.79453125 0.3703125 0.3171875 0.1359375
0 0.91171875 0.09453125 0.16328125 0.0578125
0 0.83828125 0.0890625 0.3234375 0.08046875
0 0.70390625 0.58125 0.05546875 0.02265625
0 0.82578125 0.5625 0.15625 0.08671875
0 0.45 0.66875 0.89921875 0.42421875
0 0.01328125 0.33671875 0.0203125 0.03125
0 0.15859375 0.30234375 0.0421875 0.01796875
0 0.0265625 0.171875 0.02265625 0.01796875
0 0.075 0.1828125 0.05390625 0.03359375
0 0.19765625 0.1765625 0.05390625 0.015625
0 0.1921875 0.0421875 0.10078125 0.02421875
0 0.078125 0.03671875 0.0578125 0.02265625
0 0.07578125 0.29609375 0.03984375 0.015625
0 0.98984375 0.68671875 0.0203125 0.0421875