0 0.03046875 0.05390625 0.06015625 0.06015625
0 0.0203125 0.28125 0.03984375 0.0578125
0 0.38359375 0.05234375 0.296875 0.06015625
0 0.6765625 0.0546875 0.171875 0.05546875
0 0.91640625 0.22421875 0.0625 0.03984375
0 0.64375 0.2578125 0.16953125 0.0734375
0 0.35625 0.27421875 0.2859375 0.0625
0 0.33046875 0.47421875 0.265625 0.0578125
0 0.6046875 0.44765625 0.15859375 0.08671875
0 0.48671875 0.60390625 0.9734375 0.4265625
0 0.87265625 0.39296875 0.1046875 0.0359375
0 0.98203125 0.41640625 0.0359375 0.0265625
0 0.67421875 0.19453125 0.125 0.03984375