0 0.0125 0.06484375 0.02421875 0.0046875
0 0.22109375 0.0828125 0.30390625 0.06953125
0 0.55546875 0.06953125 0.26796875 0.06484375
0 0.79765625 0.05390625 0.0828125 0.04921875
0 0.93828125 0.046875 0.12265625 0.05546875
0 0.9171875 0.23671875 0.15390625 0.03984375
0 0.76484375 0.25078125 0.08515625 0.03359375
0 0.5421875 0.265625 0.28984375 0.04921875
0 0.2140625 0.28125 0.31953125 0.05390625
0 0.3796875 0.6328125 0.75859375 0.734375
0 0.72421875 0.46875 0.140625 0.0515625
0 0.97109375 0.4421875 0.046875 0.03984375
0 0.88046875 0.45 0.1359375 0.046875