0 0.73984375 0.8046875 0.5203125 0.11171875
0 0.75859375 0.51328125 0.48203125 0.08515625
0 0.6640625 0.46171875 0.125 0.06953125
0 0.4015625 0.50078125 0.22734375 0.08515625
0 0.4296875 0.5234375 0.10078125 0.07578125
0 0.1046875 0.54609375 0.209375 0.0921875
0 0.07890625 0.2859375 0.1578125 0.065625
0 0.359375 0.27890625 0.25703125 0.05546875
0 0.62265625 0.2734375 0.15859375 0.046875
0 0.78125 0.26875 0.03984375 0.03828125
0 0.84609375 0.265625 0.03984375 0.03359375
0 0.93203125 0.25703125 0.0265625 0.02421875
0 0.97578125 0.25703125 0.0265625 0.02265625
0 0.95859375 0.11484375 0.0359375 0.02265625
0 0.82890625 0.10234375 0.04921875 0.03359375
0 0.76015625 0.09140625 0.04921875 0.0265625
0 0.58671875 0.078125 0.15625 0.0515625
0 0.315625 0.05 0.26328125 0.07109375
0 0.05234375 0.02421875 0.1046875 0.0484375
0 0.528125 0.7234375 0.265625 0.1296875
0 0.60703125 0.6296875 0.1984375 0.0671875
0 0.52890625 0.7234375 0.26796875 0.12734375