0 0.5 0.42890625 1 0.10703125
0 0.153125 0.2703125 0.2234375 0.06953125
0 0.15078125 0.03671875 0.25859375 0.06484375
0 0.61796875 0.22734375 0.09140625 0.05546875
0 0.45546875 0.2421875 0.125 0.06015625
0 0.46953125 0.0421875 0.11171875 0.05546875
0 0.6203125 0.04453125 0.09140625 0.0515625
0 0.6015625 0.1640625 0.0265625 0.0359375
0 0.703125 0.1828125 0.04921875 0.03125
0 0.796875 0.1875 0.046875 0.03828125
0 0.91171875 0.03359375 0.02890625 0.0203125
0 0.81015625 0.34296875 0.078125 0.03125
0 0.828125 0.034375 0.0828125 0.0203125
0 0.0890625 0.853125 0.178125 0.115625
0 0.49765625 0.8046875 0.28828125 0.0984375
0 0.7296875 0.8234375 0.0421875 0.02421875
0 0.93984375 0.1828125 0.03828125 0.01796875