0 0.9015625 0.3421875 0.0453125 0.0453125
0 0.89375 0.4109375 0.046875 0.0515625
0 0.88828125 0.465625 0.046875 0.03125
0 0.8796875 0.53515625 0.05625 0.078125
0 0.95 0.33515625 0.040625 0.0859375
0 0.9390625 0.4375 0.0375 0.084375
0 0.92578125 0.53671875 0.0328125 0.0828125
0 0.59140625 0.24765625 0.0734375 0.10625
0 0.5859375 0.37734375 0.0671875 0.125
0 0.578125 0.51015625 0.065625 0.1109375
0 0.5734375 0.62578125 0.0640625 0.0984375
0 0.51484375 0.234375 0.071875 0.0359375
0 0.509375 0.3125 0.0703125 0.084375
0 0.5046875 0.41015625 0.06875 0.0796875
0 0.49921875 0.50234375 0.0671875 0.075
0 0.49765625 0.5671875 0.0671875 0.0265625
0 0.49375 0.62890625 0.065625 0.0671875
0 0.40234375 0.5578125 0.084375 0.028125
0 0.40703125 0.6125 0.0828125 0.05
0 0.40546875 0.7125 0.075 0.1