0 0.624052471875 0.3189836515625 0.63341964375 0.1968806703125 0.5534953453125 0.18012781718749998 0.5516699015625 0.310988803125 0.624052471875 0.3189836515625
0 0.6185173203125001 0.452715478125 0.6253298125 0.3189836515625 0.55093976875 0.3097762671875 0.5474120890624999 0.4338186109375 0.6185173203125001 0.452715478125
0 0.6100017359375001 0.5725152375 0.6159626406250001 0.4518658734375 0.54391193125 0.44160368281249995 0.540599596875 0.565557890625 0.6100017359375001 0.5725152375
0 0.6053181703125 0.686934046875 0.611279075 0.5713723296875 0.54050525625 0.565072146875 0.5337871453125 0.67893923125 0.6053181703125 0.686934046875
0 0.5520628984375 0.2684556296875 0.5533402390625 0.22266701093750002 0.47555025000000006 0.20845436875 0.4771256484375 0.25319275625 0.5520628984375 0.2684556296875
0 0.5482308796875001 0.368027715625 0.552914484375 0.26700204375 0.4729946734375 0.259660059375 0.469887403125 0.353491634375 0.5482308796875001 0.368027715625
0 0.5378071375 0.46532402968750003 0.5454711765625 0.368659146875 0.46788352031249997 0.35553454375000004 0.46414722656249996 0.447153921875 0.5378071375 0.46532402968750003
0 0.533549325 0.5532672375 0.5378071375 0.46387041250000005 0.4646890484375 0.4557669578125 0.4649987734375 0.5394579828125 0.533549325 0.5532672375
0 0.5297159609375 0.593565096875 0.5318448859375 0.5543177109374999 0.46149457812500005 0.5440150625 0.4615912015625 0.581209428125 0.5297159609375 0.593565096875
0 0.5275870734375 0.6756939 0.530141753125 0.593565096875 0.4608556828125 0.5832364421875 0.45861072812500003 0.6633382296875 0.5275870734375 0.6756939
0 0.4445599921875 0.5869805203125 0.4445599921875 0.5455527234375 0.35799371406249997 0.5265833390625 0.358126684375 0.573171265625 0.4445599921875 0.5869805203125
0 0.45009514375000004 0.6552899203125 0.44881780468750004 0.5840632046875001 0.35991039687500004 0.57452058125 0.365790721875 0.6414806671875 0.45009514375000004 0.6552899203125
0 0.44498623281249994 0.781022596875 0.4471151203125 0.6567392046875 0.3662993390625 0.6442474781249999 0.36621692499999997 0.7606721109375 0.44498623281249994 0.781022596875
0 0.8777356562499999 0.36543404375 0.9207394140625 0.3843309453125 0.9292550374999999 0.31746501562499996 0.8815676765625 0.30147535 0.8786925015625 0.3010604046875 0.8777356562499999 0.36543404375
0 0.8704974109375 0.43738758750000006 0.9173331875 0.4482896390625 0.9237198859375001 0.382877328125 0.8739036375 0.36834127968749997 0.8748591375 0.38277161249999997 0.8704974109375 0.43738758750000006
0 0.90966915 0.491897846875 0.9160558484375001 0.45265045937500004 0.8697479828124999 0.4394247171875 0.8649622593749999 0.48317620625 0.90966915 0.491897846875
0 0.9424555359375001 0.5812744453125 0.9782210484375 0.5899960875 0.9931233703125001 0.5005992609375001 0.9543773859375 0.49260444531249997 0.9553598078125001 0.49280937343750003 0.9424555359375001 0.5812744453125
0 0.9611898765625 0.6735785078125 0.9769437078125 0.5914497046875 0.9406652421875 0.5854154078125 0.9267017046875001 0.6677641015625 0.9611898765625 0.6735785078125
0 0.9399008562500001 0.5878156765625 0.9556547249999999 0.48897041718749995 0.9112761078125 0.483004028125 0.9015806640624999 0.5783672421875 0.9399008562500001 0.5878156765625
0 0.9279790453125001 0.6728516828125 0.9399008562500001 0.5849084734375001 0.8978593281249999 0.5821469593749999 0.8841237015625 0.6684908609375 0.9279790453125001 0.6728516828125
0 0.9552289328124999 0.491169609375 0.968853915625 0.395231553125 0.9296821390625001 0.38287588281249996 0.91605719375 0.48390158593750005 0.9552289328124999 0.491169609375
0 0.9692796703125 0.391597525 0.9790726328125 0.2912986453125 0.938748559375 0.2760023015625 0.9305337234375 0.3792418875 0.9692796703125 0.391597525
0 0.8955550062500001 0.5833528359375 0.9125887859375 0.49030787968749995 0.8654620140624999 0.4844925703125 0.850699421875 0.5736606671875 0.8955550062500001 0.5833528359375
0 0.8774071484375 0.6753515921875 0.8938234484375001 0.5864104734375 0.8478795218749999 0.578343090625 0.8342250765625 0.670478125 0.8774071484375 0.6753515921875