0 0.90078125 0.3390625 0.046875 0.05625
0 0.89375 0.41015625 0.04375 0.0515625
0 0.88828125 0.46484375 0.04375 0.028125
0 0.8796875 0.53359375 0.0546875 0.078125
0 0.95078125 0.3359375 0.0390625 0.090625
0 0.94296875 0.43984375 0.0453125 0.084375
0 0.93125 0.53828125 0.0421875 0.0890625
0 0.59140625 0.25 0.0703125 0.1125
0 0.58515625 0.3796875 0.0671875 0.1171875
0 0.578125 0.50625 0.0671875 0.1109375
0 0.5734375 0.6265625 0.0640625 0.1015625
0 0.51484375 0.234375 0.071875 0.0390625
0 0.51015625 0.31171875 0.071875 0.08125
0 0.5046875 0.4109375 0.0671875 0.08125
0 0.49921875 0.503125 0.06875 0.0734375
0 0.49765625 0.56796875 0.0703125 0.0265625
0 0.49453125 0.62734375 0.065625 0.065625
0 0.403125 0.55703125 0.08125 0.034375
0 0.40625 0.61328125 0.0796875 0.0515625
0 0.40546875 0.7109375 0.0765625 0.1