0 0.59140625 0.24921875 0.0671875 0.121875
0 0.58671875 0.37890625 0.0703125 0.1109375
0 0.57890625 0.50546875 0.0625 0.1140625
0 0.57421875 0.625 0.0609375 0.096875
0 0.5140625 0.2328125 0.0734375 0.0390625
0 0.51015625 0.30859375 0.06875 0.0875
0 0.50703125 0.40859375 0.0703125 0.078125
0 0.49921875 0.5015625 0.0640625 0.0734375
0 0.49765625 0.5671875 0.0703125 0.0234375
0 0.4953125 0.62890625 0.0640625 0.071875
0 0.403125 0.54921875 0.084375 0.0359375
0 0.40625 0.6125 0.0796875 0.0515625
0 0.40546875 0.7125 0.0734375 0.10625
0 0.9015625 0.3375 0.0453125 0.053125
0 0.89296875 0.41015625 0.0453125 0.0515625
0 0.8700532234375 0.44466497031249996 0.8689400875000001 0.44733069375 0.8683204484375 0.47743196718750003 0.9095270484375 0.4864095234375 0.9132449515625 0.4547239765625 0.8700532234375 0.44466497031249996
0 0.8650177453125 0.48892009999999997 0.8652222078125 0.48965984218749997 0.8525193968749999 0.57309844375 0.8924867187500001 0.5767950953125001 0.907977928125 0.4954688515625 0.8650177453125 0.48892009999999997
0 0.9405499234375 0.2834970375 0.9409158421875 0.2839637546875 0.9353390218750001 0.3753237328125 0.9669410765625001 0.3874698546875 0.9759259828125 0.2971660671875 0.9405499234375 0.2834970375
0 0.930091621875 0.389180928125 0.9291425390624999 0.3880388171875 0.9201576328125001 0.479398825 0.953618628125 0.486264021875 0.9663214375000001 0.3996568546875 0.930091621875 0.389180928125
0 0.917696596875 0.4895806234375 0.9176790296874999 0.48805351249999995 0.9037369421875001 0.5794135015624999 0.939366721875 0.5809977953125001 0.9526891703125001 0.4969076140625 0.917696596875 0.4895806234375
0 0.9844777046875001 0.2999534953125 0.983723625 0.2995640984375 0.973676925 0.3908947375 0.9992122796875 0.40159754843749995 0.9998401875 0.30669930624999997 0.9844777046875001 0.2999534953125
0 1 0.4094463046875 0.9729639578124999 0.39990824375 0.97263039375 0.399813746875 0.960281346875 0.487220028125 0.9916772625 0.497209328125 0.9994215828125 0.446906140625 1 0.4094463046875
0 0.9609268578125001 0.49629318125 0.9611185593749999 0.49517921718749996 0.9452112984375001 0.5808017234375 0.9761886078125 0.585439578125 0.9895842015625 0.501957675 0.9609268578125001 0.49629318125
0 0.944441265625 0.58910830625 0.9443740703125 0.5894191859375 0.9293040375 0.667192928125 0.9581882859374999 0.6675496828124999 0.97430485 0.5919164968749999 0.944441265625 0.58910830625