0 0.5140625 0.23515625 0.075 0.0421875
0 0.509375 0.3140625 0.0734375 0.0859375
0 0.503125 0.40859375 0.0734375 0.0859375
0 0.50078125 0.50390625 0.0703125 0.0828125
0 0.49765625 0.5703125 0.0625 0.0375
0 0.49375 0.628125 0.0625 0.0703125
0 0.590625 0.246875 0.0671875 0.11875
0 0.5859375 0.37890625 0.0671875 0.115625
0 0.57734375 0.5078125 0.0671875 0.1125
0 0.57265625 0.628125 0.0625 0.103125
0 0.903125 0.33828125 0.040625 0.059375
0 0.89609375 0.4140625 0.0421875 0.059375
0 0.8890625 0.46640625 0.0421875 0.040625
0 0.88203125 0.53359375 0.0421875 0.084375
0 0.865625 0.6265625 0.0375 0.0828125
0 0.41171875 0.23984375 0.0703125 0.09375
0 0.40703125 0.33984375 0.0703125 0.0859375
0 0.40625 0.428125 0.065625 0.053125
0 0.403125 0.553125 0.084375 0.0359375
0 0.40390625 0.6109375 0.0796875 0.05625
0 0.4046875 0.71171875 0.0734375 0.103125
0 0.315625 0.5640625 0.078125 0.1171875
0 0.3203125 0.69765625 0.071875 0.0984375
0 0.95546875 0.334375 0.034375 0.096875
0 0.94140625 0.43828125 0.034375 0.0953125
0 0.92890625 0.534375 0.028125 0.0796875
0 0.9125 0.62578125 0.0359375 0.0703125
0 0.953125 0.62890625 0.0296875 0.065625
0 0.96953125 0.5421875 0.03125 0.075
0 0.98203125 0.45234375 0.0296875 0.084375
0 0.9890625 0.35078125 0.021875 0.0859375