0 0.2453125 0.16875 0.43984375 0.06484375
0 0.76015625 0.16171875 0.4796875 0.07109375
0 0.07890625 0.32890625 0.05546875 0.03125
0 0.14765625 0.3234375 0.0359375 0.01796875
0 0.7234375 0.43203125 0.4578125 0.078125
0 0.2234375 0.42265625 0.41484375 0.0734375
0 0.559375 0.67109375 0.1875 0.07109375
0 0.86640625 0.684375 0.07578125 0.0671875
0 0.98828125 0.69140625 0.0234375 0.0703125
0 0.815625 0.97734375 0.06953125 0.0359375
0 0.33046875 0.7421875 0.6609375 0.4578125
0 0.9671875 0.97578125 0.065625 0.0109375