0 0.046875 0.03125 0.09375 0.0625
0 0.42265625 0.03125 0.046875 0.05390625
0 0.515625 0.0234375 0.1046875 0.02265625
0 0.6515625 0.02578125 0.0890625 0.02265625
0 0.8625 0.03359375 0.109375 0.01796875
0 0.5265625 0.18828125 0.0625 0.03828125
0 0.68515625 0.18828125 0.0265625 0.0359375
0 0.83046875 0.16171875 0.1359375 0.05390625
0 0.85390625 0.2765625 0.13828125 0.0828125
0 0.45625 0.23203125 0.046875 0.05390625
0 0.09296875 0.578125 0.18515625 0.13828125
0 0.27109375 0.50546875 0.03984375 0.06484375
0 0.57265625 0.35390625 0.11171875 0.0265625
0 0.14140625 0.90390625 0.1984375 0.1828125
0 0.60546875 0.6546875 0.7890625 0.553125
0 0.06953125 0.30546875 0.13828125 0.0890625
0 0.7890625 0.2421875 0.0203125 0.01796875