0 0.9046875 0.85859375 0.190625 0.0578125
0 0.2859375 0.61796875 0.24140625 0.14296875
0 0.553125 0.609375 0.89375 0.215625
0 0.31484375 0.56953125 0.01328125 0.02421875
0 0.19609375 0.61796875 0.03359375 0.03359375
0 0.03203125 0.69140625 0.0640625 0.0578125
0 0.32109375 0.37734375 0.04921875 0.015625
0 0.40078125 0.375 0.03984375 0.0109375
0 0.32578125 0.40390625 0.05390625 0.03828125
0 0.01484375 0.2578125 0.02890625 0.02890625
0 0.07578125 0.26484375 0.03359375 0.03984375
0 0.171875 0.246875 0.0265625 0.01796875
0 0.215625 0.24921875 0.02421875 0.02265625
0 0.29453125 0.24921875 0.046875 0.01796875
0 0.03125 0.065625 0.04453125 0.0359375
0 0.1796875 0.0859375 0.03125 0.02421875
0 0.2625 0.09921875 0.04453125 0.015625