0 0.871875 0.0359375 0.1671875 0.0265625
0 0.11484375 0.2546875 0.2296875 0.0625
0 0.35703125 0.24453125 0.140625 0.05546875
0 0.671875 0.2078125 0.05546875 0.0421875
0 0.5671875 0.20234375 0.05546875 0.0359375
0 0.35625 0.17109375 0.09140625 0.05390625
0 0.128125 0.0453125 0.25625 0.05625
0 0.7140625 0.034375 0.10234375 0.02265625
0 0.37734375 0.04609375 0.14296875 0.05546875
0 0.846875 0.21953125 0.0671875 0.0421875
0 0.55546875 0.3625 0.05546875 0.02421875
0 0.6640625 0.38203125 0.08671875 0.03359375
0 0.12421875 0.440625 0.22109375 0.05390625
0 0.33046875 0.41875 0.13203125 0.08046875
0 0.4640625 0.61640625 0.9265625 0.42421875
0 0.93984375 0.6328125 0.1203125 0.0671875
0 0.92109375 0.97734375 0.09609375 0.04453125
0 0.94609375 0.7765625 0.05390625 0.03828125
0 0.953125 0.84375 0.09375 0.09140625
0 0.90859375 0.93203125 0.04453125 0.03359375