0 0.309375 0.02890625 0.078125 0.00859375
0 0.20546875 0.028125 0.08671875 0.00703125
0 0.45390625 0.14375 0.0515625 0.015625
0 0.49921875 0.16328125 0.17421875 0.046875
0 0.325 0.190625 0.0265625 0.03984375
0 0.19296875 0.18515625 0.0515625 0.03828125
0 0.09140625 0.1828125 0.05390625 0.03359375
0 0.07265625 0.22109375 0.07109375 0.04921875
0 0.215625 0.33671875 0.0890625 0.0265625
0 0.08046875 0.39375 0.0625 0.05546875
0 0.45234375 0.24453125 0.046875 0.0203125
0 0.503125 0.26875 0.15859375 0.0671875
0 0.84453125 0.22890625 0.31015625 0.0828125
0 0.5 0.42265625 1 0.10703125
0 0.8625 0.7453125 0.27421875 0.05546875
0 0.62734375 0.809375 0.07109375 0.13359375
0 0.28203125 0.92421875 0.5640625 0.1515625