0 0.53359375 0.64609375 0.03125 0.00859375
0 0.78515625 0.67109375 0.4296875 0.0546875
0 0.4109375 0.71640625 0.82109375 0.5578125
0 0.06328125 0.415625 0.1265625 0.05
0 0.359375 0.4421875 0.37734375 0.0671875
0 0.80078125 0.45 0.3984375 0.06875
0 0.40625 0.31796875 0.06953125 0.03828125
0 0.2609375 0.309375 0.16953125 0.02890625
0 0.06953125 0.21015625 0.13828125 0.0515625
0 0.2765625 0.17734375 0.171875 0.0265625
0 0.425 0.1765625 0.07109375 0.02421875
0 0.3828125 0.2140625 0.3859375 0.0578125
0 0.6796875 0.17109375 0.078125 0.01328125
0 0.81875 0.215625 0.3625 0.059375