0 0.06015625 0.21640625 0.09140625 0.046875
0 0.19453125 0.1984375 0.1609375 0.015625
0 0.04375 0.40703125 0.07109375 0.0625
0 0.471875 0.73359375 0.9375 0.5265625
0 0.37265625 0.22734375 0.0734375 0.0515625
0 0.49921875 0.23359375 0.1046875 0.05546875
0 0.33515625 0.45234375 0.0625 0.0625
0 0.44765625 0.4734375 0.11640625 0.0625
0 0.63203125 0.23671875 0.1203125 0.0625
0 0.59296875 0.48359375 0.10703125 0.05390625
0 0.85234375 0.2421875 0.19609375 0.06484375
0 0.81171875 0.503125 0.203125 0.0890625
0 0.96796875 0.51015625 0.0625 0.0515625
0 0.95625 0.79140625 0.08671875 0.0515625
0 0.22734375 0.42734375 0.01796875 0.0515625
0 0.17421875 0.40859375 0.03984375 0.02890625
0 0.2375 0.01484375 0.1296875 0.02890625
0 0.40625 0.01015625 0.07109375 0.0203125
0 0.090625 0.01796875 0.078125 0.03359375