0 0.48359375 0.7484375 0.9671875 0.503125
0 0.971875 0.84296875 0.05546875 0.06953125
0 0.92421875 0.52578125 0.1515625 0.10703125
0 0.55234375 0.496875 0.1203125 0.06953125
0 0.43828125 0.46953125 0.05546875 0.0625
0 0.2765625 0.42109375 0.03984375 0.03125
0 0.31484375 0.21953125 0.13203125 0.05390625
0 0.6203125 0.234375 0.11171875 0.0625
0 0.76328125 0.24453125 0.1296875 0.07109375
0 0.9515625 0.25078125 0.096875 0.0734375
0 0.71171875 0.50546875 0.11171875 0.06953125
0 0.4875 0.23125 0.06484375 0.0578125
0 0.16953125 0.21796875 0.0734375 0.046875
0 0.32734375 0.00859375 0.08671875 0.0109375
0 0.19765625 0.0125 0.0734375 0.02421875
0 0.13984375 0.41484375 0.0671875 0.07578125