0 0.93515625 0.70546875 0.1296875 0.1984375
0 0.8875 0.3546875 0.1828125 0.06015625
0 0.7234375 0.3828125 0.11171875 0.02265625
0 0.58125 0.4015625 0.13359375 0.02421875
0 0.42109375 0.41953125 0.16328125 0.02890625
0 0.2109375 0.18828125 0.05390625 0.06015625
0 0.11171875 0.18046875 0.08046875 0.03359375
0 0.371875 0.184375 0.13828125 0.06953125
0 0.52890625 0.18046875 0.14921875 0.07109375
0 0.66640625 0.1640625 0.11171875 0.078125
0 0.8515625 0.1296875 0.1828125 0.078125
0 0.98203125 0.11953125 0.0359375 0.06484375
0 0.25703125 0.71015625 0.21015625 0.07578125
0 0.0734375 0.7 0.1453125 0.0578125