0 0.4640625 0.64765625 0.928125 0.4578125
0 0.04375 0.34921875 0.08515625 0.03125
0 0.371875 0.3078125 0.13828125 0.05546875
0 0.72734375 0.278125 0.54453125 0.12265625
0 0.03671875 0.190625 0.0515625 0.03828125
0 0.184375 0.03828125 0.1046875 0.0203125
0 0.5234375 0.03984375 0.1984375 0.01796875
0 0.9671875 0.65546875 0.065625 0.0546875
0 0.41328125 0.15859375 0.078125 0.03359375
0 0.4375 0.17734375 0.27265625 0.05546875
0 0.39609375 0.2625 0.0734375 0.02890625
0 0.06796875 0.03828125 0.0828125 0.01796875
0 0.18046875 0.19765625 0.03984375 0.0359375