0 0.76796875 0.0359375 0.14296875 0.07109375
0 0.91953125 0.08359375 0.1609375 0.1359375
0 0.2140625 0.090625 0.11171875 0.0515625
0 0.32734375 0.14375 0.11171875 0.0515625
0 0.4421875 0.19296875 0.10703125 0.04921875
0 0.6203125 0.24296875 0.1875 0.10078125
0 0.83515625 0.33359375 0.203125 0.1140625
0 0.96328125 0.40546875 0.07109375 0.0828125
0 0.75546875 0.6140625 0.15859375 0.10078125
0 0.88828125 0.675 0.13203125 0.0890625
0 0.34765625 0.61328125 0.6953125 0.7734375
0 0.078125 0.25859375 0.15625 0.08671875