0 0.87578125 0.0390625 0.0984375 0.015625
0 0.7578125 0.14375 0.05390625 0.015625
0 0.79765625 0.16328125 0.1984375 0.046875
0 0.75234375 0.24921875 0.04921875 0.0046875
0 0.59921875 0.0359375 0.09140625 0.02265625
0 0.4921875 0.0359375 0.0828125 0.01796875
0 0.325 0.0421875 0.07578125 0.04453125
0 0.2109375 0.04375 0.0515625 0.05390625
0 0.215625 0.23671875 0.046875 0.046875
0 0.22421875 0.1953125 0.0265625 0.00703125
0 0.33046875 0.22109375 0.0734375 0.04921875
0 0.375 0.1828125 0.04921875 0.03125
0 0.46953125 0.18515625 0.046875 0.0359375
0 0.60390625 0.18828125 0.02890625 0.0359375
0 0.390625 0.32578125 0.0515625 0.015625
0 0.48671875 0.340625 0.08671875 0.03359375
0 0.8 0.2734375 0.1875 0.06953125
0 0.971875 0.2390625 0.05546875 0.02265625
0 0.2296875 0.3671875 0.02421875 0.02265625
0 0.33046875 0.38203125 0.06484375 0.03359375
0 0.22421875 0.41171875 0.0421875 0.03125
0 0.01875 0.459375 0.0375 0.03125
0 0.5 0.4265625 1 0.11796875
0 0.80390625 0.7703125 0.34609375 0.07109375
0 0.4421875 0.81796875 0.15859375 0.14296875
0 0.16015625 0.93359375 0.3203125 0.1328125