0 0.08046875 0.72734375 0.15859375 0.11640625
0 0.9125 0.83203125 0.175 0.0796875
0 0.5 0.4109375 1 0.0828125
0 0.08671875 0.2734375 0.1734375 0.06875
0 0.08671875 0.27578125 0.1734375 0.0578125
0 0.35703125 0.26484375 0.24296875 0.0671875
0 0.65390625 0.24296875 0.19609375 0.0625
0 0.8625 0.22734375 0.109375 0.05390625
0 0.89921875 0.15703125 0.02265625 0.01796875
0 0.9875 0.18671875 0.02421875 0.03125
0 0.71015625 0.40859375 0.0578125 0.02265625
0 0.846875 0.3984375 0.0984375 0.0578125
0 0.0828125 0.03671875 0.16484375 0.06484375
0 0.33125 0.03984375 0.2140625 0.06015625
0 0.8703125 0.04453125 0.10703125 0.04921875
0 0.6765625 0.0421875 0.17890625 0.05546875