0 0.10703125 0.04140625 0.21015625 0.0828125
0 0.05703125 0.3625 0.1140625 0.0578125
0 0.2140625 0.28359375 0.2078125 0.1140625
0 0.43046875 0.20859375 0.1765625 0.109375
0 0.690625 0.109375 0.3078125 0.1609375
0 0.9265625 0.02109375 0.1046875 0.0421875
0 0.35078125 0.52578125 0.17890625 0.10078125
0 0.54453125 0.440625 0.18046875 0.1140625
0 0.82890625 0.32890625 0.33671875 0.24140625
0 0.70546875 0.6953125 0.21015625 0.15625
0 0.7546875 0.9015625 0.28828125 0.19609375
0 0.82890625 0.51796875 0.11171875 0.0734375