0 0.08515625 0.13515625 0.16953125 0.0890625
0 0.23125 0.08125 0.11640625 0.05390625
0 0.4453125 0.04765625 0.21015625 0.09375
0 0.6484375 0.02890625 0.1359375 0.0578125
0 0.8359375 0.015625 0.1046875 0.03125
0 0.91484375 0.203125 0.16953125 0.0828125
0 0.95546875 0.23671875 0.0890625 0.04921875
0 0.721875 0.24921875 0.1609375 0.0828125
0 0.51796875 0.29453125 0.1984375 0.0828125
0 0.346875 0.34140625 0.14296875 0.03984375
0 0.184375 0.378125 0.16953125 0.046875
0 0.0421875 0.4046875 0.084375 0.028125
0 0.9609375 0.2234375 0.078125 0.1046875
0 0.89140625 0.47109375 0.21640625 0.10703125