0 0.10859375 0.04453125 0.21640625 0.0890625
0 0.06171875 0.378125 0.12265625 0.13828125
0 0.30234375 0.23359375 0.3234375 0.22109375
0 0.59375 0.0734375 0.234375 0.146875
0 0.753125 0.84296875 0.15625 0.19609375
0 0.64296875 0.50546875 0.16328125 0.13359375
0 0.771875 0.33984375 0.45625 0.3828125
0 0.059375 0.74140625 0.11796875 0.11796875
0 0.20078125 0.625 0.19453125 0.17421875
0 0.34140625 0.52109375 0.08671875 0.0890625
0 0.5046875 0.41640625 0.12734375 0.1140625
0 0.8046875 0.6296875 0.08515625 0.08671875