0 0.68984375 0.40078125 0.109375 0.0890625
0 0.85078125 0.3984375 0.0515625 0.0265625
0 0.9171875 0.40078125 0.03359375 0.0265625
0 0.671875 0.21015625 0.125 0.0578125
0 0.84140625 0.1921875 0.1671875 0.00859375
0 0.903125 0.22421875 0.04921875 0.0203125
0 0.9875 0.21875 0.02421875 0.04921875
0 0.64609375 0.0125 0.0984375 0.02421875
0 0.84140625 0.01484375 0.15390625 0.00703125
0 0.9828125 0.015625 0.034375 0.01875
0 0.89609375 0.51875 0.2078125 0.02421875
0 0.58125 0.72578125 0.83671875 0.42890625