0 0.3671875 0.0109375 0.20625 0.021875
0 0.64609375 0.01484375 0.25859375 0.02890625
0 0.9125 0.01640625 0.171875 0.0328125
0 0.909375 0.19765625 0.17890625 0.046875
0 0.64765625 0.20234375 0.25234375 0.046875
0 0.31171875 0.20859375 0.27890625 0.046875
0 0.06328125 0.21015625 0.1265625 0.0546875
0 0.07109375 0.41640625 0.1421875 0.0515625
0 0.33046875 0.409375 0.28828125 0.05390625
0 0.64765625 0.390625 0.2453125 0.0515625
0 0.91171875 0.38046875 0.1765625 0.0578125
0 0.5 0.46015625 1 0.11171875
0 0.5 0.88984375 1 0.19453125
0 0.2296875 0.3015625 0.10234375 0.02421875
0 0.2234375 0.17265625 0.1046875 0.02421875