0 0.90390625 0.7109375 0.1921875 0.10234375
0 0.66171875 0.63828125 0.12265625 0.07578125
0 0.8265625 0.390625 0.346875 0.11875
0 0.54765625 0.32265625 0.20546875 0.07109375
0 0.33359375 0.28046875 0.1921875 0.0734375
0 0.15859375 0.25234375 0.10703125 0.03125
0 0.046875 0.22578125 0.09375 0.02890625
0 0.090625 0.0265625 0.109375 0.053125
0 0.21953125 0.03828125 0.09609375 0.07578125
0 0.409375 0.05 0.18515625 0.09140625
0 0.61484375 0.08515625 0.2234375 0.10078125
0 0.8796875 0.1328125 0.2390625 0.10703125
0 0.34296875 0.6203125 0.68515625 0.75859375