0 0.61484375 0.2265625 0.0578125 0.02265625
0 0.5390625 0.19296875 0.1875 0.01328125
0 0.74453125 0.221875 0.1046875 0.0515625
0 0.87265625 0.221875 0.12265625 0.046875
0 0.97265625 0.21484375 0.0546875 0.0328125
0 0.846875 0.01015625 0.09609375 0.01796875
0 0.7265625 0.0046875 0.10703125 0.00859375
0 0.5234375 0.0046875 0.1515625 0.00703125
0 0.3203125 0.0078125 0.06484375 0.015625
0 0.37734375 0.41328125 0.13359375 0.10234375
0 0.34609375 0.2109375 0.14921875 0.0625
0 0.5578125 0.41171875 0.0578125 0.0265625
0 0.6359375 0.41328125 0.0359375 0.0265625
0 0.7609375 0.421875 0.09375 0.0203125
0 0.88359375 0.43828125 0.1296875 0.05390625
0 0.97890625 0.43671875 0.0421875 0.05390625
0 0.95625 0.5109375 0.08671875 0.0359375
0 0.76015625 0.53203125 0.2703125 0.0421875
0 0.57265625 0.765625 0.8546875 0.46875