0 0.02890625 0.01484375 0.0578125 0.02890625
0 0.315625 0.04140625 0.35703125 0.07109375
0 0.67890625 0.0734375 0.2453125 0.06015625
0 0.928125 0.096875 0.14375 0.046875
0 0.93828125 0.27890625 0.12265625 0.0421875
0 0.70625 0.28203125 0.2390625 0.04921875
0 0.346875 0.28984375 0.328125 0.0625
0 0.05703125 0.29609375 0.1140625 0.06953125
0 0.07265625 0.55703125 0.1453125 0.08671875
0 0.39140625 0.5234375 0.328125 0.08515625
0 0.7390625 0.48515625 0.21640625 0.0734375
0 0.95546875 0.46015625 0.0890625 0.05390625
0 0.55546875 0.50078125 0.0828125 0.07109375
0 0.815625 0.51796875 0.36796875 0.06953125
0 0.56796875 0.66875 0.23203125 0.0828125
0 0.71640625 0.76796875 0.5671875 0.12734375
0 0.66171875 0.60234375 0.21875 0.05546875