0 0.05390625 0.01015625 0.10703125 0.0203125
0 0.29296875 0.01640625 0.2015625 0.0328125
0 0.52890625 0.0203125 0.171875 0.03984375
0 0.7 0.0265625 0.0625 0.0359375
0 0.778125 0.0265625 0.06484375 0.0265625
0 0.86484375 0.03203125 0.02421875 0.02265625
0 0.87421875 0.184375 0.0421875 0.0203125
0 0.7765625 0.190625 0.06484375 0.03359375
0 0.69609375 0.1953125 0.04921875 0.03984375
0 0.53203125 0.2 0.16953125 0.046875
0 0.28828125 0.20625 0.2296875 0.05390625
0 0.06015625 0.21015625 0.1203125 0.0515625
0 0.06953125 0.41484375 0.13828125 0.0578125
0 0.3015625 0.39609375 0.22109375 0.0671875
0 0.54375 0.37421875 0.15859375 0.05546875
0 0.69765625 0.346875 0.0359375 0.02421875
0 0.78125 0.346875 0.06015625 0.046875
0 0.5 0.4484375 1 0.10078125
0 0.5 0.878125 1 0.24296875