0 0.09609375 0.50546875 0.1921875 0.0421875
0 0.36171875 0.496875 0.19453125 0.00859375
0 0.4921875 0.49296875 0.06484375 0.01796875
0 0.60390625 0.5078125 0.1609375 0.04921875
0 0.7578125 0.49765625 0.12265625 0.2140625
0 0.675 0.39140625 0.07109375 0.05390625
0 0.80546875 0.39921875 0.03828125 0.0265625
0 0.86171875 0.4171875 0.0203125 0.046875
0 0.96328125 0.43671875 0.07109375 0.0578125
0 0.9140625 0.47421875 0.171875 0.0265625
0 0.97734375 0.22578125 0.04453125 0.0515625
0 0.828125 0.21640625 0.13828125 0.04921875
0 0.68515625 0.2140625 0.0890625 0.04453125
0 0.70625 0.02109375 0.08046875 0.03828125
0 0.85390625 0.01875 0.1328125 0.0375
0 0.98828125 0.01796875 0.0234375 0.0203125
0 0.20625 0.93984375 0.4125 0.1171875