0 0.49140625 0.7453125 0.9796875 0.5046875
0 0.12265625 0.2109375 0.0734375 0.02890625
0 0.096875 0.39765625 0.0671875 0.0265625
0 0.26875 0.21953125 0.1359375 0.05546875
0 0.440625 0.23125 0.07578125 0.05546875
0 0.23203125 0.41875 0.0421875 0.03359375
0 0.39609375 0.465625 0.06484375 0.06484375
0 0.57265625 0.2390625 0.1140625 0.06015625
0 0.5125 0.49140625 0.12265625 0.0671875
0 0.71171875 0.24296875 0.1296875 0.0671875
0 0.92265625 0.24921875 0.15390625 0.07109375
0 0.89453125 0.52734375 0.2109375 0.1015625
0 0.984375 0.82109375 0.03125 0.03984375
0 0.1484375 0.015625 0.07578125 0.03125
0 0.30234375 0.0109375 0.1359375 0.021875
0 0.65390625 0.5 0.08046875 0.07109375