0 0.128125 0.02890625 0.25625 0.0578125
0 0.46328125 0.05703125 0.25 0.0671875
0 0.72421875 0.0828125 0.15625 0.05390625
0 0.89296875 0.09375 0.05390625 0.03359375
0 0.1515625 0.28046875 0.303125 0.0578125
0 0.49765625 0.2765625 0.25 0.05390625
0 0.753125 0.27265625 0.1515625 0.0515625
0 0.90859375 0.26328125 0.0421875 0.0265625
0 0.9734375 0.2609375 0.03984375 0.0265625
0 0.1796875 0.54375 0.35703125 0.109375
0 0.53828125 0.49140625 0.2234375 0.08046875
0 0.7859375 0.45546875 0.1359375 0.0625
0 0.9296875 0.425 0.02421875 0.02421875
0 0.7921875 0.51328125 0.41484375 0.08671875
0 0.54453125 0.715625 0.30546875 0.1359375
0 0.74296875 0.79765625 0.51328125 0.12265625
0 0.95859375 0.10234375 0.046875 0.02421875