0 0.1640625 0.01484375 0.27265625 0.02890625
0 0.5015625 0.01875 0.190625 0.0375
0 0.734375 0.02578125 0.1875 0.0421875
0 0.91640625 0.0265625 0.06953125 0.02421875
0 0.1640625 0.2140625 0.28984375 0.0515625
0 0.4765625 0.2109375 0.2390625 0.0515625
0 0.73359375 0.20546875 0.18046875 0.04453125
0 0.91953125 0.20078125 0.03359375 0.03984375
0 0.9796875 0.19296875 0.03984375 0.02421875
0 0.1765625 0.41640625 0.28359375 0.06015625
0 0.73671875 0.38203125 0.171875 0.06015625
0 0.90546875 0.35625 0.0421875 0.02421875
0 0.98046875 0.35859375 0.0390625 0.0421875
0 0.48203125 0.39296875 0.2296875 0.04921875
0 0.5 0.4765625 1 0.140625
0 0.5 0.89609375 1 0.2078125