0 0.4375 0.71328125 0.875 0.54921875
0 0.2265625 0.43984375 0.35703125 0.06484375
0 0.17265625 0.32265625 0.2390625 0.04453125
0 0.63828125 0.44609375 0.3796875 0.0625
0 0.94296875 0.45078125 0.1140625 0.06015625
0 0.93203125 0.6640625 0.1359375 0.04453125
0 0.64765625 0.659375 0.38203125 0.04921875
0 0.00859375 0.21796875 0.0171875 0.0484375
0 0.18515625 0.18203125 0.24296875 0.0265625
0 0.2453125 0.22109375 0.3640625 0.0578125
0 0.67109375 0.22109375 0.37734375 0.06015625
0 0.9609375 0.221875 0.078125 0.06015625