0 0.9875 0.63203125 0.02421875 0.05390625
0 0.9796875 0.70078125 0.03984375 0.046875
0 0.89296875 0.6375 0.13828125 0.05546875
0 0.9203125 0.40234375 0.159375 0.1015625
0 0.47734375 0.67578125 0.9546875 0.4390625
0 0.31015625 0.4734375 0.03828125 0.00859375
0 0.24296875 0.48203125 0.02421875 0.00703125
0 0.15625 0.5 0.0890625 0.02890625
0 0.046875 0.35703125 0.03984375 0.02421875
0 0.13828125 0.35390625 0.0671875 0.03359375
0 0.2375 0.3484375 0.02421875 0.03359375
0 0.31015625 0.34296875 0.0515625 0.03359375
0 0.31015625 0.29921875 0.05390625 0.00703125
0 0.425 0.3125 0.0984375 0.01796875
0 0.43671875 0.1828125 0.10078125 0.0203125
0 0.31328125 0.184375 0.06484375 0.0265625
0 0.24453125 0.19609375 0.04453125 0.02890625
0 0.1375 0.1984375 0.06953125 0.0359375
0 0.0515625 0.20078125 0.05546875 0.03984375
0 0.059375 0.02578125 0.0671875 0.0265625
0 0.15390625 0.03046875 0.0578125 0.02421875
0 0.2421875 0.0359375 0.02890625 0.02421875
0 0.32109375 0.0390625 0.06953125 0.0265625
0 0.45234375 0.04375 0.11796875 0.02265625
0 0.94609375 0.096875 0.10703125 0.078125