0 0.028125 0.04921875 0.05546875 0.078125
0 0.2078125 0.14375 0.30390625 0.05546875
0 0.5578125 0.15078125 0.3078125 0.0578125
0 0.8625 0.13359375 0.203125 0.0984375
0 0.690625 0.07890625 0.06484375 0.04921875
0 0.596875 0.0546875 0.0515625 0.0421875
0 0.49453125 0.0515625 0.11171875 0.03359375
0 0.17421875 0.37734375 0.28359375 0.0515625
0 0.5078125 0.3875 0.29453125 0.05546875
0 0.73984375 0.36484375 0.06953125 0.08671875
0 0.15078125 0.59921875 0.3015625 0.203125
0 0.76484375 0.30546875 0.0625 0.0421875