0 0.04375 0.2609375 0.08671875 0.08046875
0 0.18828125 0.25 0.1765625 0.08046875
0 0.3390625 0.21171875 0.1140625 0.07578125
0 0.5390625 0.1640625 0.1921875 0.0890625
0 0.73359375 0.13203125 0.14296875 0.08515625
0 0.92734375 0.1046875 0.1453125 0.0890625
0 0.09453125 0.52421875 0.1890625 0.0515625
0 0.284375 0.48515625 0.16328125 0.046875
0 0.44296875 0.45 0.1296875 0.03828125
0 0.60625 0.40546875 0.1875 0.08046875
0 0.8 0.359375 0.14921875 0.078125
0 0.9515625 0.31875 0.096875 0.0625
0 0.0515625 0.846875 0.10234375 0.078125
0 0.92578125 0.50703125 0.1484375 0.0421875