0 0.13984375 0.184375 0.0359375 0.02265625
0 0.090625 0.18515625 0.03984375 0.0265625
0 0.03359375 0.17890625 0.0578125 0.046875
0 0.10703125 0.171875 0.2140625 0.0671875
0 0.50703125 0.16875 0.4890625 0.0734375
0 0.90625 0.1640625 0.1875 0.07109375
0 0.8796875 0.4484375 0.21171875 0.07578125
0 0.4796875 0.4328125 0.46171875 0.08046875
0 0.440625 0.3359375 0.0578125 0.03125
0 0.36171875 0.33515625 0.01796875 0.02890625
0 0.2890625 0.33046875 0.06484375 0.02421875
0 0.175 0.33515625 0.04453125 0.0359375
0 0.128125 0.34375 0.03359375 0.03359375
0 0.08125 0.359375 0.0421875 0.0421875
0 0.02578125 0.37578125 0.0515625 0.0421875
0 0.09375 0.421875 0.1875 0.06015625
0 0.04921875 0.53125 0.0625 0.04453125
0 0.26640625 0.76015625 0.5328125 0.4765625
0 0.59375 0.68828125 0.14921875 0.06484375
0 0.83671875 0.70859375 0.19609375 0.0734375
0 0.58359375 0.984375 0.0734375 0.01796875