0 0.0578125 0.125 0.115625 0.1
0 0.22109375 0.08515625 0.171875 0.11171875
0 0.5265625 0.046875 0.31953125 0.09375
0 0.9046875 0.14296875 0.190625 0.0984375
0 0.61796875 0.25 0.3171875 0.14921875
0 0.34296875 0.34296875 0.18515625 0.1046875
0 0.11171875 0.41484375 0.2234375 0.1140625
0 0.409375 0.61640625 0.10078125 0.0734375
0 0.246875 0.67890625 0.2296875 0.11640625
0 0.83359375 0.31015625 0.3328125 0.22109375
0 0.88828125 0.4375 0.0890625 0.0515625
0 0.83203125 0.7984375 0.3359375 0.19375
0 0.73515625 0.6171875 0.2609375 0.1765625