0 0.01640625 0.17734375 0.0328125 0.0578125
0 0.18984375 0.17734375 0.19609375 0.06015625
0 0.6921875 0.17734375 0.3484375 0.0625
0 0.96484375 0.17890625 0.0703125 0.0578125
0 0.96328125 0.38046875 0.0734375 0.0359375
0 0.94765625 0.41171875 0.1046875 0.06015625
0 0.65625 0.4109375 0.3390625 0.06484375
0 0.00703125 0.39921875 0.01328125 0.03359375
0 0.16953125 0.41328125 0.1921875 0.0625
0 0.625 0.628125 0.3234375 0.0625
0 0.9296875 0.6046875 0.140625 0.0984375
0 0.48203125 0.7296875 0.9640625 0.4578125