0 0.83828125 0.66875 0.3234375 0.12734375
0 0.79765625 0.5703125 0.25234375 0.0671875
0 0.91484375 0.51796875 0.16953125 0.03359375
0 0.921875 0.4453125 0.09609375 0.1203125
0 0.9015625 0.42421875 0.19609375 0.0578125
0 0.67421875 0.434375 0.14921875 0.0578125
0 0.46796875 0.45625 0.20546875 0.078125
0 0.2453125 0.48203125 0.11796875 0.06953125
0 0.0890625 0.4984375 0.178125 0.075
0 0.059375 0.221875 0.11796875 0.06015625
0 0.1984375 0.21953125 0.1296875 0.0625
0 0.4328125 0.21796875 0.21171875 0.06484375
0 0.640625 0.2140625 0.16328125 0.0578125
0 0.88828125 0.2109375 0.2234375 0.05390625
0 0.94296875 0.00859375 0.1140625 0.0171875