0 0.10625 0.02890625 0.21171875 0.0578125
0 0.3203125 0.0390625 0.18984375 0.0625
0 0.65703125 0.06484375 0.29921875 0.06484375
0 0.9328125 0.08515625 0.13359375 0.046875
0 0.94140625 0.2859375 0.1171875 0.046875
0 0.6609375 0.29140625 0.30390625 0.05546875
0 0.3625 0.29375 0.18515625 0.0625
0 0.12734375 0.29609375 0.22734375 0.0671875
0 0.16953125 0.55234375 0.22109375 0.0890625
0 0.4015625 0.51640625 0.1515625 0.04453125
0 0.69765625 0.49921875 0.30390625 0.0578125
0 0.959375 0.47578125 0.08125 0.0359375
0 0.6828125 0.52265625 0.125 0.1359375
0 0.84609375 0.51640625 0.3078125 0.04453125
0 0.54375 0.64375 0.27421875 0.07578125
0 0.68984375 0.78203125 0.6203125 0.2296875
0 0.69609375 0.58515625 0.23671875 0.046875